
[NumberOfWaves] 1053
=================================
0.00239677      11.9048      2.76837      1.13259
0.00250965      11.9048      2.76837      1.25952
0.00259319      11.9048       3.1415      4.51972
0.00264452      11.9048       3.1415      2.78254
0.00266183      11.9048       3.1415      5.31223
0.00264452      11.9048       3.1415      2.44905
0.00259319      11.9048       3.1415      5.26234
0.00250965      11.9048      3.51463      4.70231
0.00239677      11.9048      3.51463       3.6684
0.00267067      11.7647      2.77315      1.00888
0.00280431      11.7647      2.77315       3.3227
0.00290345      11.7647       3.1415      2.90696
0.00296445      11.7647       3.1415      2.38467
0.00298504      11.7647       3.1415     0.585764
0.00296445      11.7647       3.1415      1.62821
0.00290345      11.7647       3.1415      2.11006
0.00280431      11.7647      3.50985      2.35683
0.00267067      11.7647      3.50985     0.918949
0.00295233      11.6279      2.77782      1.99027
0.00310919      11.6279      2.77782      1.76694
0.00322585      11.6279       3.1415      5.15284
0.00329775      11.6279       3.1415      2.14935
0.00332204      11.6279       3.1415      5.47879
0.00329775      11.6279       3.1415      1.68403
0.00322585      11.6279       3.1415      4.87204
0.00310919      11.6279      3.50518      3.82766
0.00295233      11.6279      3.50518     0.112898
0.00323959      11.4943      2.78237       4.4076
0.00342224      11.4943      2.78237    0.0989717
0.00355844      11.4943       3.1415       4.2969
0.00364253      11.4943       3.1415      5.51586
0.00367096      11.4943       3.1415      2.71304
0.00364253      11.4943       3.1415      3.96673
0.00355844      11.4943       3.1415      3.68209
0.00342224      11.4943      3.50063      1.42882
0.00323959      11.4943      3.50063      4.92999
0.00353031      11.3636      2.78683      1.80722
0.00374139      11.3636      2.78683      5.80785
0.00389923      11.3636       3.1415      1.87532
0.00399686      11.3636       3.1415      3.36959
0.0040299      11.3636       3.1415      2.09631
0.00399686      11.3636       3.1415      1.49092
0.00389923      11.3636      3.49617      3.42574
0.00374139      11.3636      3.49617     0.676589
0.00353031      11.3636      3.49617     0.861747
0.00382234       11.236      2.79118     0.593288
0.00406458       11.236      2.79118      1.95328
0.00424624       11.236      2.79118      5.10579
0.00435882       11.236       3.1415      3.22668
0.00439696       11.236       3.1415      5.44407
0.00435882       11.236       3.1415       6.1604
0.00424624       11.236      3.49182      2.05236
0.00406458       11.236      3.49182      1.37985
0.00382234       11.236      3.49182        3.256
0.00411362      11.1111      2.79543      2.21794
0.0043898      11.1111      2.79543      5.40009
0.00459753      11.1111      2.79543      1.63371
0.00472652      11.1111       3.1415       5.3011
0.00477026      11.1111       3.1415      3.66174
0.00472652      11.1111       3.1415      4.52002
0.00459753      11.1111      3.48757      2.15836
0.0043898      11.1111      3.48757     0.058268
0.00411362      11.1111      3.48757      1.20914
0.0044022       10.989      2.79959      3.18792
0.00471512       10.989      2.79959     0.152311
0.00495123       10.989      2.79959      3.45591
0.00509816       10.989       3.1415      1.73526
0.00514803       10.989       3.1415      4.37448
0.00509816       10.989       3.1415      5.53754
0.00495123       10.989      3.48341     0.155073
0.00471512       10.989      3.48341       2.1438
0.0044022       10.989      3.48341      2.64769
0.00468626      10.8696      2.80366      0.50271
0.00503877      10.8696      2.80366      0.49858
0.00530563      10.8696      2.80366      0.45474
0.00547205      10.8696       3.1415      5.65684
0.00552861      10.8696       3.1415      6.09016
0.00547205      10.8696       3.1415      2.45858
0.00530563      10.8696      3.47934      1.97026
0.00503877      10.8696      3.47934      3.47647
0.00468626      10.8696      3.47934      4.97644
0.00496417      10.7527      2.80764      5.01581
0.00535913      10.7527      2.80764      5.42385
0.00565915      10.7527      2.80764       5.0136
0.00584668      10.7527       3.1415     0.040063
0.00591048      10.7527       3.1415      5.77974
0.00584668      10.7527       3.1415     0.112857
0.00565915      10.7527      3.47536     0.184824
0.00535913      10.7527      3.47536      4.47005
0.00496417      10.7527      3.47536      3.38286
0.0052345      10.6383      2.81154      3.29599
0.00567479      10.6383      2.81154      3.15557
0.00601044      10.6383      2.81154      0.41262
0.00622075      10.6383       3.1415      1.44535
0.00629238      10.6383       3.1415     0.735364
0.00622075      10.6383       3.1415      6.21873
0.00601044      10.6383      3.47146     0.443055
0.00567479      10.6383      3.47146     0.377129
0.0052345      10.6383      3.47146      4.15669
0.00549611      10.5263      2.81536      2.16171
0.0059846      10.5263      2.81536     0.807449
0.0063584      10.5263      2.81536      4.00312
0.00659319      10.5263       3.1415      4.69019
0.00667326      10.5263       3.1415      5.05949
0.00659319      10.5263       3.1415       1.6903
0.0063584      10.5263      3.46764      2.72669
0.0059846      10.5263      3.46764      2.52455
0.00549611      10.5263      3.46764      3.82096
0.00574811      10.4167       2.8191      4.83846
0.00628772      10.4167       2.8191      5.91308
0.00670224      10.4167       2.8191     0.825993
0.00696328      10.4167       3.1415      1.60671
0.00705242      10.4167       3.1415      2.37693
0.00696328      10.4167       3.1415      6.24364
0.00670224      10.4167       3.4639       2.1422
0.00628772      10.4167       3.4639      5.65189
0.00574811      10.4167       3.4639       1.4921
0.00598997      10.3093      2.82276      1.38227
0.00658362      10.3093      2.82276      6.22693
0.00704152      10.3093      2.82276      5.97579
0.00733065      10.3093       3.1415      4.00992
0.00742952      10.3093       3.1415      3.16745
0.00733065      10.3093       3.1415      2.25006
0.00704152      10.3093      3.46024      4.82818
0.00658362      10.3093      3.46024      4.92815
0.00598997      10.3093      3.46024     0.181692
0.00622151      10.2041      2.82636     0.329488
0.00687219      10.2041      2.82636      2.03204
0.00737621      10.2041      2.82636      5.02443
0.00769537      10.2041       3.1415      3.95973
0.00780466      10.2041       3.1415      6.17492
0.00769537      10.2041       3.1415     0.994283
0.00737621      10.2041      3.45664      3.87458
0.00687219      10.2041      3.45664      1.93967
0.00622151      10.2041      3.45664     0.534548
0.00644296       10.101      2.82988      5.50912
0.00715376       10.101      2.82988      3.71138
0.00770679       10.101      2.82988      1.90452
0.00805801       10.101       3.1415      1.05598
0.00817844       10.101       3.1415      2.13545
0.00805801       10.101       3.1415     0.423764
0.00770679       10.101      3.45312      4.10588
0.00715376       10.101      3.45312      1.53485
0.00644296       10.101      3.45312        4.762
0.00665502           10      2.83333      1.87871
0.00742917           10      2.83333      2.63142
0.00803426           10      2.83333     0.350794
0.00841971           10       3.1415      0.19387
0.00855209           10       3.1415      1.17228
0.00841971           10       3.1415       1.7021
0.00803426           10      3.44967     0.416207
0.00742917           10      3.44967      2.09534
0.00665502           10      3.44967     0.313557
0.0068588       9.901      2.8367     0.63652
0.0076998       9.901      2.8367     0.45156
0.0083602       9.901      2.8367      5.6831
0.0087823       9.901      3.1415       1.959
0.0089275       9.901      3.1415      3.7181
0.0087823       9.901      3.1415      2.3726
0.0083602       9.901      3.4463      5.9787
0.0076998       9.901      3.4463      4.6645
0.0068588       9.901      3.4463      5.5736
0.007056      9.8039        2.84      3.7629
0.0079675      9.8039        2.84      4.3329
0.0086869      9.8039        2.84      2.4574
0.0091482      9.8039      3.1415      1.4028
0.0093072      9.8039      3.1415     0.82471
0.0091482      9.8039      3.1415      1.0837
0.0086869      9.8039       3.443      5.8972
0.0079675      9.8039       3.443     0.21665
0.007056      9.8039       3.443      5.5263
0.0072486      9.7087      2.8433      3.2818
0.0082349      9.7087      2.8433      5.0782
0.0090174      9.7087      2.8433      2.8121
0.0095208      9.7087      3.1415      2.1773
0.0096946      9.7087      3.1415      4.7572
0.0095208      9.7087      3.1415      2.2632
0.0090174      9.7087      3.4397      3.4972
0.0082349      9.7087      3.4397      5.5838
0.0072486      9.7087      3.4397      5.2787
0.0074394      9.6154      2.8465      1.5332
0.0085051      9.6154      2.8465       2.737
0.0093552      9.6154      2.8465      5.2058
0.0099041      9.6154      3.1415     0.95943
0.010094      9.6154      3.1415      4.7622
0.0099041      9.6154      3.1415      5.5071
0.0093552      9.6154      3.4365      3.1548
0.0085051      9.6154      3.4365       3.583
0.0074394      9.6154      3.4365      5.3499
0.0076311      9.5238      2.8497      6.1865
0.0087818      9.5238      2.8497      4.9649
0.0097048      9.5238      2.8497      2.2033
0.010303      9.5238      3.1415      3.1535
0.01051      9.5238      3.1415      1.6035
0.010303      9.5238      3.1415      3.2035
0.0097048      9.5238      3.4333     0.49397
0.0087818      9.5238      3.4333     0.35122
0.0076311      9.5238      3.4333      3.9896
0.0078273       9.434      2.8527       3.876
0.0090691       9.434      2.8527      0.5119
0.010071       9.434      2.8527      3.8296
0.010723       9.434      3.1415      3.4222
0.010949       9.434      3.1415      5.3778
0.010723       9.434      3.1415       4.038
0.010071       9.434      3.4303      1.7067
0.0090691       9.434      3.4303     0.67071
0.0078273       9.434      3.4303     0.38021
0.0080313      9.3458      2.8558      3.9073
0.0093717      9.3458      2.8558      4.3923
0.010459      9.3458      2.8558      1.7274
0.01117      9.3458      3.1415      2.6512
0.011417      9.3458      3.1415      2.2985
0.01117      9.3458      3.1415      0.5162
0.010459      9.3458      3.4272     0.43836
0.0093717      9.3458      3.4272     0.75955
0.0080313      9.3458      3.4272       4.259
0.0082468      9.2593      2.8588      1.3756
0.0096941      9.2593      2.8588      1.4908
0.010876      9.2593      2.8588    0.054251
0.011651      9.2593      3.1415      4.5684
0.011921      9.2593      3.1415       3.525
0.011651      9.2593      3.1415       3.468
0.010876      9.2593      3.4242      4.6636
0.0096941      9.2593      3.4242      5.1812
0.0082468      9.2593      3.4242      2.4717
0.0084772      9.1743      2.8617     0.85413
0.010041      9.1743      2.8617      1.2299
0.011327      9.1743      2.8617      4.5256
0.012174      9.1743      3.1415      4.2073
0.012469      9.1743      3.1415     0.37604
0.012174      9.1743      3.1415      2.4144
0.011327      9.1743      3.4213      3.0864
0.010041      9.1743      3.4213      4.8641
0.0084772      9.1743      3.4213      0.9287
0.0087253      9.0909      2.8646      3.0506
0.010417      9.0909      2.8646     0.45134
0.011817      9.0909      2.8646      4.9475
0.012744      9.0909      3.1415      2.4738
0.013068      9.0909      3.1415      1.4838
0.012744      9.0909      3.1415     0.50621
0.011817      9.0909      3.4184     0.49639
0.010417      9.0909      3.4184       5.827
0.0087253      9.0909      3.4184      1.2862
0.0089935       9.009      2.8674      6.0102
0.010826       9.009      2.8674      2.1346
0.012353       9.009      2.8674      6.0315
0.013368       9.009      3.1415       2.156
0.013724       9.009      3.1415     0.39849
0.013368       9.009      3.1415      3.8482
0.012353       9.009      3.4156      3.4909
0.010826       9.009      3.4156      5.6952
0.0089935       9.009      3.4156      1.2643
0.0092829      8.9286      2.8702      4.9491
0.01127      8.9286      2.8702      2.1847
0.012937      8.9286      2.8702       6.108
0.014051      8.9286      3.1415      5.2529
0.014442      8.9286      3.1415      4.4723
0.014051      8.9286      3.1415      1.3502
0.012937      8.9286      3.4128    0.097058
0.01127      8.9286      3.4128      1.3197
0.0092829      8.9286      3.4128      3.3706
0.0095929      8.8496      2.8729     0.68144
0.011749      8.8496      2.8729      5.3642
0.013572      8.8496      2.8729      5.7229
0.014796      8.8496      3.1415      2.0968
0.015228      8.8496      3.1415      2.9476
0.014796      8.8496      3.1415    0.018201
0.013572      8.8496      3.4101      1.9534
0.011749      8.8496      3.4101      3.0487
0.0095929      8.8496      3.4101      1.6472
0.0099214      8.7719      2.8756       4.292
0.012263      8.7719      2.8756       5.725
0.014258      8.7719      2.8756      3.5845
0.015604      8.7719      3.1415      1.6667
0.01608      8.7719      3.1415      5.8336
0.015604      8.7719      3.1415     0.40365
0.014258      8.7719      3.4074      3.9351
0.012263      8.7719      3.4074       5.958
0.0099214      8.7719      3.4074      3.2445
0.010263      8.6957      2.8783       6.011
0.012806      8.6957      2.8783      1.7091
0.01499      8.6957      2.8783      3.3111
0.016472      8.6957      3.1415       5.725
0.016997      8.6957      3.1415      1.3489
0.016472      8.6957      3.1415      5.1947
0.01499      8.6957      3.4047     0.86911
0.012806      8.6957      3.4047      2.7504
0.010263      8.6957      3.4047      5.4994
0.010612      8.6207      2.8809      4.4252
0.013371      8.6207      2.8809      3.1228
0.015761      8.6207      2.8809      3.8301
0.017391      8.6207      3.1415       0.489
0.01797      8.6207      3.1415      1.5169
0.017391      8.6207      3.1415       0.162
0.015761      8.6207      3.4021      5.3184
0.013371      8.6207      3.4021    0.093383
0.010612      8.6207      3.4021      3.4583
0.010955       8.547      2.8835     0.75189
0.013945       8.547      2.8835      3.6941
0.016556       8.547      2.8835      3.9094
0.018348       8.547      3.1415      4.6935
0.018986       8.547      3.1415      1.9473
0.018348       8.547      3.1415      5.7584
0.016556       8.547      3.3995       4.915
0.013945       8.547      3.3995     0.63488
0.010955       8.547      3.3995      1.7662
0.011282      8.4746       2.886      5.7019
0.014511      8.4746       2.886     0.69796
0.017358      8.4746       2.886      4.9624
0.019323      8.4746      3.1415     0.64262
0.020025      8.4746      3.1415       4.825
0.019323      8.4746      3.1415      4.1597
0.017358      8.4746       3.397      4.8574
0.014511      8.4746       3.397      5.8556
0.011282      8.4746       3.397      1.1114
0.011575      8.4034      2.8885     0.12831
0.015051      8.4034      2.8885      5.2378
0.018143      8.4034      2.8885      2.9731
0.02029      8.4034      3.1415     0.68262
0.021059      8.4034      3.1415     0.55953
0.02029      8.4034      3.1415     0.72336
0.018143      8.4034      3.3945      1.0554
0.015051      8.4034      3.3945      6.1103
0.011575      8.4034      3.3945       1.797
0.011818      8.3333       2.891      3.7637
0.01554      8.3333       2.891      5.3544
0.018883      8.3333       2.891       1.538
0.021218      8.3333      3.1415      4.5688
0.022058      8.3333      3.1415      2.5182
0.021218      8.3333      3.1415      1.9515
0.018883      8.3333       3.392      4.1078
0.01554      8.3333       3.392      2.4618
0.011818      8.3333       3.392     0.74979
0.011993      8.2645      2.8934      6.1482
0.015954      8.2645      2.8934      3.2562
0.019547      8.2645      2.8934      3.1903
0.022073      8.2645      3.1415      2.0421
0.022985      8.2645      3.1415      1.2395
0.022073      8.2645      3.1415      5.4216
0.019547      8.2645      3.3896       1.683
0.015954      8.2645      3.3896      3.3845
0.011993      8.2645      3.3896      3.4649
0.012084      8.1967      2.8958      6.0521
0.01627      8.1967      2.8958      1.6937
0.020104      8.1967      2.8958      1.6695
0.022819      8.1967      3.1415      1.9477
0.023802      8.1967      3.1415      3.5015
0.022819      8.1967      3.1415      2.3762
0.020104      8.1967      3.3872      1.5441
0.01627      8.1967      3.3872      4.2484
0.012084      8.1967      3.3872      1.6417
0.012079      8.1301      2.8982       6.041
0.016465      8.1301      2.8982      3.1263
0.020526      8.1301      2.8982      2.6877
0.023421      8.1301      3.1415      3.5674
0.024472      8.1301      3.1415      3.8517
0.023421      8.1301      3.1415      5.0703
0.020526      8.1301      3.3848       5.534
0.016465      8.1301      3.3848      1.0051
0.012079      8.1301      3.3848      0.5603
0.011968      8.0645      2.9005      1.9674
0.016525      8.0645      2.9005       3.816
0.020789      8.0645      2.9005      2.3796
0.023851      8.0645      3.1415      5.8152
0.024967      8.0645      3.1415     0.35822
0.023851      8.0645      3.1415      6.2454
0.020789      8.0645      3.3825      4.1905
0.016525      8.0645      3.3825      3.8776
0.011968      8.0645      3.3825     0.92917
0.011751           8      2.9028     0.18218
0.016441           8      2.9028      3.5968
0.020879           8      2.9028     0.18837
0.024088           8      3.1415      4.4706
0.025263           8      3.1415      1.3448
0.024088           8      3.1415      1.6033
0.020879           8      3.3802      6.0228
0.016441           8      3.3802      1.1428
0.011751           8      3.3802      5.0167
0.011853      7.9365      2.9051     0.25159
0.016474      7.9365      2.9051      1.9424
0.020822      7.9365      2.9051      6.0762
0.023956      7.9365      3.1415      1.6775
0.025101      7.9365      3.1415     0.76574
0.023956      7.9365      3.1415      3.8162
0.020822      7.9365      3.3779      4.0547
0.016474      7.9365      3.3779       5.494
0.011853      7.9365      3.3779      5.6379
0.011889       7.874      2.9073     0.33411
0.016418       7.874      2.9073       4.772
0.020657       7.874      2.9073      5.3965
0.0237       7.874      3.1415      3.0267
0.02481       7.874      3.1415     0.47183
0.0237       7.874      3.1415        0.57
0.020657       7.874      3.3757       1.258
0.016418       7.874      3.3757        4.89
0.011889       7.874      3.3757      2.5589
0.011861      7.8125      2.9095      5.1963
0.016277      7.8125      2.9095     0.92968
0.020389      7.8125      2.9095      4.6049
0.02333      7.8125      3.1415     0.94177
0.024401      7.8125      3.1415      5.2679
0.02333      7.8125      3.1415      3.4265
0.020389      7.8125      3.3735       6.039
0.016277      7.8125      3.3735     0.47434
0.011861      7.8125      3.3735      5.8673
0.011774      7.7519      2.6684      2.2583
0.016059      7.7519      2.9117     0.42052
0.020028      7.7519      2.9117       6.069
0.022858      7.7519      3.1415      4.0805
0.023886      7.7519      3.1415      2.6427
0.022858      7.7519      3.1415      3.7474
0.020028      7.7519      3.3713      2.1808
0.016059      7.7519      3.3713      1.3673
0.011774      7.7519      3.6146     0.23776
0.011632      7.6923      2.6731     0.96397
0.015771      7.6923      2.9138       2.346
0.019586      7.6923      2.9138       5.509
0.022298      7.6923      3.1415      2.7717
0.023281      7.6923      3.1415      4.0071
0.022298      7.6923      3.1415      2.4366
0.019586      7.6923      3.3692      5.2601
0.015771      7.6923      3.3692      4.8148
0.011632      7.6923      3.6099     0.78905
0.011444      7.6336      2.6777     0.58219
0.015427      7.6336      2.9159      4.1488
0.01908      7.6336      2.9159      2.3729
0.021668      7.6336      3.1415     0.67726
0.022605      7.6336      3.1415      3.9194
0.021668      7.6336      3.1415      3.9055
0.01908      7.6336      3.3671      5.7278
0.015427      7.6336      3.3671      3.8083
0.011444      7.6336      3.6053      3.0494
0.011217      7.5758      2.6822      3.6237
0.015037      7.5758       2.918      6.1705
0.018523      7.5758       2.918      3.2582
0.020985      7.5758      3.1415      2.1909
0.021875      7.5758      3.1415      6.1754
0.020985      7.5758      3.1415      6.2328
0.018523      7.5758       3.365      5.6306
0.015037      7.5758       3.365      4.6593
0.011217      7.5758      3.6008      4.1765
0.010961      7.5188      2.6867      4.6077
0.014613      7.5188      2.9201      2.7389
0.017932      7.5188      2.9201      2.5109
0.020268      7.5188      3.1415       1.369
0.021111      7.5188      3.1415      5.5393
0.020268      7.5188      3.1415       5.919
0.017932      7.5188      3.3629      5.9623
0.014613      7.5188      3.3629     0.66878
0.010961      7.5188      3.5963     0.36426
0.010685      7.4627      2.6911      1.0287
0.014169      7.4627      2.9221      3.3141
0.01732      7.4627      2.9221     0.43823
0.019532      7.4627      3.1415    0.063746
0.02033      7.4627      3.1415     0.57603
0.019532      7.4627      3.1415      3.8165
0.01732      7.4627      3.3609     0.35239
0.014169      7.4627      3.3609      4.1348
0.010685      7.4627      3.5919      3.6179
0.010395      7.4074      2.6955     0.46391
0.013714      7.4074      2.9241      1.5178
0.016702      7.4074      2.9241      2.2066
0.018794      7.4074      3.1415      0.7963
0.019547      7.4074      3.1415      4.6457
0.018794      7.4074      3.1415      2.8002
0.016702      7.4074      3.3589     0.11065
0.013714      7.4074      3.3589      4.2832
0.010395      7.4074      3.5875      5.5343
0.010101      7.3529      2.6998      0.8785
0.013258      7.3529      2.9261      5.0946
0.016089      7.3529      2.9261      1.5887
0.018065      7.3529      3.1415     0.15322
0.018775      7.3529      3.1415      3.3345
0.018065      7.3529      3.1415      5.8737
0.016089      7.3529      3.3569      4.8337
0.013258      7.3529      3.3569      2.5431
0.010101      7.3529      3.5832        4.51
0.0098082      7.2993       2.704      3.0242
0.01281      7.2993       2.928      2.7719
0.015491      7.2993       2.928      5.9209
0.017357      7.2993      3.1415      3.6365
0.018027      7.2993      3.1415      4.9234
0.017357      7.2993      3.1415      4.4911
0.015491      7.2993       3.355     0.89323
0.01281      7.2993       3.355      4.3536
0.0098082      7.2993       3.579      2.4733
0.0095218      7.2464      2.7082     0.80277
0.012377      7.2464        2.93      4.0268
0.014916      7.2464        2.93      3.1258
0.016678      7.2464      3.1415     0.40194
0.01731      7.2464      3.1415      3.2894
0.016678      7.2464      3.1415      1.9763
0.014916      7.2464       3.353      5.3713
0.012377      7.2464       3.353    0.056642
0.0095218      7.2464      3.5748      1.2728
0.0092464      7.1942      2.7123      5.5328
0.011963      7.1942      2.9319        1.37
0.014368      7.1942      2.9319       1.996
0.016034      7.1942      3.1415      2.1611
0.01663      7.1942      3.1415      5.0269
0.016034      7.1942      3.1415      3.5881
0.014368      7.1942      3.3511      5.1096
0.011963      7.1942      3.3511     0.54147
0.0092464      7.1942      3.5707      1.2072
0.0089851      7.1429      2.7164      3.9552
0.011571      7.1429      2.9338     0.40125
0.013853      7.1429      2.9338       4.668
0.015429      7.1429      3.1415      3.7911
0.015993      7.1429      3.1415      5.0166
0.015429      7.1429      3.1415       1.009
0.013853      7.1429      3.3492      4.6364
0.011571      7.1429      3.3492      4.7565
0.0089851      7.1429      3.5666      5.5373
0.00874      7.0922      2.7204      2.6969
0.011206      7.0922      2.9357       1.178
0.013373      7.0922      2.9357      1.9039
0.014866      7.0922      3.1415      2.0153
0.015399      7.0922      3.1415      2.7771
0.014866      7.0922      3.1415      2.2737
0.013373      7.0922      3.3473      3.9306
0.011206      7.0922      3.3473      5.8986
0.00874      7.0922      3.5626      1.8026
0.0085126      7.0423      2.7243      1.5368
0.010867      7.0423      2.9375      5.7857
0.012929      7.0423      2.9375      5.8194
0.014345      7.0423      3.1415      1.9474
0.01485      7.0423      3.1415     0.48049
0.014345      7.0423      3.1415      4.9063
0.012929      7.0423      3.3455     0.82147
0.010867      7.0423      3.3455      2.8995
0.0085126      7.0423      3.5587      2.7656
0.0083035       6.993      2.7282      3.8012
0.010555       6.993      2.9393     0.79807
0.01252       6.993      2.9393      3.7638
0.013866       6.993      3.1415     0.83015
0.014346       6.993      3.1415     0.72466
0.013866       6.993      3.1415      2.7713
0.01252       6.993      3.3437      1.7033
0.010555       6.993      3.3437      5.9318
0.0083035       6.993      3.5548      3.2461
0.0081127      6.9444      2.7321      2.7978
0.01027      6.9444      2.9411      1.9389
0.012145      6.9444      2.9411      2.9505
0.013428      6.9444      3.1415      4.8972
0.013884      6.9444      3.1415      1.0607
0.013428      6.9444      3.1415     0.14106
0.012145      6.9444      3.3419      4.4529
0.01027      6.9444      3.3419      3.8022
0.0081127      6.9444      3.5509      2.5992
0.0079396      6.8966      2.7359      5.7475
0.01001      6.8966      2.9429      2.9981
0.011804      6.8966      2.9429      5.7566
0.013029      6.8966      3.1415      3.1221
0.013464      6.8966      3.1415      5.8278
0.013029      6.8966      3.1415       4.421
0.011804      6.8966      3.3401      4.3644
0.01001      6.8966      3.3401    0.028862
0.0079396      6.8966      3.5471      3.3942
0.0077836      6.8493      2.7397      2.5947
0.0097747      6.8493      2.9447      3.9465
0.011494      6.8493      2.9447       3.415
0.012665      6.8493      3.1415      1.3571
0.013081      6.8493      3.1415      3.4689
0.012665      6.8493      3.1415      5.4207
0.011494      6.8493      3.3383    0.031034
0.0097747      6.8493      3.3383      0.7859
0.0077836      6.8493      3.5433      4.8698
0.0076435      6.8027      2.7434     0.12809
0.0095619      6.8027      2.9464     0.89616
0.011213      6.8027      2.9464      2.0131
0.012335      6.8027      3.1415      5.6845
0.012733      6.8027      3.1415      3.8587
0.012335      6.8027      3.1415    0.099887
0.011213      6.8027      3.3366      1.9565
0.0095619      6.8027      3.3366      1.2112
0.0076435      6.8027      3.5396      1.7308
0.0075182      6.7568      2.7471     0.16782
0.0093697      6.7568      2.9481      5.2189
0.010959      6.7568      2.9481       4.802
0.012036      6.7568      3.1415       4.531
0.012417      6.7568      3.1415      5.1691
0.012036      6.7568      3.1415      4.8036
0.010959      6.7568      3.3349     0.75752
0.0093697      6.7568      3.3349      2.4148
0.0075182      6.7568      3.5359     0.17544
0.0074061      6.7114      2.7507   0.0081961
0.0091961      6.7114      2.9499    0.043968
0.010728      6.7114      2.9499      1.0542
0.011764      6.7114      3.1415     0.94519
0.01213      6.7114      3.1415      3.2388
0.011764      6.7114      3.1415      2.6318
0.010728      6.7114      3.3331      3.7309
0.0091961      6.7114      3.3331      1.7403
0.0074061      6.7114      3.5323      3.7247
0.0073059      6.6667      2.7543      3.6764
0.0090393      6.6667      2.9515     0.76395
0.010518      6.6667      2.9515      0.4938
0.011516      6.6667      3.1415     0.20147
0.011869      6.6667      3.1415      1.0566
0.011516      6.6667      3.1415      3.2934
0.010518      6.6667      3.3315      5.2863
0.0090393      6.6667      3.3315      1.9252
0.0073059      6.6667      3.5287      1.2011
0.0072163      6.6225      2.7578     0.40915
0.0088971      6.6225      2.9532      5.9438
0.010326      6.6225      2.9532      1.5379
0.01129      6.6225      3.1415      3.9294
0.01163      6.6225      3.1415      1.2985
0.01129      6.6225      3.1415      1.5189
0.010326      6.6225      3.3298      4.6709
0.0088971      6.6225      3.3298     0.98017
0.0072163      6.6225      3.5252       5.172
0.0071358      6.5789      2.7613     0.59051
0.0087677      6.5789      2.9549      6.1561
0.010152      6.5789      2.9549      4.1042
0.011082      6.5789      3.1415      1.7851
0.01141      6.5789      3.1415      5.4488
0.011082      6.5789      3.1415     0.18937
0.010152      6.5789      3.3281       4.781
0.0087677      6.5789      3.3281      5.6307
0.0071358      6.5789      3.5217      3.8884
0.0070631      6.5359      2.7648      4.5284
0.0086495      6.5359      2.9565      2.9144
0.0099908      6.5359      2.9565      4.7681
0.010891      6.5359      3.1415    0.044873
0.011208      6.5359      3.1415      1.2157
0.010891      6.5359      3.1415     0.57459
0.0099908      6.5359      3.3265      1.0551
0.0086495      6.5359      3.3265      5.9201
0.0070631      6.5359      3.5182       5.337
0.0069971      6.4935      2.7682     0.86255
0.0085406      6.4935      2.9581      4.1513
0.0098421      6.4935      2.9581     0.24183
0.010714      6.4935      3.1415     0.93091
0.011021      6.4935      3.1415      1.1609
0.010714      6.4935      3.1415      4.0548
0.0098421      6.4935      3.3249      5.3817
0.0085406      6.4935      3.3249      5.3618
0.0069971      6.4935      3.5148       3.104
0.0069367      6.4516      2.7716      4.9063
0.0084398      6.4516      2.9597      1.7256
0.0097038      6.4516      2.9597       6.078
0.010549      6.4516      3.1415      6.2235
0.010847      6.4516      3.1415     0.53059
0.010549      6.4516      3.1415      2.0721
0.0097038      6.4516      3.3233      1.6857
0.0084398      6.4516      3.3233      1.3566
0.0069367      6.4516      3.5114      4.8192
0.0068808      6.4103      2.7749      2.2936
0.0083456      6.4103      2.9613     0.96769
0.0095742      6.4103      2.9613      1.0368
0.010394      6.4103      3.1415       5.613
0.010683      6.4103      3.1415      5.9424
0.010394      6.4103      3.1415      3.2512
0.0095742      6.4103      3.3217     0.11544
0.0083456      6.4103      3.3217      2.6345
0.0068808      6.4103      3.5081     0.76706
0.0068285      6.3694      2.7782      5.9805
0.008257      6.3694      2.9629      1.6975
0.0094519      6.3694      2.9629      5.6148
0.010248      6.3694      3.1415      5.6245
0.010528      6.3694      3.1415      4.8727
0.010248      6.3694      3.1415      5.7101
0.0094519      6.3694      3.3201      0.1048
0.008257      6.3694      3.3201      6.0272
0.0068285      6.3694      3.5048     0.47281
0.0067791      6.3291      2.7815      1.7915
0.0081728      6.3291      2.9644      3.0668
0.0093356      6.3291      2.9644      6.0981
0.010109      6.3291      3.1415      3.5695
0.010381      6.3291      3.1415      1.7214
0.010109      6.3291      3.1415     0.81103
0.0093356      6.3291      3.3186     0.97507
0.0081728      6.3291      3.3186      1.6889
0.0067791      6.3291      3.5015      2.7261
0.006732      6.2893      2.7847      2.4875
0.0080923      6.2893       2.966      2.6718
0.0092244      6.2893       2.966      3.8602
0.0099764      6.2893      3.1415      2.8073
0.01024      6.2893      3.1415    0.075543
0.0099764      6.2893      3.1415     0.21532
0.0092244      6.2893       3.317      2.5055
0.0080923      6.2893       3.317      6.1539
0.006732      6.2893      3.4983      3.4102
0.0066866        6.25      2.7879      5.7325
0.0080147        6.25      2.9675      2.0367
0.0091174        6.25      2.9675      1.8253
0.0098486        6.25      2.9675      5.5226
0.010105        6.25      3.1415      4.8954
0.0098486        6.25      3.3155      2.4781
0.0091174        6.25      3.3155      5.5437
0.0080147        6.25      3.3155      2.6745
0.0066866        6.25      3.4951      2.9303
0.0066423      6.2112       2.791      2.6698
0.0079393      6.2112       2.791      2.8601
0.0090137      6.2112       2.969      4.3694
0.0097251      6.2112       2.969     0.60052
0.0099741      6.2112      3.1415      4.6083
0.0097251      6.2112       3.314      0.8169
0.0090137      6.2112       3.314      3.1197
0.0079393      6.2112       3.492      1.6314
0.0066423      6.2112       3.492      3.7174
0.0065989      6.1728      2.7942      1.4301
0.0078659      6.1728      2.7942       6.001
0.0089129      6.1728      2.9705     0.39589
0.0096051      6.1728      2.9705      1.1513
0.0098472      6.1728      3.1415      3.9221
0.0096051      6.1728      3.3125      1.8309
0.0089129      6.1728      3.3125     0.86195
0.0078659      6.1728      3.4888      1.1871
0.0065989      6.1728      3.4888      6.0104
0.006556       6.135      2.7972      1.8636
0.0077938       6.135      2.7972      1.4903
0.0088144       6.135      2.9719      4.1478
0.0094881       6.135      2.9719    0.026992
0.0097236       6.135      3.1415     0.49113
0.0094881       6.135      3.3111      1.9451
0.0088144       6.135      3.3111      1.4072
0.0077938       6.135      3.4858      4.3685
0.006556       6.135      3.4858      4.3996
0.0065133      6.0976      2.8003       5.352
0.0077228      6.0976      2.8003      3.5126
0.0087178      6.0976      2.9734      3.5834
0.0093736      6.0976      2.9734      3.3358
0.0096027      6.0976      3.1415      5.3964
0.0093736      6.0976      3.3096      2.8044
0.0087178      6.0976      3.3096      2.4088
0.0077228      6.0976      3.4827      3.7406
0.0065133      6.0976      3.4827      1.9166
0.0064708      6.0606      2.8033     0.63526
0.0076527      6.0606      2.8033      2.3369
0.0086229      6.0606      2.9748      1.3958
0.0092614      6.0606      2.9748      4.0414
0.0094843      6.0606      3.1415      4.8797
0.0092614      6.0606      3.3082      2.7019
0.0086229      6.0606      3.3082      3.9021
0.0076527      6.0606      3.4797      1.7534
0.0064708      6.0606      3.4797      3.0036
0.0064282      6.0241      2.8063      1.9775
0.0075832      6.0241      2.8063      5.1971
0.0085293      6.0241      2.9763      4.6693
0.0091511      6.0241      2.9763     0.90671
0.009368      6.0241      3.1415     0.42891
0.0091511      6.0241      3.3067      3.3434
0.0085293      6.0241      3.3067      4.6743
0.0075832      6.0241      3.4767      5.2509
0.0064282      6.0241      3.4767      4.5279
0.0063854       5.988      2.8093      5.5769
0.0075142       5.988      2.8093      1.0232
0.008437       5.988      2.9777      1.2644
0.0090425       5.988      2.9777      5.5414
0.0092536       5.988      3.1415      2.9025
0.0090425       5.988      3.3053      1.1752
0.008437       5.988      3.3053      4.5544
0.0075142       5.988      3.4737      5.5514
0.0063854       5.988      3.4737      5.0139
0.0063425      5.9524      2.8122      5.2964
0.0074457      5.9524      2.8122      3.3805
0.0083457      5.9524      2.9791      1.3168
0.0089355      5.9524      2.9791      3.3328
0.009141      5.9524      3.1415      5.2985
0.0089355      5.9524      3.3039       1.353
0.0083457      5.9524      3.3039      4.5032
0.0074457      5.9524      3.4708      5.4201
0.0063425      5.9524      3.4708       2.961
0.0062993      5.9172      2.8151      2.8933
0.0073775      5.9172      2.8151      5.9219
0.0082554      5.9172      2.9805      3.9479
0.00883      5.9172      2.9805      5.0665
0.00903      5.9172      3.1415      2.5229
0.00883      5.9172      3.3025      2.0193
0.0082554      5.9172      3.3025        2.38
0.0073775      5.9172      3.4679      4.5173
0.0062993      5.9172      3.4679       1.213
0.0062558      5.8824      2.8179      3.0786
0.0073097      5.8824      2.8179      0.7588
0.008166      5.8824      2.9819     0.87912
0.0087257      5.8824      2.9819      5.9512
0.0089205      5.8824      3.1415      3.9642
0.0087257      5.8824      3.3011      2.7561
0.008166      5.8824      3.3011      4.4469
0.0073097      5.8824      3.4651      3.3278
0.0062558      5.8824      3.4651      4.0992
0.006212       5.848      2.8208      4.8893
0.0072421       5.848      2.8208       3.883
0.0080774       5.848      2.9832      3.1546
0.0086228       5.848      2.9832      3.0496
0.0088124       5.848      3.1415     0.69207
0.0086228       5.848      3.2998      5.7587
0.0080774       5.848      3.2998      2.7181
0.0072421       5.848      3.4622      2.6828
0.006212       5.848      3.4622       0.184
0.0061679       5.814      2.8236       3.207
0.0071747       5.814      2.8236      6.0549
0.0079897       5.814      2.9846        1.73
0.0085211       5.814      2.9846      4.6709
0.0087057       5.814      3.1415     0.73387
0.0085211       5.814      3.2984      4.8337
0.0079897       5.814      3.2984       4.811
0.0071747       5.814      3.4594      3.3976
0.0061679       5.814      3.4594      1.0638
0.0061236      5.7803      2.8264      5.8439
0.0071077      5.7803      2.8264      1.3082
0.0079028      5.7803      2.9859     0.12416
0.0084206      5.7803      2.9859      3.7799
0.0086004      5.7803      3.1415      3.8161
0.0084206      5.7803      3.2971      2.9458
0.0079028      5.7803      3.2971      3.7466
0.0071077      5.7803      3.4566      4.5455
0.0061236      5.7803      3.4566      2.5642
0.006079      5.7471      2.8291      3.7548
0.0070409      5.7471      2.8291      2.6747
0.0078167      5.7471      2.9872     0.76553
0.0083213      5.7471      2.9872      2.1988
0.0084964      5.7471      3.1415      3.4352
0.0083213      5.7471      3.2958     0.79856
0.0078167      5.7471      3.2958     0.51204
0.0070409      5.7471      3.4539      1.8187
0.006079      5.7471      3.4539      4.2524
0.0060342      5.7143      2.8318      2.8716
0.0069745      5.7143      2.8318      3.1366
0.0077314      5.7143      2.9885     0.36742
0.0082232      5.7143      2.9885     0.46247
0.0083938      5.7143      3.1415      2.1229
0.0082232      5.7143      3.2945      2.1115
0.0077314      5.7143      3.2945      6.1885
0.0069745      5.7143      3.4512      4.7227
0.0060342      5.7143      3.4512      4.0622
0.0059892      5.6818      2.8345       5.547
0.0069083      5.6818      2.8345      3.2162
0.0076469      5.6818      2.9898      2.3637
0.0081262      5.6818      2.9898      5.5527
0.0082924      5.6818      3.1415      1.5441
0.0081262      5.6818      3.2932      1.0304
0.0076469      5.6818      3.2932       4.138
0.0069083      5.6818      3.4485       1.606
0.0059892      5.6818      3.4485     0.99022
0.0059441      5.6497      2.8372      1.7379
0.0068425      5.6497      2.8372      1.8768
0.0075632      5.6497      2.9911    0.037097
0.0080304      5.6497      2.9911      1.4366
0.0081923      5.6497      3.1415      4.2104
0.0080304      5.6497      3.2919      6.1678
0.0075632      5.6497      3.2919      1.6094
0.0068425      5.6497      3.4458      3.8903
0.0059441      5.6497      3.4458       6.106
0.0058988       5.618      2.8398      3.0923
0.006777       5.618      2.8398      1.8914
0.0074804       5.618      2.9924      3.7516
0.0079358       5.618      2.9924      3.4141
0.0080934       5.618      3.1415     0.81535
0.0079358       5.618      3.2906      3.4696
0.0074804       5.618      3.2906     0.93657
0.006777       5.618      3.4432      1.6245
0.0058988       5.618      3.4432      3.3219
0.0058534      5.5866      2.8424      5.1104
0.0067118      5.5866      2.8424      4.5146
0.0073983      5.5866      2.9936      3.1466
0.0078423      5.5866      2.9936      5.6169
0.0079959      5.5866      3.1415      5.9734
0.0078423      5.5866      3.2894       2.905
0.0073983      5.5866      3.2894       1.807
0.0067118      5.5866      3.4406      5.8204
0.0058534      5.5866      3.4406      3.1184
0.0058079      5.5556       2.845      5.5123
0.0066471      5.5556       2.845      1.3398
0.007317      5.5556      2.9949     0.71878
0.0077499      5.5556      2.9949     0.78107
0.0078996      5.5556      3.1415      3.6071
0.0077499      5.5556      3.2881      2.9302
0.007317      5.5556      3.2881      2.3501
0.0066471      5.5556       3.438      4.7412
0.0058079      5.5556       3.438      2.8625
0.0057623      5.5249      2.8476       4.436
0.0065827      5.5249      2.8476      5.8401
0.0072366      5.5249      2.9961       5.155
0.0076587      5.5249      2.9961     0.25036
0.0078045      5.5249      3.1415      6.0706
0.0076587      5.5249      3.2869      5.5791
0.0072366      5.5249      3.2869      4.0134
0.0065827      5.5249      3.4354    0.068825
0.0057623      5.5249      3.4354      6.1401
0.0057168      5.4945      2.8501      2.4223
0.0065188      5.4945      2.8501      2.5111
0.0071571      5.4945      2.9974      3.2061
0.0075686      5.4945      2.9974      3.4659
0.0077108      5.4945      3.1415      6.0247
0.0075686      5.4945      3.2856      5.3745
0.0071571      5.4945      3.2856      2.9951
0.0065188      5.4945      3.4329      5.5153
0.0057168      5.4945      3.4329      2.4496
0.0056712      5.4645      2.8526     0.30889
0.0064552      5.4645      2.8526      1.9316
0.0070783      5.4645      2.9986      2.0119
0.0074796      5.4645      2.9986      2.8983
0.0076182      5.4645      3.1415      3.0669
0.0074796      5.4645      3.2844      4.4405
0.0070783      5.4645      3.2844      2.3077
0.0064552      5.4645      3.4304      5.9151
0.0056712      5.4645      3.4304       1.685
0.0056256      5.4348      2.8551      4.6833
0.0063922      5.4348      2.8551      5.7117
0.0070004      5.4348      2.9998      3.6727
0.0073918      5.4348      2.9998      5.6956
0.0075269      5.4348      3.1415     0.35614
0.0073918      5.4348      3.2832       3.498
0.0070004      5.4348      3.2832    0.018606
0.0063922      5.4348      3.4279     0.96228
0.0056256      5.4348      3.4279      2.5603
0.0055801      5.4054      2.8575      1.4667
0.0063296      5.4054      2.8575      3.3634
0.0069234      5.4054       3.001      1.9578
0.0073051      5.4054       3.001      4.4523
0.0074368      5.4054      3.1415      3.6885
0.0073051      5.4054       3.282      1.5028
0.0069234      5.4054       3.282     0.40248
0.0063296      5.4054      3.4255    0.021169
0.0055801      5.4054      3.4255      1.1879
0.0055347      5.3763        2.86      3.0862
0.0062674      5.3763        2.86      3.8733
0.0068472      5.3763      3.0021      0.7714
0.0072195      5.3763      3.0021     0.83584
0.0073479      5.3763      3.1415       1.974
0.0072195      5.3763      3.2809     0.55199
0.0068472      5.3763      3.2809      2.5684
0.0062674      5.3763       3.423      1.7738
0.0055347      5.3763       3.423       3.962
0.0054893      5.3476      2.8624      1.3807
0.0062058      5.3476      2.8624      4.1107
0.0067719      5.3476      3.0033      1.2156
0.0071351      5.3476      3.0033     0.59437
0.0072602      5.3476      3.1415      5.7701
0.0071351      5.3476      3.2797      3.5074
0.0067719      5.3476      3.2797       2.624
0.0062058      5.3476      3.4206     0.69394
0.0054893      5.3476      3.4206      3.4729
0.005444      5.3191      2.7192     0.69918
0.0061446      5.3191      2.8648      1.4829
0.0066974      5.3191      3.0045     0.87116
0.0070517      5.3191      3.0045      2.0623
0.0071738      5.3191      3.1415      2.1767
0.0070517      5.3191      3.2785      5.8354
0.0066974      5.3191      3.2785      5.5813
0.0061446      5.3191      3.4182      4.9638
0.005444      5.3191      3.5638      0.4679
0.0053989       5.291      2.7229      2.6376
0.006084       5.291      2.8671      2.4926
0.0066237       5.291      3.0056      2.5944
0.0069694       5.291      3.0056      6.1194
0.0070885       5.291      3.1415      1.4947
0.0069694       5.291      3.2774     0.68219
0.0066237       5.291      3.2774      5.0266
0.006084       5.291      3.4159     0.28156
0.0053989       5.291      3.5601      6.0314
0.0053539      5.2632      2.7266      5.0367
0.0060238      5.2632      2.8694      6.0354
0.006551      5.2632      3.0067      4.8112
0.0068883      5.2632      3.0067      3.8215
0.0070044      5.2632      3.1415      6.2141
0.0068883      5.2632      3.2763      3.5345
0.006551      5.2632      3.2763      3.1157
0.0060238      5.2632      3.4136      1.5899
0.0053539      5.2632      3.5564      1.2312
0.0053091      5.2356      2.7303      3.0959
0.0059642      5.2356      2.8718      4.4665
0.006479      5.2356      3.0079      6.2052
0.0068082      5.2356      3.0079      2.1024
0.0069214      5.2356      3.1415      1.3833
0.0068082      5.2356      3.2751      2.1694
0.006479      5.2356      3.2751     0.57556
0.0059642      5.2356      3.4112      3.9683
0.0053091      5.2356      3.5527      2.3762
0.0052644      5.2083      2.7339      5.5753
0.0059051      5.2083       2.874      2.6799
0.006408      5.2083       3.009      5.5967
0.0067292      5.2083       3.009      1.4088
0.0068396      5.2083      3.1415      5.0071
0.0067292      5.2083       3.274      5.3926
0.006408      5.2083       3.274      2.6834
0.0059051      5.2083       3.409      3.6998
0.0052644      5.2083      3.5491     0.57615
0.0052199      5.1813      2.7375      1.5744
0.0058466      5.1813      2.8763      3.7307
0.0063377      5.1813      3.0101      3.2708
0.0066512      5.1813      3.0101       5.743
0.006759      5.1813      3.1415      4.1675
0.0066512      5.1813      3.2729      3.1393
0.0063377      5.1813      3.2729      3.9885
0.0058466      5.1813      3.4067      0.5426
0.0052199      5.1813      3.5455     0.25639
0.0051757      5.1546       2.741      4.7221
0.0057885      5.1546      2.8786      2.0342
0.0062683      5.1546      3.0112     0.41776
0.0065743      5.1546      3.0112      5.8008
0.0066794      5.1546      3.1415     0.34155
0.0065743      5.1546      3.2718     0.42688
0.0062683      5.1546      3.2718      3.6035
0.0057885      5.1546      3.4044      2.7595
0.0051757      5.1546       3.542     0.17196
0.0051316      5.1282      2.7445     0.31226
0.0057311      5.1282      2.8808      1.4988
0.0061998      5.1282      3.0122     0.79983
0.0064985      5.1282      3.0122      3.9604
0.006601      5.1282      3.1415      2.9933
0.0064985      5.1282      3.2708     0.69111
0.0061998      5.1282      3.2708      2.7358
0.0057311      5.1282      3.4022      5.6665
0.0051316      5.1282      3.5385      3.5551
0.0050878       5.102      2.7479      4.5906
0.0056741       5.102       2.883      6.1634
0.0061321       5.102      3.0133      3.6957
0.0064236       5.102      3.0133      3.1614
0.0065237       5.102      3.1415        3.34
0.0064236       5.102      3.2697      3.8093
0.0061321       5.102      3.2697      4.8022
0.0056741       5.102         3.4      3.7737
0.0050878       5.102      3.5351        4.54
0.0050442      5.0761      2.7513      2.7345
0.0056177      5.0761      2.8851      4.0621
0.0060652      5.0761      3.0144      1.1102
0.0063498      5.0761      3.0144      5.5069
0.0064475      5.0761      3.1415      1.5814
0.0063498      5.0761      3.2686      2.2398
0.0060652      5.0761      3.2686      1.9059
0.0056177      5.0761      3.3979      6.0804
0.0050442      5.0761      3.5317      1.2082
0.0050008      5.0505      2.7547     0.61488
0.0055619      5.0505      2.8873      4.3591
0.0059991      5.0505      3.0154     0.60332
0.0062771      5.0505      3.0154      1.2527
0.0063724      5.0505      3.1415      3.8141
0.0062771      5.0505      3.2676      4.4591
0.0059991      5.0505      3.2676      5.5952
0.0055619      5.0505      3.3957      3.7864
0.0050008      5.0505      3.5283      5.4188
0.0049577      5.0251      2.7581       4.247
0.0055066      5.0251      2.8894      4.9321
0.0059339      5.0251      3.0165      3.3718
0.0062053      5.0251      3.0165    0.027943
0.0062983      5.0251      3.1415      1.2479
0.0062053      5.0251      3.2665      2.7565
0.0059339      5.0251      3.2665      3.5077
0.0055066      5.0251      3.3936      2.4198
0.0049577      5.0251      3.5249      4.0642
0.0049148           5      2.7614      3.6798
0.0054519           5      2.8915      4.8149
0.0058694           5      3.0175      1.0972
0.0061345           5      3.0175      3.1611
0.0062253           5      3.1415      2.4043
0.0061345           5      3.2655      6.1397
0.0058694           5      3.2655      5.8814
0.0054519           5      3.3915      5.6091
0.0049148           5      3.5216      2.7867
