
[NumberOfWaves] 801
=================================
0.0175209           25      1.83282      4.46911
0.0186972           25      1.83282      3.77864
0.0195819           25      1.83282     0.977464
0.0201313           25      2.11544    0.0676368
0.0203177           25      2.11544       3.9218
0.0201313           25      2.11544      1.98242
0.0195819           25      2.11544       1.3067
0.0186972           25      2.46102      2.54718
0.0175209           25      2.46102      3.09302
0.0202585      24.3902      1.82626      4.95208
0.021804      24.3902      1.82626     0.824673
0.0229749      24.3902      1.82626      4.69477
0.0237056      24.3902      2.10068      6.26597
0.0239539      24.3902      2.10068      5.79541
0.0237056      24.3902      2.10068      5.37346
0.0229749      24.3902      2.43132      6.19428
0.021804      24.3902      2.43132     0.699329
0.0202585      24.3902      2.43132      1.98567
0.022857      23.8095      1.82002      3.21568
0.0248334      23.8095      1.82002      4.84765
0.0263429      23.8095      1.82002      4.74577
0.0272898      23.8095      2.08674      3.83718
0.0276126      23.8095      2.08674      2.23358
0.0272898      23.8095      2.08674      6.03217
0.0263429      23.8095      2.40396      3.81156
0.0248334      23.8095      2.40396      5.98902
0.022857      23.8095      2.40396      4.49738
0.0252593      23.2558      1.81408      1.63509
0.027729      23.2558      1.81408      5.64026
0.029632      23.2558      1.81408      4.74285
0.0308329      23.2558      2.07354      3.11778
0.0312433      23.2558      2.07354    0.0968652
0.0308329      23.2558      2.07354     0.900411
0.029632      23.2558      2.37862      6.11565
0.027729      23.2558      2.37862     0.992409
0.0252593      23.2558      2.37862      1.37299
0.0274421      22.7273      1.80842      6.19574
0.0304695      22.7273      1.80842      6.13503
0.032825      22.7273      1.80842      2.74122
0.0343209      22.7273      2.06103     0.609059
0.0348339      22.7273      2.06103      4.16876
0.0343209      22.7273      2.06103      3.65511
0.032825      22.7273      2.35502     0.480278
0.0304695      22.7273      2.35502      4.82226
0.0274421      22.7273      2.35502      4.92014
0.0294255      22.2222      1.80301      2.96031
0.0330809      22.2222      1.80301      4.41339
0.0359552      22.2222      1.80301      4.00198
0.0377936      22.2222      2.04915      1.96763
0.0384262      22.2222      2.04915      2.55064
0.0377936      22.2222      2.04915      4.39544
0.0359552      22.2222      2.33298       2.6924
0.0330809      22.2222      2.33298      2.37007
0.0294255      22.2222      2.33298      2.92784
0.03128      21.7391      1.79784      1.27569
0.0356474      21.7391      1.79784     0.815398
0.0391215      21.7391      2.03785     0.388815
0.0413606      21.7391      2.03785       3.1891
0.0421341      21.7391      2.03785      2.35045
0.0413606      21.7391      2.31232      2.65908
0.0391215      21.7391      2.31232      2.78874
0.0356474      21.7391      2.31232       2.6462
0.03128      21.7391      2.31232      2.62749
0.0331268      21.2766       1.7929      6.00385
0.0383163      21.2766       1.7929      3.54106
0.0424968      21.2766      2.02708      2.65329
0.0452139      21.2766      2.02708       5.9628
0.0461564      21.2766      2.02708      5.66975
0.0452139      21.2766      2.29289      6.18637
0.0424968      21.2766      2.29289       2.6265
0.0383163      21.2766      2.29289      5.75025
0.0331268      21.2766      2.29289      3.35587
0.0351251      20.8333      1.78817      5.08163
0.0412893      20.8333      1.78817      3.44997
0.0463237      20.8333      2.01681     0.285086
0.0496256      20.8333      2.01681     0.434924
0.0507763      20.8333      2.01681      1.51311
0.0496256      20.8333      2.27456     0.244427
0.0463237      20.8333      2.27456      4.41675
0.0412893      20.8333      2.27456      6.15789
0.0351251      20.8333      2.61162      5.64427
0.0374404      20.4082      1.78363      4.11482
0.0447906      20.4082      1.78363      4.25814
0.0508837      20.4082      2.00701      3.99467
0.0549198      20.4082      2.00701      2.59738
0.0563333      20.4082      2.00701      2.39674
0.0549198      20.4082      2.25725      2.74679
0.0508837      20.4082      2.25725      4.10434
0.0447906      20.4082      2.25725      2.22983
0.0374404      20.4082      2.57753      4.19402
0.0401876           20      1.77928      5.91875
0.0490019           20      1.77928      3.69078
0.0564276           20      1.99763       3.0848
0.0613996           20      1.99763      4.34289
0.0631502           20      1.99763      5.80183
0.0613996           20      2.24084      1.67417
0.0564276           20      2.24084      3.24539
0.0490019           20      2.24084      2.63489
0.0401876           20      2.54643     0.736003
0.0433461      19.6078       1.7751      4.94326
0.0539553      19.6078       1.7751      1.48974
0.0630509      19.6078      1.98866      3.30847
0.0692122      19.6078      1.98866     0.147179
0.0713941      19.6078      1.98866      1.13157
0.0692122      19.6078      2.22527      4.73607
0.0630509      19.6078      2.22527     0.429471
0.0539553      19.6078      2.22527      2.38204
0.0433461      19.6078      2.51783      4.53111
0.0466614      19.2308      1.77108      2.95084
0.0593933      19.2308      1.77108      1.69959
0.0705168      19.2308      1.98006      4.68026
0.078147      19.2308      1.98006      2.14203
0.0808661      19.2308      2.21047      3.87948
0.078147      19.2308      2.21047      1.50188
0.0705168      19.2308      2.21047      1.01314
0.0593933      19.2308      2.49135      2.39998
0.0466614      19.2308      2.49135      5.95685
0.0495817      18.8679      1.76721      3.56083
0.0646503      18.8679      1.76721     0.405047
0.0780865      18.8679      1.97181      2.56841
0.0874287      18.8679      1.97181      0.61378
0.0907805      18.8679      2.19637      1.00065
0.0874287      18.8679      2.19637      5.50192
0.0780865      18.8679      2.19637     0.702156
0.0646503      18.8679       2.4667      5.55179
0.0495817      18.8679       2.4667      5.48692
0.0513234      18.5185      1.76349      2.94548
0.068684      18.5185      1.76349      6.24195
0.0845074      18.5185      1.96389       5.5904
0.0956711      18.5185      1.96389      1.73202
0.0997057      18.5185      2.18292      3.01314
0.0956711      18.5185      2.18292      2.23685
0.0845074      18.5185      2.18292      2.85007
0.068684      18.5185      2.44364      2.30734
0.0513234      18.5185      2.44364     0.537421
0.0511369      18.1818       1.7599      3.67617
0.0703774      18.1818       1.7599      4.57941
0.0883332      18.1818      1.95628      1.74863
0.101202      18.1818      1.95628      1.99559
0.105889      18.1818      2.17007      4.37773
0.101202      18.1818      2.17007      4.90038
0.0883332      18.1818      2.17007       3.8894
0.0703774      18.1818        2.422     0.615088
0.0511369      18.1818        2.422      1.82646
0.0504851      17.8571      1.75644      2.80688
0.0701671      17.8571      1.75644       6.1071
0.0886877      17.8571      1.94896      3.04062
0.102034      17.8571      1.94896      1.81274
0.106909      17.8571      2.15777      1.64227
0.102034      17.8571      2.15777      4.73656
0.0886877      17.8571      2.15777     0.335901
0.0701671      17.8571      2.40161       3.6067
0.0504851      17.8571      2.40161      4.03458
0.0504498      17.5439      1.75311     0.109117
0.0691259      17.5439      1.75311      2.44417
0.0864904      17.5439      1.94191      5.16544
0.0989043      17.5439      1.94191      0.25769
0.10342      17.5439        2.146      1.32438
0.0989043      17.5439        2.146      3.68152
0.0864904      17.5439      2.38235      4.92677
0.0691259      17.5439      2.38235     0.416666
0.0504498      17.5439      2.38235      5.00149
0.0491641      17.2414      1.74988     0.742364
0.0664676      17.2414      1.74988      3.48686
0.082375      17.2414      1.93511      4.16065
0.0936623      17.2414      1.93511      1.34122
0.0977531      17.2414      2.13471      1.19118
0.0936623      17.2414      2.13471       3.2886
0.082375      17.2414      2.36411      3.92231
0.0664676      17.2414      2.36411      1.62183
0.0491641      17.2414      2.36411     0.742239
0.0469685      16.9492      1.74677      2.90968
0.0627032      16.9492      1.74677      1.44663
0.0770152      16.9492      1.92856      5.93679
0.0870989      16.9492      1.92856      6.19678
0.0907406      16.9492      2.12386      4.37027
0.0870989      16.9492      2.12386     0.654672
0.0770152      16.9492      2.34679      1.35123
0.0627032      16.9492      2.34679      6.09572
0.0469685      16.9492      2.34679      4.52418
0.0442766      16.6667      1.74376      3.43023
0.0584109      16.6667      1.92224      2.88538
0.0711389      16.6667      1.92224      4.67507
0.0800469      16.6667      1.92224      1.20808
0.0832533      16.6667      2.11345      6.00165
0.0800469      16.6667      2.11345      2.49185
0.0711389      16.6667       2.3303      2.40555
0.0584109      16.6667       2.3303       1.4728
0.0442766      16.6667       2.3303      4.36172
0.0414669      16.3934      1.74085      3.77846
0.0540942      16.3934      1.91613      2.29125
0.065358      16.3934      1.91613      5.25811
0.0731916      16.3934      1.91613      4.94563
0.0760026      16.3934      2.10342      1.91501
0.0731916      16.3934      2.10342      5.86561
0.065358      16.3934      2.31459      2.46179
0.0540942      16.3934      2.31459      3.56324
0.0414669      16.3934      2.57994      2.11222
0.0388179       16.129      1.73803      1.80871
0.0501051       16.129      1.91023      3.96171
0.0600838       16.129      1.91023      4.48242
0.0669826       16.129      2.09377     0.733777
0.0694507       16.129      2.09377      1.84048
0.0669826       16.129      2.09377     0.181946
0.0600838       16.129      2.29959      5.53793
0.0501051       16.129      2.29959      6.17837
0.0388179       16.129      2.55437      3.05102
0.0364922       15.873       1.7353      5.83686
0.0466341       15.873      1.90453     0.152224
0.0555246       15.873      1.90453     0.198102
0.0616367       15.873      2.08447      3.45302
0.0638172       15.873      2.08447       6.2382
0.0616367       15.873      2.28523    0.0816593
0.0555246       15.873      2.28523       2.7828
0.0466341       15.873      2.28523      5.12642
0.0364922       15.873      2.53048      4.08657
0.0345536       15.625      1.73265      3.18894
0.0437407       15.625        1.899       6.1391
0.05173       15.625        1.899      1.67459
0.0571933       15.625       2.0755       1.2931
0.0591372       15.625       2.0755      1.16581
0.0571933       15.625      2.27149      3.13304
0.05173       15.625      2.27149       1.7302
0.0437407       15.625      2.27149     0.645909
0.0345536       15.625      2.50808      2.93612
0.0329969      15.3846      1.73008      3.70112
0.0413973      15.3846      1.89365      3.30416
0.0486473      15.3846      1.89365      4.68416
0.0535802      15.3846      2.06683     0.104396
0.0553309      15.3846      2.06683      2.28314
0.0535802      15.3846       2.2583      4.35906
0.0486473      15.3846       2.2583     0.175532
0.0413973      15.3846       2.2583   0.00386396
0.0329969      15.3846      2.48698      5.68148
0.0317761      15.1515      1.72759       3.2177
0.0395286      15.1515      1.88847      2.89324
0.0461714      15.1515      1.88847      4.02354
0.0506696      15.1515      2.05846      6.03222
0.0522623      15.1515      2.05846      3.01152
0.0506696      15.1515      2.24564      4.82208
0.0461714      15.1515      2.24564      1.50079
0.0395286      15.1515      2.46704      2.50261
0.0317761      15.1515      2.46704      5.88466
0.0308273      14.9254      1.72518      2.29386
0.0380407      14.9254      1.88345      4.03659
0.0441795      14.9254      1.88345      6.09648
0.0483176      14.9254      2.05037      5.96873
0.0497795      14.9254      2.05037       3.9511
0.0483176      14.9254      2.23346      2.83653
0.0441795      14.9254      2.23346      1.12714
0.0380407      14.9254      2.44814      3.04582
0.0308273      14.9254      2.44814      5.08444
0.0300835      14.7059      1.72283      2.66255
0.03684      14.7059      1.87857      5.85692
0.042553      14.7059      1.87857      1.83914
0.0463875      14.7059      2.04254      3.21362
0.0477392      14.7059      2.04254     0.207121
0.0463875      14.7059      2.22174      2.80388
0.042553      14.7059      2.22174      4.37415
0.03684      14.7059      2.43018      1.50219
0.0300835      14.7059      2.43018      5.77856
0.0294837      14.4928      1.72055      4.53042
0.0358443      14.4928      1.87384      1.80047
0.0411895      14.4928      1.87384      5.32347
0.0447625      14.4928      2.03496       4.4396
0.0460195      14.4928      2.03496       1.0321
0.0447625      14.4928      2.21045      3.03026
0.0411895      14.4928      2.21045      2.28843
0.0358443      14.4928      2.41307      4.97848
0.0294837      14.4928      2.41307      2.58971
0.0289777      14.2857      1.71833      1.44258
0.0349869      14.2857      1.86925      1.04755
0.0400072      14.2857      1.86925         1.71
0.0433501      14.2857      2.02761      2.53769
0.0445238      14.2857      2.02761     0.830517
0.0433501      14.2857      2.19955       1.6613
0.0400072      14.2857      2.19955      1.02677
0.0349869      14.2857      2.39674     0.684421
0.0289777      14.2857      2.39674      3.14918
0.0285275      14.0845      1.71617      2.46667
0.0342179      14.0845      1.86479      6.06268
0.0389455      14.0845      1.86479      4.89779
0.0420818      14.0845      2.02049       3.1386
0.043181      14.0845      2.02049     0.864737
0.0420818      14.0845      2.18903      3.04897
0.0389455      14.0845      2.18903      2.91447
0.0342179      14.0845      2.38113       1.3428
0.0285275      14.0845      2.38113     0.675003
0.0281062      13.8889      1.71407      4.11101
0.0335025      13.8889      1.86045      4.77736
0.0379621      13.8889      1.86045      1.40902
0.0409102      13.8889      2.01357      5.56132
0.0419416      13.8889      2.17887       1.8847
0.0409102      13.8889      2.17887      2.85543
0.0379621      13.8889      2.36617      1.03282
0.0335025      13.8889      2.36617     0.284695
0.0281062      13.8889      2.36617     0.933633
0.0276965      13.6986      1.71203     0.693656
0.0328182      13.6986      1.85623      2.55681
0.0370295      13.6986      1.85623      3.18483
0.0398042      13.6986      2.00687      2.90752
0.0407732      13.6986      2.16904      5.82036
0.0398042      13.6986      2.16904      4.19735
0.0370295      13.6986      2.35182     0.428443
0.0328182      13.6986      2.35182     0.838405
0.0276965      13.6986      2.35182      5.23231
0.0272882      13.5135      1.71004      4.25733
0.0321514      13.5135      1.85212      4.78768
0.0361311      13.5135      1.85212      3.69168
0.0387446      13.5135      2.00035      5.11741
0.039656      13.5135      2.15953      3.62132
0.0387446      13.5135      2.15953      2.21863
0.0361311      13.5135      2.33803      3.76188
0.0321514      13.5135      2.33803      1.89745
0.0272882      13.5135       2.5553      2.25948
0.0268761      13.3333       1.7081      3.17179
0.031495      13.3333      1.84812      1.59506
0.0352574      13.3333      1.84812      1.44568
0.0377207      13.3333      1.99402      2.53353
0.0385784      13.3333      2.15031     0.460745
0.0377207      13.3333      2.15031      2.85216
0.0352574      13.3333      2.32477      5.33298
0.031495      13.3333      2.32477      1.45383
0.0268761      13.3333      2.53477     0.144341
0.0264583      13.1579       1.7062      1.68566
0.0308456      13.1579      1.84423      3.99533
0.0344037      13.1579      1.98786      2.37425
0.0367265      13.1579      1.98786      3.97089
0.0375341      13.1579      2.14138      6.08643
0.0367265      13.1579      2.14138      2.61649
0.0344037      13.1579      2.31199      3.95113
0.0308456      13.1579      2.31199      5.09047
0.0264583      13.1579      2.51533      2.75841
0.0260345       12.987      1.70436     0.678498
0.0302022       12.987      1.84043      1.06051
0.033568       12.987      1.98187      5.98771
0.0357592       12.987      1.98187      1.09985
0.0365199       12.987      2.13272      5.74041
0.0357592       12.987      2.13272      5.47443
0.033568       12.987      2.29967       3.2958
0.0302022       12.987      2.29967      1.34341
0.0260345       12.987      2.49685      3.58509
0.0256055      12.8205      1.70256      1.23835
0.0295648      12.8205      1.83673      2.85916
0.0327496      12.8205      1.97604      1.47301
0.0348174      12.8205      1.97604      3.52346
0.0355343      12.8205      2.12431      6.17117
0.0348174      12.8205      2.12431      4.23572
0.0327496      12.8205      2.28778      1.02068
0.0295648      12.8205      2.28778       5.4845
0.0256055      12.8205      2.47924      1.62276
0.0251726      12.6582       1.7008      5.38133
0.0289342      12.6582      1.83312      2.46141
0.0319485      12.6582      1.97036      1.68322
0.0339006      12.6582      1.97036      2.71925
0.0345766      12.6582      2.11614      1.15962
0.0339006      12.6582      2.11614      1.44565
0.0319485      12.6582      2.27628      3.00667
0.0289342      12.6582      2.27628      2.55406
0.0251726      12.6582      2.46243      3.71701
0.0247371         12.5      1.69909      5.95285
0.0283114         12.5       1.8296      1.30775
0.031165         12.5      1.96483      1.30894
0.0330085         12.5      1.96483      4.15961
0.0336462         12.5       2.1082      3.14863
0.0330085         12.5       2.1082      5.89369
0.031165         12.5      2.26516      5.03744
0.0283114         12.5      2.44635     0.890808
0.0247371         12.5      2.44635       5.3581
0.0243004      12.3457      1.69741      5.88535
0.0276971      12.3457      1.82617      6.05891
0.0303994      12.3457      1.95944      2.47432
0.0321411      12.3457      1.95944      2.01717
0.0327428      12.3457      2.10048     0.774833
0.0321411      12.3457       2.2544     0.362146
0.0303994      12.3457       2.2544      2.46735
0.0276971      12.3457      2.43093       1.3365
0.0243004      12.3457      2.43093      5.24253
0.0238638      12.1951      1.69578      5.57519
0.0270922      12.1951      1.82281      4.16897
0.0296519      12.1951      1.95418      2.67297
0.0312981      12.1951      1.95418      5.62284
0.0318662      12.1951      2.09297     0.623612
0.0312981      12.1951      2.24397      1.24843
0.0296519      12.1951      2.24397      4.95925
0.0270922      12.1951      2.41612      4.05433
0.0238638      12.1951      2.41612     0.401362
0.0234284      12.0482      1.69418      2.59422
0.0264973      12.0482      1.81954      4.58522
0.0289228      12.0482      1.94905      5.10724
0.0304793      12.0482      1.94905      5.15376
0.0310159      12.0482      2.08566      4.20222
0.0304793      12.0482      2.23386      3.08132
0.0289228      12.0482      2.23386      5.66192
0.0264973      12.0482      2.40187     0.386745
0.0234284      12.0482      2.40187      6.23934
0.0229952      11.9048      1.69261     0.282443
0.025913      11.9048      1.81633       4.0607
0.0282121      11.9048      1.94404      4.31192
0.0296844      11.9048      1.94404     0.342633
0.0301914      11.9048      2.07854      3.97345
0.0296844      11.9048      2.22405     0.592014
0.0282121      11.9048      2.22405     0.136473
0.025913      11.9048      2.38816      3.76529
0.0229952      11.9048      2.38816      3.52998
0.0225649      11.7647      1.69108      3.43871
0.0253398      11.7647       1.8132      5.07975
0.0275197      11.7647      1.93916        6.007
0.028913      11.7647       2.0716      4.06249
0.0293923      11.7647       2.0716      2.90416
0.028913      11.7647      2.21452      1.18346
0.0275197      11.7647      2.21452      5.74737
0.0253398      11.7647      2.37493      2.45155
0.0225649      11.7647      2.37493      5.02775
0.0221385      11.6279      1.68959     0.949579
0.024778      11.6279      1.81014      2.48882
0.0268456      11.6279      1.93438      2.17354
0.0281647      11.6279      2.06484      1.17289
0.0286181      11.6279      2.06484      2.85859
0.0281647      11.6279      2.20526      1.57647
0.0268456      11.6279      2.20526       4.4048
0.024778      11.6279      2.36216     0.887967
0.0221385      11.6279      2.36216      5.84841
0.0217165      11.4943      1.68812      6.17514
0.0242278      11.4943      1.80715     0.285432
0.0261897      11.4943      1.92971      0.56928
0.027439      11.4943      2.05824      5.37848
0.027868      11.4943      2.05824       4.9834
0.027439      11.4943      2.19626      2.67355
0.0261897      11.4943      2.19626     0.841864
0.0242278      11.4943      2.34981      5.67249
0.0217165      11.4943      2.53167      3.98804
0.0212995      11.3636      1.80422      2.08825
0.0236895      11.3636      1.80422      4.94935
0.0255517      11.3636      1.92515      6.21212
0.0267354      11.3636       2.0518      4.20737
0.0271415      11.3636       2.0518      0.85708
0.0267354      11.3636       2.1875       3.5817
0.0255517      11.3636      2.33787       2.6603
0.0236895      11.3636      2.33787      3.48605
0.0212995      11.3636      2.51446      1.84431
0.020888       11.236      1.80135      3.55435
0.0231631       11.236      1.80135       2.2212
0.0249312       11.236      1.92069      4.04791
0.0260534       11.236      2.04551      5.43937
0.026438       11.236      2.04551      5.80964
0.0260534       11.236      2.17897       1.9229
0.0249312       11.236       2.3263      1.69033
0.0231631       11.236       2.3263      4.42434
0.020888       11.236        2.498      4.89509
0.0204823      11.1111      1.79854      5.75178
0.0226486      11.1111      1.79854      4.72198
0.0243282      11.1111      1.91633      4.42854
0.0253923      11.1111      2.03937      3.06732
0.0257568      11.1111      2.03937      2.64179
0.0253923      11.1111      2.17066       1.5121
0.0243282      11.1111      2.31508      5.49457
0.0226486      11.1111      2.31508      0.64032
0.0204823      11.1111       2.4822      0.50701
0.0200828       10.989      1.79579      1.91023
0.0221461       10.989      1.79579    0.0860637
0.0237421       10.989      1.91205     0.508106
0.0247517       10.989      2.03336      4.18643
0.0250973       10.989      2.03336     0.271524
0.0247517       10.989      2.16256      2.25747
0.0237421       10.989       2.3042      2.37376
0.0221461       10.989       2.3042      4.52721
0.0200828       10.989      2.46703      1.75364
0.0196898      10.8696      1.79309      1.71978
0.0216556      10.8696      1.79309        5.823
0.0231727      10.8696      1.90787     0.274454
0.024131      10.8696       2.0275      3.47963
0.0244588      10.8696      2.15466      5.12583
0.024131      10.8696      2.15466      6.02351
0.0231727      10.8696      2.29363      2.30104
0.0216556      10.8696      2.29363      4.94208
0.0196898      10.8696      2.45243       4.5687
0.0193034      10.7527      1.79045       4.2154
0.0211768      10.7527      1.79045     0.786934
0.0226195      10.7527      1.90378      4.08611
0.0235295      10.7527      2.02176      6.06048
0.0238405      10.7527      2.14695      5.73319
0.0235295      10.7527      2.14695      4.45374
0.0226195      10.7527      2.28336     0.543139
0.0211768      10.7527      2.28336       4.0945
0.0193034      10.7527      2.43836       5.6454
0.0189239      10.6383      1.78786      5.73989
0.0207098      10.6383      1.78786      5.59863
0.0220823      10.6383      1.89977      5.08033
0.0229468      10.6383      2.01615      4.96147
0.023242      10.6383      2.13943      4.94205
0.0229468      10.6383      2.13943     0.243095
0.0220823      10.6383      2.27338      3.11396
0.0207098      10.6383      2.42478       4.5136
0.0189239      10.6383      2.42478     0.677883
0.0185514      10.5263      1.78532      1.84951
0.0202543      10.5263      1.78532      2.43222
0.0215605      10.5263      1.89583      6.27824
0.0223821      10.5263      2.01065       4.0392
0.0226625      10.5263      2.13208      2.44174
0.0223821      10.5263      2.13208     0.260658
0.0215605      10.5263      2.26366      1.40517
0.0202543      10.5263      2.41165      1.83511
0.0185514      10.5263      2.41165      0.91508
0.0181859      10.4167      1.78282      1.12619
0.0198103      10.4167      1.78282     0.898766
0.0210538      10.4167      1.89198      6.17088
0.021835      10.4167      2.00527      5.13779
0.0221014      10.4167       2.1249     0.809146
0.021835      10.4167       2.1249      1.34521
0.0210538      10.4167       2.2542        6.083
0.0198103      10.4167      2.39895      6.26409
0.0181859      10.4167      2.39895    0.0699224
0.0178275      10.3093      1.78038      4.47122
0.0193775      10.3093      1.78038      1.39451
0.0205617      10.3093       1.8882       1.1364
0.0213048      10.3093      2.00001      4.54464
0.0215581      10.3093      2.11789      3.50711
0.0213048      10.3093      2.24498     0.823315
0.0205617      10.3093      2.24498        1.751
0.0193775      10.3093      2.38665      1.72508
0.0178275      10.3093      2.38665      2.53552
0.0174763      10.2041      1.77798      2.45778
0.0189557      10.2041      1.88449      3.39402
0.020084      10.2041      1.88449      4.19801
0.0207911      10.2041      1.99484     0.832497
0.021032      10.2041      2.11102      2.59488
0.0207911      10.2041      2.23599      1.47879
0.020084      10.2041      2.23599     0.924728
0.0189557      10.2041      2.37473     0.103054
0.0174763      10.2041      2.37473      5.03887
0.0171322       10.101      1.77562      5.71693
0.0185447       10.101      1.88086      1.71497
0.0196201       10.101      1.88086      1.38408
0.0202933       10.101      1.98979      3.90665
0.0205225       10.101      2.10431      4.24048
0.0202933       10.101      2.22722      5.34946
0.0196201       10.101      2.22722     0.436292
0.0185447       10.101      2.36315      2.05713
0.0171322       10.101      2.52135       3.8067
0.0167953           10       1.7733       1.7033
0.0181443           10      1.87729      4.26309
0.0191696           10      1.87729      5.78938
0.0198108           10      1.98483      6.20784
0.0200289           10      2.09774      5.03397
0.0198108           10      2.21866      2.43135
0.0191696           10      2.21866      4.90437
0.0181443           10      2.35191       4.3899
0.0167953           10      2.50591      2.89913
0.016465       9.901       1.771      3.7575
0.017754       9.901      1.8738      2.2671
0.018732       9.901      1.8738      6.2623
0.019343       9.901        1.98      1.6374
0.019551       9.901      2.0913      4.7952
0.019343       9.901      2.2103      4.7368
0.018732       9.901      2.2103      1.5186
0.017754       9.901       2.341      4.4539
0.016465       9.901       2.491      2.1587
0.016143      9.8039      1.7688      6.1923
0.017374      9.8039      1.8703      2.5341
0.018307      9.8039      1.8703      3.4586
0.01889      9.8039      1.9752      1.4951
0.019088      9.8039       2.085      5.9035
0.01889      9.8039      2.2021      2.0294
0.018307      9.8039      2.3304      3.6553
0.017374      9.8039      2.3304      5.4792
0.016143      9.8039      2.4767      4.6247
0.015827      9.7087      1.7666      2.1686
0.017004      9.7087       1.867       2.541
0.017895      9.7087      1.9705      4.6697
0.01845      9.7087      1.9705      1.6199
0.018639      9.7087      2.0788      3.9927
0.01845      9.7087      2.1941      3.4671
0.017895      9.7087        2.32      2.3571
0.017004      9.7087        2.32      3.3611
0.015827      9.7087      2.4629     0.92956
0.015518      9.6154      1.7644      6.0219
0.016644      9.6154      1.8636       3.547
0.017494      9.6154      1.9659      4.4457
0.018024      9.6154      1.9659      3.4134
0.018204      9.6154      2.0728      5.7673
0.018024      9.6154      2.1863      1.2951
0.017494      9.6154      2.3099      2.9353
0.016644      9.6154      2.3099      2.6156
0.015518      9.6154      2.4495      2.2348
0.015216      9.5238      1.7623      5.3403
0.016293      9.5238      1.8604      3.2425
0.017105      9.5238      1.9614      5.5847
0.017611      9.5238      1.9614      6.0766
0.017782      9.5238      2.0668      2.4599
0.017611      9.5238      2.1787       1.484
0.017105      9.5238      2.3001      3.3423
0.016293      9.5238      2.3001      0.4773
0.015216      9.5238      2.4365      3.2462
0.014921       9.434      1.7602     0.92394
0.015951       9.434      1.8572      1.8391
0.016728       9.434       1.957      3.8731
0.01721       9.434       1.957      1.1883
0.017374       9.434       2.061      6.2322
0.01721       9.434      2.1712     0.69095
0.016728       9.434      2.2905     0.69283
0.015951       9.434      2.4239      4.5565
0.014921       9.434      2.4239      2.0443
0.014632      9.3458      1.7582      2.2642
0.015618      9.3458       1.854       5.542
0.01636      9.3458      1.9526      1.2555
0.016821      9.3458      2.0553      1.4391
0.016978      9.3458      2.0553      5.0614
0.016821      9.3458      2.1639      3.8504
0.01636      9.3458      2.2812     0.57088
0.015618      9.3458      2.4117       3.626
0.014632      9.3458      2.4117      5.9139
0.01435      9.2593      1.7561     0.13497
0.015294      9.2593      1.8509      2.8895
0.016004      9.2593      1.9483      5.7888
0.016444      9.2593      2.0497      1.3637
0.016593      9.2593      2.0497      5.4966
0.016444      9.2593      2.1567     0.61342
0.016004      9.2593       2.272      1.3986
0.015294      9.2593      2.3999     0.77342
0.01435      9.2593      2.3999     0.86998
0.014074      9.1743      1.7542        2.86
0.014979      9.1743      1.8479      2.2324
0.015657      9.1743      1.9441      2.4882
0.016078      9.1743      2.0442       5.769
0.016221      9.1743      2.0442      2.8516
0.016078      9.1743      2.1497      3.8286
0.015657      9.1743      2.2631      3.4287
0.014979      9.1743      2.3884      5.9737
0.014074      9.1743      2.3884     0.22829
0.013805      9.0909      1.7522      4.1211
0.014671      9.0909      1.8449      1.1659
0.015321      9.0909        1.94      6.0842
0.015723      9.0909      2.0388     0.12751
0.015859      9.0909      2.1428      4.8426
0.015723      9.0909      2.1428     0.84936
0.015321      9.0909      2.2544      3.5235
0.014671      9.0909      2.3772      5.3575
0.013805      9.0909      2.3772      4.2179
0.013541       9.009      1.7503      5.8552
0.014372       9.009      1.8419      3.3265
0.014994       9.009      1.9359      2.9832
0.015378       9.009      2.0335      4.8173
0.015509       9.009      2.1361      5.3661
0.015378       9.009      2.1361      2.6854
0.014994       9.009      2.2458      4.0913
0.014372       9.009      2.3663      5.3688
0.013541       9.009      2.5039      4.9989
0.013284      8.9286      1.7484      2.3206
0.01408      8.9286       1.839      3.4713
0.014676      8.9286      1.9319      4.1351
0.015044      8.9286      2.0283      6.1043
0.015168      8.9286      2.1294      5.7003
0.015044      8.9286      2.1294     0.89908
0.014676      8.9286      2.2375     0.53642
0.01408      8.9286      2.3557      6.0379
0.013284      8.9286      2.4899      2.8554
0.013033      8.8496      1.7465     0.52491
0.013796      8.8496      1.8361      5.4476
0.014366      8.8496       1.928      1.0208
0.014719      8.8496      2.0231      4.2334
0.014838      8.8496      2.1229      5.5248
0.014719      8.8496      2.2293      1.5218
0.014366      8.8496      2.2293      3.1624
0.013796      8.8496      2.3453     0.87858
0.013033      8.8496      2.4764       6.052
0.012787      8.7719      1.7447      4.4294
0.01352      8.7719      1.8333      5.1072
0.014066      8.7719      1.9241      2.0315
0.014403      8.7719      2.0181     0.83269
0.014518      8.7719      2.1165      5.4464
0.014403      8.7719      2.2213      4.8461
0.014066      8.7719      2.2213        3.47
0.01352      8.7719      2.3352      3.6497
0.012787      8.7719      2.4633      2.2442
0.012548      8.6957      1.7428     0.77058
0.01325      8.6957      1.8305      3.2865
0.013774      8.6957      1.9203      4.9019
0.014097      8.6957      2.0131       1.184
0.014206      8.6957      2.1103      4.7549
0.014097      8.6957      2.2134      5.6965
0.013774      8.6957      2.3253      2.2337
0.01325      8.6957      2.3253      4.5754
0.012548      8.6957      2.4505     0.88785
0.012313      8.6207       1.741      2.8064
0.012987      8.6207      1.8278      1.2261
0.01349      8.6207      1.9166      5.1347
0.013799      8.6207      2.0083      5.6181
0.013904      8.6207      2.1041     0.86287
0.013799      8.6207      2.2057      1.9312
0.01349      8.6207      2.3157     0.48665
0.012987      8.6207      2.3157      4.7951
0.012313      8.6207      2.4382      5.6986
0.012084       8.547      1.7393      3.4247
0.012732       8.547      1.8251      3.3533
0.013213       8.547      1.9129      0.2117
0.01351       8.547      2.0035      5.9231
0.01361       8.547      2.0981      4.3345
0.01351       8.547      2.1982      4.7821
0.013213       8.547      2.3062      2.1028
0.012732       8.547      2.3062     0.57476
0.012084       8.547      2.4261      5.8938
0.011861      8.4746      1.7375      2.1259
0.012482      8.4746      1.8224  0.00051856
0.012944      8.4746      1.9092      1.3792
0.013229      8.4746      1.9988      3.6879
0.013325      8.4746      2.0921      4.3239
0.013229      8.4746      2.1908      5.6897
0.012944      8.4746       2.297      1.1082
0.012482      8.4746      2.4145      3.0858
0.011861      8.4746      2.4145      2.6939
0.011642      8.4034      1.7358      2.2316
0.012239      8.4034      1.8198       4.649
0.012683      8.4034      1.9056      3.3097
0.012956      8.4034      1.9941      1.8044
0.013048      8.4034      2.0863      2.9859
0.012956      8.4034      2.1835     0.54437
0.012683      8.4034       2.288      5.3264
0.012239      8.4034      2.4031        1.99
0.011642      8.4034      2.4031      2.3853
0.011429      8.3333      1.7341      2.0879
0.012003      8.3333      1.8172      1.4536
0.012428      8.3333      1.9021     0.46951
0.01269      8.3333      1.9895      4.3185
0.012779      8.3333      2.0805      4.8405
0.01269      8.3333      2.1764      5.0506
0.012428      8.3333      2.2792      3.4693
0.012003      8.3333       2.392      3.1693
0.011429      8.3333       2.392      5.1499
0.011221      8.2645      1.7325      2.1335
0.011772      8.2645      1.8147      2.4541
0.012181      8.2645      1.8986      2.3335
0.012432      8.2645       1.985       2.776
0.012517      8.2645      2.0749      3.9797
0.012432      8.2645      2.1694     0.36312
0.012181      8.2645      2.2705      2.0912
0.011772      8.2645      2.3812     0.24264
0.011221      8.2645      2.5066     0.86864
0.011017      8.1967      1.7308      4.8766
0.011547      8.1967      1.8122      2.6164
0.01194      8.1967      1.8952      2.1872
0.012181      8.1967      1.9806      5.1209
0.012262      8.1967      2.0693      5.3501
0.012181      8.1967      2.1626      2.8036
0.01194      8.1967      2.2621      3.6148
0.011547      8.1967      2.3706      1.4333
0.011017      8.1967       2.493     0.84273
0.010818      8.1301      1.7292      4.8862
0.011328      8.1301      1.8097      0.8595
0.011705      8.1301      1.8918      4.3463
0.011937      8.1301      1.9762      2.2512
0.012015      8.1301      2.0638      1.4072
0.011937      8.1301      2.1558      5.7883
0.011705      8.1301      2.2538       3.863
0.011328      8.1301      2.3603      4.5841
0.010818      8.1301      2.4798      1.6494
0.010624      8.0645      1.7276      6.2437
0.011114      8.0645      1.8073      3.1087
0.011477      8.0645      1.8885      1.5002
0.011699      8.0645      1.9719      4.4196
0.011774      8.0645      2.0585      3.1173
0.011699      8.0645      2.1492      5.1568
0.011477      8.0645      2.2456      1.5274
0.011114      8.0645      2.3502      3.0941
0.010624      8.0645       2.467      1.6232
0.010434           8       1.726     0.91585
0.010906           8      1.8048       3.359
0.011254           8      1.8852      6.1267
0.011468           8      1.9677      2.7718
0.01154           8      2.0532      3.2497
0.011468           8      2.1427       2.047
0.011254           8      2.2377       4.099
0.010906           8      2.3404      2.0674
0.010434           8      2.4546      3.1899
0.010248      7.9365      1.7244      1.0986
0.010702      7.9365      1.8025      5.9622
0.011038      7.9365      1.8819      3.0214
0.011243      7.9365      2.0479      4.5848
0.011313      7.9365      2.1362     0.78779
0.011243      7.9365      2.1362       6.188
0.011038      7.9365      2.2298     0.82148
0.010702      7.9365      2.3308      6.0822
0.010248      7.9365      2.4425      2.7886
0.010067       7.874      1.7229      2.7913
0.010504       7.874      1.8001      5.7742
0.010827       7.874      1.9594      2.8071
0.011024       7.874      2.0428      4.3789
0.011091       7.874      2.1299      1.6233
0.011024       7.874      2.2221      4.4432
0.010827       7.874      2.2221      5.1903
0.010504       7.874      2.3213      3.9259
0.010067       7.874      2.4308      4.0773
0.0098898      7.8125      1.7214      1.5771
0.010311      7.8125      1.7978      0.6235
0.010621      7.8125      1.9553      1.7239
0.010811      7.8125      2.0377      1.1422
0.010875      7.8125      2.1237      1.1044
0.010811      7.8125      2.2146      6.2503
0.010621      7.8125      2.3121      2.3379
0.010311      7.8125      2.3121      3.6684
0.0098898      7.8125      2.4193      4.2987
