
[NumberOfWaves] 738
=================================
0.0119509      29.4118    -0.349056      0.58137
0.0125489      29.4118    -0.261792      2.09838
0.0129925      29.4118    -0.174528      4.09054
0.0132655      29.4118   -0.0872639      3.16607
0.0133577      29.4118            0       3.3358
0.0132655      29.4118    0.0872639      2.38203
0.0129925      29.4118     0.174528      4.83105
0.0125489      29.4118     0.261792      1.77502
0.0119509      29.4118     0.349056      4.07938
0.0151458      28.5714    -0.349056      5.79408
0.0160253      28.5714    -0.261792      2.07761
0.016682      28.5714    -0.174528      5.11084
0.0170878      28.5714   -0.0872639      4.94871
0.0172251      28.5714            0     0.781118
0.0170878      28.5714    0.0872639     0.988866
0.016682      28.5714     0.174528      2.60743
0.0160253      28.5714     0.261792      4.31851
0.0151458      28.5714     0.349056      4.13235
0.0184079      27.7778    -0.349056       4.2723
0.0196437      27.7778    -0.261792    0.0589765
0.0205733      27.7778    -0.174528     0.808054
0.0211505      27.7778   -0.0872639      4.79962
0.0213463      27.7778            0      5.28976
0.0211505      27.7778    0.0872639      4.69308
0.0205733      27.7778     0.174528      5.93444
0.0196437      27.7778     0.261792      5.77856
0.0184079      27.7778     0.349056      1.40158
0.021596       27.027    -0.349056      3.20287
0.0232668       27.027    -0.261792      4.94937
0.0245338       27.027    -0.174528      3.28257
0.0253249       27.027   -0.0872639      3.87907
0.0255938       27.027            0      3.50743
0.0253249       27.027    0.0872639      4.59282
0.0245338       27.027     0.174528     0.398355
0.0232668       27.027     0.261792      3.09618
0.021596       27.027     0.349056      1.44461
0.0245943      26.3158    -0.349056      2.11983
0.0267803      26.3158    -0.261792      3.46594
0.028453      26.3158    -0.174528      4.67258
0.0295036      26.3158   -0.0872639      2.59052
0.0298619      26.3158            0      3.18937
0.0295036      26.3158    0.0872639     0.810333
0.028453      26.3158     0.174528      1.34981
0.0267803      26.3158     0.261792      1.83985
0.0245943      26.3158     0.349056      2.82714
0.0273281       25.641    -0.349056      1.50969
0.0301105       25.641    -0.261792      1.65408
0.0322612       25.641    -0.174528      5.60181
0.0336211       25.641   -0.0872639      3.68272
0.0340864       25.641            0      5.89769
0.0336211       25.641    0.0872639       3.8834
0.0322612       25.641     0.174528      1.57527
0.0301105       25.641     0.261792     0.644243
0.0273281       25.641     0.349056       3.4328
0.0297803           25    -0.349056      2.78114
0.0332445           25    -0.261792      4.34473
0.0359522           25    -0.174528      4.77156
0.037677           25   -0.0872639      2.50956
0.0382694           25            0      3.56506
0.037677           25    0.0872639      1.29168
0.0359522           25     0.174528      5.92819
0.0332445           25     0.261792      3.22196
0.0297803           25     0.349056      1.73566
0.0320074      24.3902    -0.349056      1.43968
0.0362511      24.3902    -0.261792      5.98725
0.0396092      24.3902    -0.174528      4.33163
0.0417659      24.3902   -0.0872639      4.44756
0.0425096      24.3902            0      4.12744
0.0417659      24.3902    0.0872639      4.89425
0.0396092      24.3902     0.174528      3.64709
0.0362511      24.3902     0.261792      3.16179
0.0320074      24.3902     0.349056      5.52107
0.0341483      23.8095    -0.349056       2.4689
0.0392974      23.8095    -0.261792      1.52448
0.0434274      23.8095    -0.174528      1.76946
0.046104      23.8095   -0.0872639      5.68468
0.0470311      23.8095            0      4.41491
0.046104      23.8095    0.0872639      5.35975
0.0434274      23.8095     0.174528      2.37927
0.0392974      23.8095     0.261792      3.97727
0.0341483      23.8095     0.349056     0.198272
0.0364138      23.2558    -0.349056      5.78057
0.0426458      23.2558    -0.261792      2.95142
0.0477195      23.2558    -0.174528      3.26655
0.0510402      23.2558   -0.0872639      4.81474
0.0521963      23.2558            0      2.11245
0.0510402      23.2558    0.0872639      3.93306
0.0477195      23.2558     0.174528      2.05393
0.0426458      23.2558     0.261792      1.95468
0.0364138      23.2558     0.349056      4.05931
0.0390446      22.7273    -0.349056      2.72488
0.0466153      22.7273    -0.261792     0.646436
0.0528804      22.7273    -0.174528      1.48374
0.0570258      22.7273   -0.0872639      6.10571
0.0584767      22.7273            0      4.39117
0.0570258      22.7273    0.0872639      4.14333
0.0528804      22.7273     0.174528      2.04887
0.0466153      22.7273     0.261792     0.124541
0.0390446      22.7273     0.349056      3.58428
0.0422221      22.2222    -0.349056     0.228292
0.0514827      22.2222    -0.261792      1.66338
0.0592844      22.2222    -0.174528      1.19791
0.0645081      22.2222   -0.0872639      2.82295
0.0663473      22.2222            0      4.82946
0.0645081      22.2222    0.0872639      3.94532
0.0592844      22.2222     0.174528      1.97726
0.0514827      22.2222     0.261792      1.83491
0.0422221      22.2222     0.349056     0.491569
0.0459273      21.7391    -0.349056      1.08032
0.0573054      21.7391    -0.261792       4.5318
0.06708      21.7391    -0.174528     0.562005
0.0737101      21.7391   -0.0872639      5.76661
0.0760596      21.7391            0      2.69966
0.0737101      21.7391    0.0872639     0.500899
0.06708      21.7391     0.174528      3.59478
0.0573054      21.7391     0.261792      5.22603
0.0459273      21.7391     0.349056      2.18251
0.0497678      21.2766    -0.349056      4.90004
0.0636775      21.2766    -0.261792       4.4505
0.0758837      21.2766    -0.174528      3.71289
0.084281      21.2766   -0.0872639      2.36865
0.0872778      21.2766            0       2.4744
0.084281      21.2766    0.0872639      2.69106
0.0758837      21.2766     0.174528      2.65787
0.0636775      21.2766     0.261792       1.3755
0.0497678      21.2766     0.349056      3.12117
0.0528828      20.8333    -0.349056     0.250501
0.0695399      20.8333    -0.261792      3.54874
0.0844988      20.8333    -0.174528     0.308765
0.0949492      20.8333   -0.0872639      5.48054
0.0987075      20.8333            0      5.40354
0.0949492      20.8333    0.0872639      2.12527
0.0844988      20.8333     0.174528      6.11983
0.0695399      20.8333     0.261792      5.99885
0.0528828      20.8333     0.349056      6.21151
0.0541201      20.4082    -0.349056      0.99094
0.0733149      20.4082    -0.261792     0.018336
0.090991      20.4082    -0.174528      1.55931
0.103547      20.4082   -0.0872639      2.17574
0.108101      20.4082            0      1.46607
0.103547      20.4082    0.0872639      4.74926
0.090991      20.4082     0.174528       1.4195
0.0733149      20.4082     0.261792      2.81757
0.0541201      20.4082     0.349056      1.63009
0.0525843           20    -0.349056      2.17263
0.0735703           20    -0.261792      5.67327
0.0934285           20    -0.174528    0.0797996
0.107792           20   -0.0872639     0.830756
0.113048           20            0       2.4382
0.107792           20    0.0872639      5.28162
0.0934285           20     0.174528      1.33995
0.0735703           20     0.261792      5.87608
0.0525843           20     0.349056      6.09326
0.0531752      19.6078    -0.349056      2.35775
0.0732      19.6078    -0.261792      6.18789
0.0918916      19.6078    -0.174528     0.767064
0.105289      19.6078   -0.0872639       4.7811
0.110169      19.6078            0      3.64013
0.105289      19.6078    0.0872639      3.90273
0.0918916      19.6078     0.174528      3.07807
0.0732      19.6078     0.261792      1.38509
0.0531752      19.6078     0.349056     0.905595
0.0520506      19.2308    -0.349056      3.99081
0.070575      19.2308    -0.261792      5.04158
0.0876466      19.2308    -0.174528      4.20737
0.0997796      19.2308   -0.0872639      2.96308
0.104181      19.2308            0      5.93416
0.0997796      19.2308    0.0872639      3.71627
0.0876466      19.2308     0.174528      1.42466
0.070575      19.2308     0.261792      4.29659
0.0520506      19.2308     0.349056       2.0146
0.0496364      18.8679    -0.349056      4.70546
0.0663553      18.8679    -0.261792      6.27133
0.0815802      18.8679    -0.174528      1.69473
0.0923152      18.8679   -0.0872639      5.85494
0.0961937      18.8679            0       4.3754
0.0923152      18.8679    0.0872639     0.598514
0.0815802      18.8679     0.174528      1.54481
0.0663553      18.8679     0.261792      5.87245
0.0496364      18.8679     0.349056      3.01448
0.0465182      18.5185    -0.349056      5.54492
0.0613681      18.5185    -0.261792      4.89633
0.0747405      18.5185    -0.174528     0.114878
0.0840994      18.5185   -0.0872639       4.8427
0.0874682      18.5185            0      4.30887
0.0840994      18.5185    0.0872639      5.45155
0.0747405      18.5185     0.174528      3.64734
0.0613681      18.5185     0.261792      3.93382
0.0465182      18.5185     0.349056     0.698338
0.0432445      18.1818    -0.349056      1.34264
0.0563451      18.1818    -0.261792     0.228511
0.0680191      18.1818    -0.174528      2.79308
0.0761326      18.1818   -0.0872639      2.05191
0.079043      18.1818            0      1.80507
0.0761326      18.1818    0.0872639      3.11921
0.0680191      18.1818     0.174528      1.14165
0.0563451      18.1818     0.261792      5.86701
0.0432445      18.1818     0.349056      5.90716
0.040207      17.8571    -0.349056      3.71616
0.0517803      17.8571    -0.261792   0.00508055
0.0619923      17.8571    -0.174528      5.67359
0.0690433      17.8571   -0.0872639      4.29062
0.0715643      17.8571            0     0.464006
0.0690433      17.8571    0.0872639      6.26028
0.0619923      17.8571     0.174528      1.97573
0.0517803      17.8571     0.261792      5.08433
0.040207      17.8571     0.349056      2.89929
0.0376147      17.5439    -0.349056      3.68901
0.0479143      17.5439    -0.261792      3.00073
0.0569186      17.5439    -0.174528      3.47107
0.0630977      17.5439   -0.0872639      1.10151
0.0653001      17.5439            0      3.68966
0.0630977      17.5439    0.0872639     0.972618
0.0569186      17.5439     0.174528      2.79878
0.0479143      17.5439     0.261792      3.37788
0.0376147      17.5439     0.349056      2.90212
0.0355287      17.2414    -0.349056      5.24071
0.0447935      17.2414    -0.261792      6.25895
0.0528229      17.2414    -0.174528      6.10861
0.0583012      17.2414   -0.0872639      4.68667
0.0602482      17.2414            0      1.25633
0.0583012      17.2414    0.0872639     0.228257
0.0528229      17.2414     0.174528        1.185
0.0447935      17.2414     0.261792      3.62873
0.0355287      17.2414     0.349056      3.94744
0.0339154      16.9492    -0.349056      2.29188
0.042347      16.9492    -0.261792      3.99949
0.0495945      16.9492    -0.174528          5.6
0.0545125      16.9492   -0.0872639      1.59285
0.0562556      16.9492            0       1.7992
0.0545125      16.9492    0.0872639     0.788009
0.0495945      16.9492     0.174528      3.32103
0.042347      16.9492     0.261792      5.15688
0.0339154      16.9492     0.349056      1.88349
0.032693      16.6667    -0.349056      4.94899
0.0404494      16.6667    -0.261792      2.74575
0.0470652      16.6667    -0.174528      3.45904
0.0515315      16.6667   -0.0872639      6.19576
0.0531105      16.6667            0      4.33389
0.0515315      16.6667    0.0872639      6.09537
0.0470652      16.6667     0.174528     0.602953
0.0404494      16.6667     0.261792      5.64271
0.032693      16.6667     0.349056     0.367198
0.031765      16.3934    -0.349056     0.774808
0.038964      16.3934    -0.261792      3.96285
0.0450597      16.3934    -0.174528      2.32537
0.0491549      16.3934   -0.0872639      2.00787
0.0505993      16.3934            0      4.99935
0.0491549      16.3934    0.0872639      1.89561
0.0450597      16.3934     0.174528      3.81668
0.038964      16.3934     0.261792      2.90257
0.031765      16.3934     0.349056      1.83836
0.0310406       16.129    -0.349056      5.23009
0.0377669       16.129    -0.261792      3.58461
0.0434232       16.129    -0.174528     0.443002
0.0472058       16.129   -0.0872639      1.67324
0.0485368       16.129            0      1.07361
0.0472058       16.129    0.0872639      3.52041
0.0434232       16.129     0.174528      1.26973
0.0377669       16.129     0.261792      3.09355
0.0310406       16.129     0.349056      4.58262
0.0304448       15.873    -0.349056      6.00024
0.0367581       15.873    -0.261792      4.78996
0.0420327       15.873    -0.174528     0.503068
0.0455448       15.873   -0.0872639        5.895
0.0467779       15.873            0      6.12262
0.0455448       15.873    0.0872639      3.81447
0.0420327       15.873     0.174528      6.01594
0.0367581       15.873     0.261792      2.07748
0.0304448       15.873     0.349056      5.66233
0.0299215       15.625    -0.349056   0.00229721
0.0358645       15.625    -0.261792      3.03645
0.040799       15.625    -0.174528     0.926584
0.0440713       15.625   -0.0872639       1.9791
0.0452178       15.625            0      1.07675
0.0440713       15.625    0.0872639      3.72523
0.040799       15.625     0.174528      4.13175
0.0358645       15.625     0.261792      2.19253
0.0299215       15.625     0.349056     0.337356
0.0294329      15.3846    -0.349056     0.296357
0.0350367      15.3846    -0.261792     0.350955
0.0396625      15.3846    -0.174528      0.44931
0.0427181      15.3846   -0.0872639    0.0984894
0.0437867      15.3846            0      6.11763
0.0427181      15.3846    0.0872639      4.61673
0.0396625      15.3846     0.174528      4.72724
0.0350367      15.3846     0.261792     0.209309
0.0294329      15.3846     0.349056     0.738919
0.0289559      15.1515    -0.349056      1.64177
0.0342446      15.1515    -0.261792      5.61297
0.0385862      15.1515    -0.174528      6.10746
0.0414435      15.1515   -0.0872639      6.24577
0.042441      15.1515            0      2.17886
0.0414435      15.1515    0.0872639      1.83653
0.0385862      15.1515     0.174528      1.17648
0.0342446      15.1515     0.261792       4.6692
0.0289559      15.1515     0.349056      4.51131
0.028478      14.9254    -0.349056      1.18683
0.0334716      14.9254    -0.261792      2.72643
0.0375495      14.9254    -0.174528     0.286462
0.0402239      14.9254   -0.0872639      4.11834
0.0411558      14.9254            0      4.90729
0.0402239      14.9254    0.0872639       5.4216
0.0375495      14.9254     0.174528      4.93437
0.0334716      14.9254     0.261792      2.72363
0.028478      14.9254     0.349056      2.18536
0.0279937      14.7059    -0.349056     0.348006
0.0327097      14.7059    -0.261792      5.14855
0.0365417      14.7059    -0.174528     0.666251
0.0390465      14.7059   -0.0872639    0.0381632
0.0399179      14.7059            0      1.72809
0.0390465      14.7059    0.0872639      5.92343
0.0365417      14.7059     0.174528      4.23637
0.0327097      14.7059     0.261792      2.42309
0.0279937      14.7059     0.349056      5.38419
0.0275016      14.4928    -0.349056      4.23992
0.0319559      14.4928    -0.261792      3.82067
0.0355581      14.4928    -0.174528      2.76091
0.0379053      14.4928   -0.0872639      6.03975
0.0387206      14.4928            0      5.17032
0.0379053      14.4928    0.0872639    0.0659679
0.0355581      14.4928     0.174528     0.889778
0.0319559      14.4928     0.261792      3.03349
0.0275016      14.4928     0.349056      3.64803
0.0270024      14.2857    -0.349056      1.84085
0.0312098      14.2857    -0.261792       2.7574
0.0345971      14.2857    -0.174528       2.5023
0.0367977      14.2857   -0.0872639      0.86269
0.0375609      14.2857            0       5.9862
0.0367977      14.2857    0.0872639      2.26216
0.0345971      14.2857     0.174528      5.25873
0.0312098      14.2857     0.261792     0.259712
0.0270024      14.2857     0.349056      2.66293
0.0264977      14.0845    -0.349056     0.475233
0.0304723      14.0845    -0.261792       1.9717
0.0336585      14.0845    -0.174528      5.94361
0.0357226      14.0845   -0.0872639      5.36885
0.0364375      14.0845            0       1.0903
0.0357226      14.0845    0.0872639      3.36696
0.0336585      14.0845     0.174528      1.85279
0.0304723      14.0845     0.261792      5.67275
0.0264977      14.0845     0.349056     0.511357
0.0259895      13.8889    -0.349056       4.9477
0.0297447      13.8889    -0.261792      1.09581
0.0327428      13.8889    -0.174528      4.52368
0.0346797      13.8889   -0.0872639       1.4577
0.0353496      13.8889            0      1.30144
0.0346797      13.8889    0.0872639      1.35796
0.0327428      13.8889     0.174528      6.13642
0.0297447      13.8889     0.261792      2.39916
0.0259895      13.8889     0.349056      3.99152
0.0254797      13.6986    -0.349056     0.292562
0.0290282      13.6986    -0.261792      1.45809
0.0318502      13.6986    -0.174528      5.49662
0.0336687      13.6986   -0.0872639      2.89108
0.0342968      13.6986            0    0.0192484
0.0336687      13.6986    0.0872639      2.92123
0.0318502      13.6986     0.174528      5.17764
0.0290282      13.6986     0.261792      5.47806
0.0254797      13.6986     0.349056      1.89165
0.0249702      13.5135    -0.349056      1.48282
0.028324      13.5135    -0.261792      5.22481
0.0309812      13.5135    -0.174528       2.7504
0.0326893      13.5135   -0.0872639      3.18603
0.0332786      13.5135            0      1.16534
0.0326893      13.5135    0.0872639     0.951866
0.0309812      13.5135     0.174528      5.69746
0.028324      13.5135     0.261792      6.23745
0.0249702      13.5135     0.349056      2.45088
0.0244625      13.3333    -0.349056      5.19485
0.0276329      13.3333    -0.261792      5.99434
0.030136      13.3333    -0.174528      5.61601
0.0317412      13.3333   -0.0872639      5.28404
0.0322944      13.3333            0      4.29307
0.0317412      13.3333    0.0872639       1.0794
0.030136      13.3333     0.174528      1.49253
0.0276329      13.3333     0.261792      2.72861
0.0244625      13.3333     0.349056     0.157466
0.023958      13.1579    -0.349056      1.68791
0.0269558      13.1579    -0.261792      6.15834
0.0293147      13.1579    -0.174528      1.96465
0.030824      13.1579   -0.0872639      3.59232
0.0313435      13.1579            0      3.84308
0.030824      13.1579    0.0872639      5.66436
0.0293147      13.1579     0.174528      2.48832
0.0269558      13.1579     0.261792      4.35265
0.023958      13.1579     0.349056      1.28478
0.0234579       12.987    -0.349056     0.394904
0.0262933       12.987    -0.261792      3.91045
0.0285172       12.987    -0.174528      4.32283
0.0299371       12.987   -0.0872639       1.8647
0.0304253       12.987            0      3.59112
0.0299371       12.987    0.0872639      1.98683
0.0285172       12.987     0.174528      5.08608
0.0262933       12.987     0.261792      2.29642
0.0234579       12.987     0.349056       4.3905
0.0229632      12.8205    -0.349056      3.97982
0.0256457      12.8205    -0.261792      6.06045
0.0277432      12.8205    -0.174528      1.26161
0.0290797      12.8205   -0.0872639      3.75835
0.0295388      12.8205            0     0.525909
0.0290797      12.8205    0.0872639      3.42056
0.0277432      12.8205     0.174528      5.31636
0.0256457      12.8205     0.261792     0.255708
0.0229632      12.8205     0.349056      2.06937
0.0224747      12.6582    -0.349056      4.45684
0.0250134      12.6582    -0.261792      5.40533
0.0269926      12.6582    -0.174528      3.14715
0.0282512      12.6582   -0.0872639      6.25007
0.0286831      12.6582            0      2.69315
0.0282512      12.6582    0.0872639      1.67973
0.0269926      12.6582     0.174528      2.97156
0.0250134      12.6582     0.261792      1.01059
0.0224747      12.6582     0.349056     0.998355
0.0219932         12.5    -0.349056      1.68599
0.0243966         12.5    -0.261792      4.75699
0.026265         12.5    -0.174528      3.82744
0.0274509         12.5   -0.0872639      6.07524
0.0278575         12.5            0      4.85877
0.0274509         12.5    0.0872639      3.59931
0.026265         12.5     0.174528      2.82875
0.0243966         12.5     0.261792      1.80358
0.0219932         12.5     0.349056      4.72724
0.0215193      12.3457    -0.349056     0.592852
0.0237952      12.3457    -0.261792     0.670935
0.0255598      12.3457    -0.174528      4.61734
0.0266779      12.3457   -0.0872639       2.2279
0.0270608      12.3457            0      3.64812
0.0266779      12.3457    0.0872639      1.87771
0.0255598      12.3457     0.174528      4.48406
0.0237952      12.3457     0.261792      2.26493
0.0215193      12.3457     0.349056      4.51408
0.0210533      12.1951    -0.349056      6.25362
0.0232094      12.1951    -0.261792     0.525888
0.0248768      12.1951    -0.174528      2.94174
0.0259314      12.1951   -0.0872639     0.589365
0.0262923      12.1951            0      4.55625
0.0259314      12.1951    0.0872639      5.73038
0.0248768      12.1951     0.174528     0.542942
0.0232094      12.1951     0.261792      3.26685
0.0210533      12.1951     0.349056      3.47218
0.0205958      12.0482    -0.349056      4.30479
0.0226391      12.0482    -0.261792      1.88273
0.0242152      12.0482    -0.174528       3.7816
0.0252105      12.0482   -0.0872639       1.2472
0.0255509      12.0482            0      4.12641
0.0252105      12.0482    0.0872639      4.38778
0.0242152      12.0482     0.174528      2.88817
0.0226391      12.0482     0.261792     0.990573
0.0205958      12.0482     0.349056      2.65008
0.020147      11.9048    -0.349056      3.74501
0.022084      11.9048    -0.261792      2.02521
0.0235747      11.9048    -0.174528      5.21947
0.0245145      11.9048   -0.0872639      0.77083
0.0248356      11.9048            0      1.57817
0.0245145      11.9048    0.0872639      5.89099
0.0235747      11.9048     0.174528      4.11667
0.022084      11.9048     0.261792      4.73054
0.020147      11.9048     0.349056      5.09462
0.0197071      11.7647    -0.349056     0.304265
0.0215441      11.7647    -0.261792      2.60562
0.0229546      11.7647    -0.174528      4.55825
0.0238425      11.7647   -0.0872639     0.873614
0.0241457      11.7647            0      3.97436
0.0238425      11.7647    0.0872639      1.55085
0.0229546      11.7647     0.174528      5.27755
0.0215441      11.7647     0.261792       5.2568
0.0197071      11.7647     0.349056      2.84665
0.0192763      11.6279    -0.349056      2.48027
0.0210191      11.6279    -0.261792       6.0417
0.0223543      11.6279    -0.174528    0.0513843
0.0231937      11.6279   -0.0872639      2.50339
0.02348      11.6279            0      3.06467
0.0231937      11.6279    0.0872639      3.88375
0.0223543      11.6279     0.174528     0.439873
0.0210191      11.6279     0.261792     0.896508
0.0192763      11.6279     0.349056      4.11051
0.0188547      11.4943    -0.349056       1.3717
0.0205088      11.4943    -0.261792     0.748506
0.0217733      11.4943    -0.174528      0.27103
0.0225671      11.4943   -0.0872639       1.0402
0.0228378      11.4943            0      3.21128
0.0225671      11.4943    0.0872639      5.44904
0.0217733      11.4943     0.174528      4.81442
0.0205088      11.4943     0.261792     0.847897
0.0188547      11.4943     0.349056     0.407897
0.0184424      11.3636    -0.349056      4.22497
0.0200128      11.3636    -0.261792      3.02971
0.021211      11.3636    -0.174528      3.11271
0.0219622      11.3636   -0.0872639      1.96962
0.0222181      11.3636            0      2.03256
0.0219622      11.3636    0.0872639      5.71188
0.021211      11.3636     0.174528      2.82947
0.0200128      11.3636     0.261792      4.70368
0.0184424      11.3636     0.349056      1.16395
0.0180394       11.236    -0.349056     0.533565
0.019531       11.236    -0.261792      1.30076
0.0206668       11.236    -0.174528      3.51167
0.0213779       11.236   -0.0872639      4.15746
0.0216201       11.236            0      5.90108
0.0213779       11.236    0.0872639     0.252862
0.0206668       11.236     0.174528      1.02827
0.019531       11.236     0.261792      2.75273
0.0180394       11.236     0.349056      2.04617
0.0176456      11.1111    -0.349056     0.565045
0.0190629      11.1111    -0.261792      5.09124
0.0201401      11.1111    -0.174528      2.51043
0.0208137      11.1111   -0.0872639      4.11734
0.0210429      11.1111            0      3.56148
0.0208137      11.1111    0.0872639    0.0196147
0.0201401      11.1111     0.174528      4.09244
0.0190629      11.1111     0.261792      1.99232
0.0176456      11.1111     0.349056      1.67086
0.017261       10.989    -0.349056        2.893
0.0186082       10.989    -0.261792      3.91532
0.0196303       10.989    -0.174528      5.03805
0.0202687       10.989   -0.0872639      3.52579
0.0204858       10.989            0     0.155844
0.0202687       10.989    0.0872639      4.98581
0.0196303       10.989     0.174528      1.71582
0.0186082       10.989     0.261792      5.17035
0.017261       10.989     0.349056      4.32619
0.0168856      10.8696    -0.349056      3.79432
0.0181667      10.8696    -0.261792      2.43121
0.0191369      10.8696    -0.174528     0.411759
0.0197422      10.8696   -0.0872639      6.27416
0.019948      10.8696            0      4.15334
0.0197422      10.8696    0.0872639      1.43989
0.0191369      10.8696     0.174528     0.579635
0.0181667      10.8696     0.261792      1.51407
0.0168856      10.8696     0.349056      5.67085
0.0165193      10.7527    -0.349056       1.3656
0.0177379      10.7527    -0.261792      3.01284
0.0186593      10.7527    -0.174528      5.71268
0.0192335      10.7527   -0.0872639      1.21754
0.0194286      10.7527            0      2.81471
0.0192335      10.7527    0.0872639      3.88164
0.0186593      10.7527     0.174528      3.73344
0.0177379      10.7527     0.261792      4.18371
0.0165193      10.7527     0.349056      1.68183
0.0161618      10.6383    -0.349056      2.66316
0.0173215      10.6383    -0.261792      5.02215
0.018197      10.6383    -0.174528      5.85772
0.018742      10.6383   -0.0872639      2.95125
0.018927      10.6383            0       1.9245
0.018742      10.6383    0.0872639      2.76057
0.018197      10.6383     0.174528        1.928
0.0173215      10.6383     0.261792      1.72791
0.0161618      10.6383     0.349056      0.87175
0.0158132      10.5263    -0.349056      1.04642
0.0169172      10.5263    -0.261792      3.10347
0.0177494      10.5263    -0.174528     0.544004
0.0182669      10.5263   -0.0872639      5.82333
0.0184425      10.5263            0     0.932876
0.0182669      10.5263    0.0872639      1.00829
0.0177494      10.5263     0.174528      4.50946
0.0169172      10.5263     0.261792      4.24036
0.0158132      10.5263     0.349056      2.25258
0.0154732      10.4167    -0.349056     0.568347
0.0165247      10.4167    -0.261792    0.0518225
0.0173161      10.4167    -0.174528      2.34217
0.0178077      10.4167   -0.0872639      4.95293
0.0179745      10.4167            0       2.8103
0.0178077      10.4167    0.0872639     0.625942
0.0173161      10.4167     0.174528      5.06304
0.0165247      10.4167     0.261792      4.14336
0.0154732      10.4167     0.349056       2.8422
0.0151417      10.3093    -0.349056      3.35112
0.0161435      10.3093    -0.261792      3.30903
0.0168964      10.3093    -0.174528      3.95629
0.0173637      10.3093   -0.0872639      4.06236
0.0175221      10.3093            0      1.20527
0.0173637      10.3093    0.0872639      5.03728
0.0168964      10.3093     0.174528      1.23506
0.0161435      10.3093     0.261792      2.58416
0.0151417      10.3093     0.349056      1.48086
0.0148186      10.2041    -0.349056      1.71027
0.0157734      10.2041    -0.261792    0.0544641
0.01649      10.2041    -0.174528      5.83239
0.0169344      10.2041   -0.0872639      3.26854
0.0170849      10.2041            0       2.9161
0.0169344      10.2041    0.0872639      3.28934
0.01649      10.2041     0.174528      2.11619
0.0157734      10.2041     0.261792      2.08834
0.0148186      10.2041     0.349056      6.20941
0.0145036       10.101    -0.349056      2.97636
0.015414       10.101    -0.261792      4.69253
0.0160964       10.101    -0.174528      4.20935
0.0165191       10.101   -0.0872639       4.9987
0.0166623       10.101            0      1.71239
0.0165191       10.101    0.0872639      1.78384
0.0160964       10.101     0.174528      4.50652
0.015414       10.101     0.261792      1.16008
0.0145036       10.101     0.349056      5.23816
0.0141967           10    -0.349056      1.06601
0.015065           10    -0.261792      5.98937
0.015715           10    -0.174528      4.53977
0.0161174           10   -0.0872639     0.843483
0.0162536           10            0      5.35998
0.0161174           10    0.0872639      5.85383
0.015715           10     0.174528      3.54477
0.015065           10     0.261792      2.50581
0.0141967           10     0.349056      2.77459
0.013898       9.901    -0.34906      4.4087
0.014726       9.901    -0.26179      1.6339
0.015346       9.901    -0.17453     0.17925
0.015729       9.901   -0.087264      5.9561
0.015858       9.901           0      6.2589
0.015729       9.901    0.087264      4.8975
0.015346       9.901     0.17453      6.2164
0.014726       9.901     0.26179      3.0633
0.013898       9.901     0.34906     0.80412
0.013606      9.8039    -0.34906      2.9176
0.014397      9.8039    -0.26179      4.6657
0.014988      9.8039    -0.17453      4.2309
0.015352      9.8039   -0.087264      5.4912
0.015476      9.8039           0      4.7641
0.015352      9.8039    0.087264      3.8777
0.014988      9.8039     0.17453      1.7267
0.014397      9.8039     0.26179      2.1135
0.013606      9.8039     0.34906      5.2509
0.013322      9.7087    -0.34906      2.4245
0.014077      9.7087    -0.26179     0.50482
0.014641      9.7087    -0.17453      5.4385
0.014988      9.7087   -0.087264      2.7355
0.015106      9.7087           0      1.0812
0.014988      9.7087    0.087264    0.026994
0.014641      9.7087     0.17453      4.0996
0.014077      9.7087     0.26179      2.3228
0.013322      9.7087     0.34906       2.363
0.013045      9.6154    -0.34906       2.773
0.013767      9.6154    -0.26179      3.2428
0.014304      9.6154    -0.17453      1.8856
0.014636      9.6154   -0.087264      3.0053
0.014748      9.6154           0    0.039249
0.014636      9.6154    0.087264      1.0771
0.014304      9.6154     0.17453      1.9073
0.013767      9.6154     0.26179      4.6775
0.013045      9.6154     0.34906      3.6498
0.012776      9.5238    -0.34906      4.4057
0.013465      9.5238    -0.26179      5.0557
0.013978      9.5238    -0.17453       5.353
0.014294      9.5238   -0.087264     0.73964
0.014401      9.5238           0      4.1296
0.014294      9.5238    0.087264      4.7308
0.013978      9.5238     0.17453      4.4115
0.013465      9.5238     0.26179       3.802
0.012776      9.5238     0.34906     0.24043
0.012513       9.434    -0.34906      1.2261
0.013172       9.434    -0.26179      2.0777
0.013662       9.434    -0.17453      4.0389
0.013964       9.434   -0.087264      1.3659
0.014066       9.434           0     0.48322
0.013964       9.434    0.087264       6.161
0.013662       9.434     0.17453      1.2991
0.013172       9.434     0.26179      6.1778
0.012513       9.434     0.34906       3.835
0.012257      9.3458    -0.34906       1.558
0.012887      9.3458    -0.26179      3.2543
0.013355      9.3458    -0.17453      4.4787
0.013643      9.3458   -0.087264      1.6328
0.013741      9.3458           0     0.72057
0.013643      9.3458    0.087264      3.4536
0.013355      9.3458     0.17453      1.3754
0.012887      9.3458     0.26179      1.9614
0.012257      9.3458     0.34906      6.1142
0.012008      9.2593    -0.34906      1.9426
0.01261      9.2593    -0.26179      5.9453
0.013058      9.2593    -0.17453      2.5796
0.013333      9.2593   -0.087264    0.064926
0.013426      9.2593           0      1.9482
0.013333      9.2593    0.087264     0.97516
0.013058      9.2593     0.17453      6.2458
0.01261      9.2593     0.26179      2.8289
0.012008      9.2593     0.34906      3.4256
0.011765      9.1743    -0.34906      1.6482
0.012341      9.1743    -0.26179       5.545
0.012769      9.1743    -0.17453     0.64753
0.013032      9.1743   -0.087264      5.1744
0.013121      9.1743           0      2.6839
0.013032      9.1743    0.087264      5.7825
0.012769      9.1743     0.17453      3.3175
0.012341      9.1743     0.26179      5.4715
0.011765      9.1743     0.34906      2.2167
0.011528      9.0909    -0.34906      2.5142
0.01208      9.0909    -0.26179      3.7567
0.012489      9.0909    -0.17453      5.7271
0.01274      9.0909   -0.087264     0.83556
0.012825      9.0909           0     0.26494
0.01274      9.0909    0.087264      2.5197
0.012489      9.0909     0.17453      3.7428
0.01208      9.0909     0.26179      5.7783
0.011528      9.0909     0.34906      1.8458
0.011297       9.009    -0.34906      3.4245
0.011826       9.009    -0.26179      4.9113
0.012217       9.009    -0.17453      2.0571
0.012457       9.009   -0.087264     0.59854
0.012538       9.009           0      2.7751
0.012457       9.009    0.087264     0.18269
0.012217       9.009     0.17453      4.2435
0.011826       9.009     0.26179     0.70112
0.011297       9.009     0.34906      1.2543
0.011072      8.9286    -0.34906       3.331
0.011579      8.9286    -0.26179      3.9417
0.011953      8.9286    -0.17453      2.3473
0.012183      8.9286   -0.087264      3.8103
0.01226      8.9286           0      5.3179
0.012183      8.9286    0.087264      4.4103
0.011953      8.9286     0.17453      2.4684
0.011579      8.9286     0.26179      3.5931
0.011072      8.9286     0.34906      1.5693
0.010853      8.8496    -0.34906      4.5699
0.011338      8.8496    -0.26179      2.1571
0.011697      8.8496    -0.17453     0.49406
0.011917      8.8496   -0.087264      1.8989
0.011991      8.8496           0      1.8874
0.011917      8.8496    0.087264      0.1459
0.011697      8.8496     0.17453      1.1065
0.011338      8.8496     0.26179      5.4092
0.010853      8.8496     0.34906      4.1213
0.01064      8.7719    -0.34906      5.3816
0.011105      8.7719    -0.26179      1.7023
0.011448      8.7719    -0.17453      5.6292
0.011658      8.7719   -0.087264      1.3118
0.011729      8.7719           0      6.0579
0.011658      8.7719    0.087264      2.6034
0.011448      8.7719     0.17453      1.4424
0.011105      8.7719     0.26179      5.1418
0.01064      8.7719     0.34906      2.2647
0.010432      8.6957    -0.34906      3.1511
0.010877      8.6957    -0.26179      4.6976
0.011206      8.6957    -0.17453      5.2265
0.011408      8.6957   -0.087264      2.4785
0.011476      8.6957           0     0.60717
0.011408      8.6957    0.087264      1.6675
0.011206      8.6957     0.17453      4.9758
0.010877      8.6957     0.26179      5.8863
0.010432      8.6957     0.34906      3.5704
