
[NumberOfWaves] 801
=================================
0.0175209           25    -0.325503     0.500899
0.0186972           25    -0.325503      3.59478
0.0195819           25    -0.325503      5.22603
0.0201313           25            0      2.18251
0.0203177           25            0      4.90004
0.0201313           25            0       4.4505
0.0195819           25     0.325503      3.71289
0.0186972           25     0.325503      2.36865
0.0175209           25     0.325503       2.4744
0.0202585      24.3902    -0.317189      2.69106
0.021804      24.3902    -0.317189      2.65787
0.0229749      24.3902    -0.317189       1.3755
0.0237056      24.3902            0      3.12117
0.0239539      24.3902            0     0.250501
0.0237056      24.3902            0      3.54874
0.0229749      24.3902     0.317189     0.308765
0.021804      24.3902     0.317189      5.48054
0.0202585      24.3902     0.317189      5.40354
0.022857      23.8095    -0.309285      2.12527
0.0248334      23.8095    -0.309285      6.11983
0.0263429      23.8095    -0.309285      5.99885
0.0272898      23.8095            0      6.21151
0.0276126      23.8095            0      0.99094
0.0272898      23.8095            0     0.018336
0.0263429      23.8095     0.309285      1.55931
0.0248334      23.8095     0.309285      2.17574
0.022857      23.8095     0.309285      1.46607
0.0252593      23.2558    -0.301761      4.74926
0.027729      23.2558    -0.301761       1.4195
0.029632      23.2558    -0.301761      2.81757
0.0308329      23.2558            0      1.63009
0.0312433      23.2558            0      2.17263
0.0308329      23.2558            0      5.67327
0.029632      23.2558     0.301761    0.0797996
0.027729      23.2558     0.301761     0.830756
0.0252593      23.2558     0.301761       2.4382
0.0274421      22.7273    -0.294587      5.28162
0.0304695      22.7273    -0.294587      1.33995
0.032825      22.7273    -0.294587      5.87608
0.0343209      22.7273            0      6.09326
0.0348339      22.7273            0      2.35775
0.0343209      22.7273            0      6.18789
0.032825      22.7273     0.294587     0.767064
0.0304695      22.7273     0.294587       4.7811
0.0274421      22.7273     0.294587      3.64013
0.0294255      22.2222     -0.28774      3.90273
0.0330809      22.2222     -0.28774      3.07807
0.0359552      22.2222     -0.28774      1.38509
0.0377936      22.2222            0     0.905595
0.0384262      22.2222            0      3.99081
0.0377936      22.2222            0      5.04158
0.0359552      22.2222      0.28774      4.20737
0.0330809      22.2222      0.28774      2.96308
0.0294255      22.2222      0.28774      5.93416
0.03128      21.7391    -0.281197      3.71627
0.0356474      21.7391    -0.281197      1.42466
0.0391215      21.7391    -0.281197      4.29659
0.0413606      21.7391            0       2.0146
0.0421341      21.7391            0      4.70546
0.0413606      21.7391            0      6.27133
0.0391215      21.7391     0.281197      1.69473
0.0356474      21.7391     0.281197      5.85494
0.03128      21.7391     0.281197       4.3754
0.0331268      21.2766    -0.274935     0.598514
0.0383163      21.2766    -0.274935      1.54481
0.0424968      21.2766    -0.274935      5.87245
0.0452139      21.2766            0      3.01448
0.0461564      21.2766            0      5.54492
0.0452139      21.2766            0      4.89633
0.0424968      21.2766     0.274935     0.114878
0.0383163      21.2766     0.274935       4.8427
0.0331268      21.2766     0.274935      4.30887
0.0351251      20.8333    -0.268938      5.45155
0.0412893      20.8333    -0.268938      3.64734
0.0463237      20.8333    -0.268938      3.93382
0.0496256      20.8333            0     0.698338
0.0507763      20.8333            0      1.34264
0.0496256      20.8333            0     0.228511
0.0463237      20.8333     0.268938      2.79308
0.0412893      20.8333     0.268938      2.05191
0.0351251      20.8333     0.268938      1.80507
0.0374404      20.4082    -0.263187      3.11921
0.0447906      20.4082    -0.263187      1.14165
0.0508837      20.4082    -0.263187      5.86701
0.0549198      20.4082            0      5.90716
0.0563333      20.4082            0      3.71616
0.0549198      20.4082            0   0.00508055
0.0508837      20.4082     0.263187      5.67359
0.0447906      20.4082     0.263187      4.29062
0.0374404      20.4082     0.263187     0.464006
0.0401876           20    -0.257666      6.26028
0.0490019           20    -0.257666      1.97573
0.0564276           20    -0.257666      5.08433
0.0613996           20            0      2.89929
0.0631502           20            0      3.68901
0.0613996           20            0      3.00073
0.0564276           20     0.257666      3.47107
0.0490019           20     0.257666      1.10151
0.0401876           20     0.257666      3.68966
0.0433461      19.6078    -0.252362     0.972618
0.0539553      19.6078    -0.252362      2.79878
0.0630509      19.6078    -0.252362      3.37788
0.0692122      19.6078            0      2.90212
0.0713941      19.6078            0      5.24071
0.0692122      19.6078            0      6.25895
0.0630509      19.6078     0.252362      6.10861
0.0539553      19.6078     0.252362      4.68667
0.0433461      19.6078     0.252362      1.25633
0.0466614      19.2308     -0.24726     0.228257
0.0593933      19.2308     -0.24726        1.185
0.0705168      19.2308     -0.24726      3.62873
0.078147      19.2308            0      3.94744
0.0808661      19.2308            0      2.29188
0.078147      19.2308            0      3.99949
0.0705168      19.2308      0.24726          5.6
0.0593933      19.2308      0.24726      1.59285
0.0466614      19.2308      0.24726       1.7992
0.0495817      18.8679     -0.24235     0.788009
0.0646503      18.8679     -0.24235      3.32103
0.0780865      18.8679     -0.24235      5.15688
0.0874287      18.8679            0      1.88349
0.0907805      18.8679            0      4.94899
0.0874287      18.8679            0      2.74575
0.0780865      18.8679      0.24235      3.45904
0.0646503      18.8679      0.24235      6.19576
0.0495817      18.8679      0.24235      4.33389
0.0513234      18.5185    -0.237618      6.09537
0.068684      18.5185    -0.237618     0.602953
0.0845074      18.5185    -0.237618      5.64271
0.0956711      18.5185            0     0.367198
0.0997057      18.5185            0     0.774808
0.0956711      18.5185            0      3.96285
0.0845074      18.5185     0.237618      2.32537
0.068684      18.5185     0.237618      2.00787
0.0513234      18.5185     0.237618      4.99935
0.0511369      18.1818    -0.233055      1.89561
0.0703774      18.1818    -0.233055      3.81668
0.0883332      18.1818    -0.233055      2.90257
0.101202      18.1818            0      1.83836
0.105889      18.1818            0      5.23009
0.101202      18.1818            0      3.58461
0.0883332      18.1818     0.233055     0.443002
0.0703774      18.1818     0.233055      1.67324
0.0511369      18.1818     0.233055      1.07361
0.0504851      17.8571    -0.470497      3.52041
0.0701671      17.8571    -0.228651      1.26973
0.0886877      17.8571    -0.228651      3.09355
0.102034      17.8571            0      4.58262
0.106909      17.8571            0      6.00024
0.102034      17.8571            0      4.78996
0.0886877      17.8571     0.228651     0.503068
0.0701671      17.8571     0.228651        5.895
0.0504851      17.8571     0.470497      6.12262
0.0504498      17.5439    -0.461218      3.81447
0.0691259      17.5439    -0.224398      6.01594
0.0864904      17.5439    -0.224398      2.07748
0.0989043      17.5439            0      5.66233
0.10342      17.5439            0   0.00229721
0.0989043      17.5439            0      3.03645
0.0864904      17.5439     0.224398     0.926584
0.0691259      17.5439     0.224398       1.9791
0.0504498      17.5439     0.461218      1.07675
0.0491641      17.2414    -0.452282      3.72523
0.0664676      17.2414    -0.220286      4.13175
0.082375      17.2414    -0.220286      2.19253
0.0936623      17.2414            0     0.337356
0.0977531      17.2414            0     0.296357
0.0936623      17.2414            0     0.350955
0.082375      17.2414     0.220286      0.44931
0.0664676      17.2414     0.220286    0.0984894
0.0491641      17.2414     0.452282      6.11763
0.0469685      16.9492    -0.443666      4.61673
0.0627032      16.9492    -0.216309      4.72724
0.0770152      16.9492    -0.216309     0.209309
0.0870989      16.9492            0     0.738919
0.0907406      16.9492            0      1.64177
0.0870989      16.9492            0      5.61297
0.0770152      16.9492     0.216309      6.10746
0.0627032      16.9492     0.216309      6.24577
0.0469685      16.9492     0.443666      2.17886
0.0442766      16.6667    -0.435352      1.83653
0.0584109      16.6667    -0.212459      1.17648
0.0711389      16.6667    -0.212459       4.6692
0.0800469      16.6667            0      4.51131
0.0832533      16.6667            0      1.18683
0.0800469      16.6667            0      2.72643
0.0711389      16.6667     0.212459     0.286462
0.0584109      16.6667     0.212459      4.11834
0.0442766      16.6667     0.435352      4.90729
0.0414669      16.3934    -0.427321       5.4216
0.0540942      16.3934    -0.208729      4.93437
0.065358      16.3934    -0.208729      2.72363
0.0731916      16.3934            0      2.18536
0.0760026      16.3934            0     0.348006
0.0731916      16.3934            0      5.14855
0.065358      16.3934     0.208729     0.666251
0.0540942      16.3934     0.208729    0.0381632
0.0414669      16.3934     0.427321      1.72809
0.0388179       16.129    -0.419559      5.92343
0.0501051       16.129    -0.205114      4.23637
0.0600838       16.129    -0.205114      2.42309
0.0669826       16.129            0      5.38419
0.0694507       16.129            0      4.23992
0.0669826       16.129            0      3.82067
0.0600838       16.129     0.205114      2.76091
0.0501051       16.129     0.205114      6.03975
0.0388179       16.129     0.419559      5.17032
0.0364922       15.873    -0.412049    0.0659679
0.0466341       15.873    -0.201607     0.889778
0.0555246       15.873    -0.201607      3.03349
0.0616367       15.873            0      3.64803
0.0638172       15.873            0      1.84085
0.0616367       15.873            0       2.7574
0.0555246       15.873     0.201607       2.5023
0.0466341       15.873     0.201607      0.86269
0.0364922       15.873     0.412049       5.9862
0.0345536       15.625    -0.404779      2.26216
0.0437407       15.625    -0.198203      5.25873
0.05173       15.625    -0.198203     0.259712
0.0571933       15.625            0      2.66293
0.0591372       15.625            0     0.475233
0.0571933       15.625            0       1.9717
0.05173       15.625     0.198203      5.94361
0.0437407       15.625     0.198203      5.36885
0.0345536       15.625     0.404779       1.0903
0.0329969      15.3846    -0.397734      3.36696
0.0413973      15.3846    -0.194896      1.85279
0.0486473      15.3846    -0.194896      5.67275
0.0535802      15.3846            0     0.511357
0.0553309      15.3846            0       4.9477
0.0535802      15.3846            0      1.09581
0.0486473      15.3846     0.194896      4.52368
0.0413973      15.3846     0.194896       1.4577
0.0329969      15.3846     0.397734      1.30144
0.0317761      15.1515    -0.390903      1.35796
0.0395286      15.1515    -0.191683      6.13642
0.0461714      15.1515    -0.191683      2.39916
0.0506696      15.1515            0      3.99152
0.0522623      15.1515            0     0.292562
0.0506696      15.1515            0      1.45809
0.0461714      15.1515     0.191683      5.49662
0.0395286      15.1515     0.191683      2.89108
0.0317761      15.1515     0.390903    0.0192484
0.0308273      14.9254    -0.384274      2.92123
0.0380407      14.9254    -0.188558      5.17764
0.0441795      14.9254    -0.188558      5.47806
0.0483176      14.9254            0      1.89165
0.0497795      14.9254            0      1.48282
0.0483176      14.9254            0      5.22481
0.0441795      14.9254     0.188558       2.7504
0.0380407      14.9254     0.188558      3.18603
0.0308273      14.9254     0.384274      1.16534
0.0300835      14.7059    -0.377839     0.951866
0.03684      14.7059    -0.185518      5.69746
0.042553      14.7059    -0.185518      6.23745
0.0463875      14.7059            0      2.45088
0.0477392      14.7059            0      5.19485
0.0463875      14.7059            0      5.99434
0.042553      14.7059     0.185518      5.61601
0.03684      14.7059     0.185518      5.28404
0.0300835      14.7059     0.377839      4.29307
0.0294837      14.4928    -0.371585       1.0794
0.0358443      14.4928    -0.182559      1.49253
0.0411895      14.4928    -0.182559      2.72861
0.0447625      14.4928            0     0.157466
0.0460195      14.4928            0      1.68791
0.0447625      14.4928            0      6.15834
0.0411895      14.4928     0.182559      1.96465
0.0358443      14.4928     0.182559      3.59232
0.0294837      14.4928     0.371585      3.84308
0.0289777      14.2857    -0.365506      5.66436
0.0349869      14.2857    -0.179676      2.48832
0.0400072      14.2857    -0.179676      4.35265
0.0433501      14.2857            0      1.28478
0.0445238      14.2857            0     0.394904
0.0433501      14.2857            0      3.91045
0.0400072      14.2857     0.179676      4.32283
0.0349869      14.2857     0.179676       1.8647
0.0289777      14.2857     0.365506      3.59112
0.0285275      14.0845    -0.359592      1.98683
0.0342179      14.0845    -0.176867      5.08608
0.0389455      14.0845    -0.176867      2.29642
0.0420818      14.0845            0       4.3905
0.043181      14.0845            0      3.97982
0.0420818      14.0845            0      6.06045
0.0389455      14.0845     0.176867      1.26161
0.0342179      14.0845     0.176867      3.75835
0.0285275      14.0845     0.359592     0.525909
0.0281062      13.8889    -0.353835      3.42056
0.0335025      13.8889    -0.174127      5.31636
0.0379621      13.8889    -0.174127     0.255708
0.0409102      13.8889    -0.174127      2.06937
0.0419416      13.8889            0      4.45684
0.0409102      13.8889     0.174127      5.40533
0.0379621      13.8889     0.174127      3.14715
0.0335025      13.8889     0.174127      6.25007
0.0281062      13.8889     0.353835      2.69315
0.0276965      13.6986    -0.348228      1.67973
0.0328182      13.6986    -0.348228      2.97156
0.0370295      13.6986    -0.171455      1.01059
0.0398042      13.6986    -0.171455     0.998355
0.0407732      13.6986            0      1.68599
0.0398042      13.6986     0.171455      4.75699
0.0370295      13.6986     0.171455      3.82744
0.0328182      13.6986     0.348228      6.07524
0.0276965      13.6986     0.348228      4.85877
0.0272882      13.5135    -0.342765      3.59931
0.0321514      13.5135    -0.342765      2.82875
0.0361311      13.5135    -0.168847      1.80358
0.0387446      13.5135    -0.168847      4.72724
0.039656      13.5135            0     0.592852
0.0387446      13.5135     0.168847     0.670935
0.0361311      13.5135     0.168847      4.61734
0.0321514      13.5135     0.342765       2.2279
0.0272882      13.5135     0.342765      3.64812
0.0268761      13.3333    -0.337437      1.87771
0.031495      13.3333    -0.337437      4.48406
0.0352574      13.3333      -0.1663      2.26493
0.0377207      13.3333      -0.1663      4.51408
0.0385784      13.3333            0      6.25362
0.0377207      13.3333       0.1663     0.525888
0.0352574      13.3333       0.1663      2.94174
0.031495      13.3333     0.337437     0.589365
0.0268761      13.3333     0.337437      4.55625
0.0264583      13.1579    -0.332241      5.73038
0.0308456      13.1579    -0.332241     0.542942
0.0344037      13.1579    -0.163812      3.26685
0.0367265      13.1579    -0.163812      3.47218
0.0375341      13.1579            0      4.30479
0.0367265      13.1579     0.163812      1.88273
0.0344037      13.1579     0.163812       3.7816
0.0308456      13.1579     0.332241       1.2472
0.0264583      13.1579     0.332241      4.12641
0.0260345       12.987    -0.327169      4.38778
0.0302022       12.987    -0.327169      2.88817
0.033568       12.987    -0.161381     0.990573
0.0357592       12.987    -0.161381      2.65008
0.0365199       12.987            0      3.74501
0.0357592       12.987     0.161381      2.02521
0.033568       12.987     0.161381      5.21947
0.0302022       12.987     0.327169      0.77083
0.0260345       12.987     0.327169      1.57817
0.0256055      12.8205    -0.322216      5.89099
0.0295648      12.8205    -0.322216      4.11667
0.0327496      12.8205    -0.159004      4.73054
0.0348174      12.8205    -0.159004      5.09462
0.0355343      12.8205            0     0.304265
0.0348174      12.8205     0.159004      2.60562
0.0327496      12.8205     0.159004      4.55825
0.0295648      12.8205     0.322216     0.873614
0.0256055      12.8205     0.322216      3.97436
0.0251726      12.6582    -0.317377      1.55085
0.0289342      12.6582    -0.317377      5.27755
0.0319485      12.6582    -0.156678       5.2568
0.0339006      12.6582    -0.156678      2.84665
0.0345766      12.6582            0      2.48027
0.0339006      12.6582     0.156678       6.0417
0.0319485      12.6582     0.156678    0.0513843
0.0289342      12.6582     0.317377      2.50339
0.0251726      12.6582     0.317377      3.06467
0.0247371         12.5    -0.312648      3.88375
0.0283114         12.5    -0.312648     0.439873
0.031165         12.5    -0.154402     0.896508
0.0330085         12.5    -0.154402      4.11051
0.0336462         12.5            0       1.3717
0.0330085         12.5     0.154402     0.748506
0.031165         12.5     0.154402      0.27103
0.0283114         12.5     0.312648       1.0402
0.0247371         12.5     0.312648      3.21128
0.0243004      12.3457    -0.308024      5.44904
0.0276971      12.3457    -0.308024      4.81442
0.0303994      12.3457    -0.152175     0.847897
0.0321411      12.3457    -0.152175     0.407897
0.0327428      12.3457            0      4.22497
0.0321411      12.3457     0.152175      3.02971
0.0303994      12.3457     0.152175      3.11271
0.0276971      12.3457     0.308024      1.96962
0.0243004      12.3457     0.308024      2.03256
0.0238638      12.1951    -0.303501      5.71188
0.0270922      12.1951    -0.303501      2.82947
0.0296519      12.1951    -0.149993      4.70368
0.0312981      12.1951    -0.149993      1.16395
0.0318662      12.1951            0     0.533565
0.0312981      12.1951     0.149993      1.30076
0.0296519      12.1951     0.149993      3.51167
0.0270922      12.1951     0.303501      4.15746
0.0238638      12.1951     0.303501      5.90108
0.0234284      12.0482    -0.299075     0.252862
0.0264973      12.0482    -0.299075      1.02827
0.0289228      12.0482    -0.147856      2.75273
0.0304793      12.0482    -0.147856      2.04617
0.0310159      12.0482            0     0.565045
0.0304793      12.0482     0.147856      5.09124
0.0289228      12.0482     0.147856      2.51043
0.0264973      12.0482     0.299075      4.11734
0.0234284      12.0482     0.299075      3.56148
0.0229952      11.9048    -0.294741    0.0196147
0.025913      11.9048    -0.294741      4.09244
0.0282121      11.9048    -0.145762      1.99232
0.0296844      11.9048    -0.145762      1.67086
0.0301914      11.9048            0        2.893
0.0296844      11.9048     0.145762      3.91532
0.0282121      11.9048     0.145762      5.03805
0.025913      11.9048     0.294741      3.52579
0.0229952      11.9048     0.294741     0.155844
0.0225649      11.7647    -0.290497      4.98581
0.0253398      11.7647    -0.290497      1.71582
0.0275197      11.7647    -0.143708      5.17035
0.028913      11.7647    -0.143708      4.32619
0.0293923      11.7647            0      3.79432
0.028913      11.7647     0.143708      2.43121
0.0275197      11.7647     0.143708     0.411759
0.0253398      11.7647     0.290497      6.27416
0.0225649      11.7647     0.290497      4.15334
0.0221385      11.6279    -0.286339      1.43989
0.024778      11.6279    -0.286339     0.579635
0.0268456      11.6279    -0.141695      1.51407
0.0281647      11.6279    -0.141695      5.67085
0.0286181      11.6279            0       1.3656
0.0281647      11.6279     0.141695      3.01284
0.0268456      11.6279     0.141695      5.71268
0.024778      11.6279     0.286339      1.21754
0.0221385      11.6279     0.286339      2.81471
0.0217165      11.4943    -0.282264      3.88164
0.0242278      11.4943    -0.282264      3.73344
0.0261897      11.4943    -0.139719      4.18371
0.027439      11.4943    -0.139719      1.68183
0.027868      11.4943            0      2.66316
0.027439      11.4943     0.139719      5.02215
0.0261897      11.4943     0.139719      5.85772
0.0242278      11.4943     0.282264      2.95125
0.0217165      11.4943     0.282264       1.9245
0.0212995      11.3636    -0.278269      2.76057
0.0236895      11.3636    -0.278269        1.928
0.0255517      11.3636    -0.137781      1.72791
0.0267354      11.3636    -0.137781      0.87175
0.0271415      11.3636            0      1.04642
0.0267354      11.3636     0.137781      3.10347
0.0255517      11.3636     0.137781     0.544004
0.0236895      11.3636     0.278269      5.82333
0.0212995      11.3636     0.278269     0.932876
0.020888       11.236    -0.418492      1.00829
0.0231631       11.236    -0.274351      4.50946
0.0249312       11.236    -0.135879      4.24036
0.0260534       11.236    -0.135879      2.25258
0.026438       11.236            0     0.568347
0.0260534       11.236     0.135879    0.0518225
0.0249312       11.236     0.135879      2.34217
0.0231631       11.236     0.274351      4.95293
0.020888       11.236     0.418492       2.8103
0.0204823      11.1111    -0.412423     0.625942
0.0226486      11.1111    -0.270507      5.06304
0.0243282      11.1111    -0.134011      4.14336
0.0253923      11.1111    -0.134011       2.8422
0.0257568      11.1111            0      3.35112
0.0253923      11.1111     0.134011      3.30903
0.0243282      11.1111     0.134011      3.95629
0.0226486      11.1111     0.270507      4.06236
0.0204823      11.1111     0.412423      1.20527
0.0200828       10.989    -0.406477      5.03728
0.0221461       10.989    -0.266735      1.23506
0.0237421       10.989    -0.132176      2.58416
0.0247517       10.989    -0.132176      1.48086
0.0250973       10.989            0      1.71027
0.0247517       10.989     0.132176    0.0544641
0.0237421       10.989     0.132176      5.83239
0.0221461       10.989     0.266735      3.26854
0.0200828       10.989     0.406477       2.9161
0.0196898      10.8696    -0.400648      3.28934
0.0216556      10.8696    -0.263033      2.11619
0.0231727      10.8696    -0.130374      2.08834
0.024131      10.8696    -0.130374      6.20941
0.0244588      10.8696            0      2.97636
0.024131      10.8696     0.130374      4.69253
0.0231727      10.8696     0.130374      4.20935
0.0216556      10.8696     0.263033       4.9987
0.0196898      10.8696     0.400648      1.71239
0.0193034      10.7527    -0.394934      1.78384
0.0211768      10.7527    -0.259397      4.50652
0.0226195      10.7527    -0.128603      1.16008
0.0235295      10.7527    -0.128603      5.23816
0.0238405      10.7527            0      1.06601
0.0235295      10.7527     0.128603      5.98937
0.0226195      10.7527     0.128603      4.53977
0.0211768      10.7527     0.259397     0.843483
0.0193034      10.7527     0.394934      5.35998
0.0189239      10.6383     -0.38933      5.85383
0.0207098      10.6383    -0.255827      3.54477
0.0220823      10.6383    -0.126863      2.50581
0.0229468      10.6383    -0.126863      2.77459
0.023242      10.6383            0      4.40866
0.0229468      10.6383     0.126863      1.63385
0.0220823      10.6383     0.126863     0.179251
0.0207098      10.6383     0.255827      5.95607
0.0189239      10.6383      0.38933      6.25893
0.0185514      10.5263    -0.383833      4.89749
0.0202543      10.5263     -0.25232      6.21641
0.0215605      10.5263    -0.125152       3.0633
0.0223821      10.5263    -0.125152     0.804115
0.0226625      10.5263            0      2.91762
0.0223821      10.5263     0.125152       4.6657
0.0215605      10.5263     0.125152      4.23092
0.0202543      10.5263      0.25232      5.49121
0.0185514      10.5263     0.383833      4.76409
0.0181859      10.4167    -0.378438      3.87771
0.0198103      10.4167    -0.248874      1.72668
0.0210538      10.4167     -0.12347      2.11347
0.021835      10.4167     -0.12347      5.25085
0.0221014      10.4167            0      2.42452
0.021835      10.4167      0.12347     0.504817
0.0210538      10.4167      0.12347      5.43847
0.0198103      10.4167     0.248874      2.73546
0.0181859      10.4167     0.378438      1.08118
0.0178275      10.3093    -0.373143    0.0269944
0.0193775      10.3093    -0.245487      4.09964
0.0205617      10.3093    -0.121815      2.32276
0.0213048      10.3093    -0.121815      2.36303
0.0215581      10.3093            0      2.77295
0.0213048      10.3093     0.121815      3.24281
0.0205617      10.3093     0.121815      1.88562
0.0193775      10.3093     0.245487       3.0053
0.0178275      10.3093     0.373143    0.0392492
0.0174763      10.2041    -0.367943      1.07713
0.0189557      10.2041    -0.242158      1.90725
0.020084      10.2041    -0.120188      4.67747
0.0207911      10.2041    -0.120188      3.64975
0.021032      10.2041            0      4.40568
0.0207911      10.2041     0.120188      5.05571
0.020084      10.2041     0.120188      5.35302
0.0189557      10.2041     0.242158     0.739641
0.0174763      10.2041     0.367943      4.12959
0.0171322       10.101    -0.362838      4.73079
0.0185447       10.101    -0.238884      4.41148
0.0196201       10.101    -0.118587      3.80196
0.0202933       10.101    -0.118587     0.240429
0.0205225       10.101            0      1.22613
0.0202933       10.101     0.118587      2.07767
0.0196201       10.101     0.118587      4.03892
0.0185447       10.101     0.238884      1.36595
0.0171322       10.101     0.362838     0.483224
0.0167953           10    -0.357822      6.16104
0.0181443           10    -0.235665      1.29907
0.0191696           10    -0.117012      6.17778
0.0198108           10    -0.117012      3.83496
0.0200289           10            0      1.55805
0.0198108           10     0.117012      3.25433
0.0191696           10     0.117012      4.47872
0.0181443           10     0.235665      1.63276
0.0167953           10     0.357822     0.720572
0.016465       9.901    -0.35289      3.4536
0.017754       9.901     -0.2325      1.3754
0.018732       9.901     -0.2325      1.9614
0.019343       9.901    -0.11546      6.1142
0.019551       9.901           0      1.9426
0.019343       9.901     0.11546      5.9453
0.018732       9.901      0.2325      2.5796
0.017754       9.901      0.2325    0.064926
0.016465       9.901     0.35289      1.9482
0.016143      9.8039    -0.34805     0.97516
0.017374      9.8039    -0.22938      6.2458
0.018307      9.8039    -0.22938      2.8289
0.01889      9.8039    -0.11394      3.4256
0.019088      9.8039           0      1.6482
0.01889      9.8039     0.11394       5.545
0.018307      9.8039     0.22938     0.64753
0.017374      9.8039     0.22938      5.1744
0.016143      9.8039     0.34805      2.6839
0.015827      9.7087    -0.34329      5.7825
0.017004      9.7087    -0.22632      3.3175
0.017895      9.7087    -0.22632      5.4715
0.01845      9.7087    -0.11243      2.2167
0.018639      9.7087           0      2.5142
0.01845      9.7087     0.11243      3.7567
0.017895      9.7087     0.22632      5.7271
0.017004      9.7087     0.22632     0.83556
0.015827      9.7087     0.34329     0.26494
0.015518      9.6154    -0.33861      2.5197
0.016644      9.6154     -0.2233      3.7428
0.017494      9.6154     -0.2233      5.7783
0.018024      9.6154    -0.11095      1.8458
0.018204      9.6154           0      3.4245
0.018024      9.6154     0.11095      4.9113
0.017494      9.6154      0.2233      2.0571
0.016644      9.6154      0.2233     0.59854
0.015518      9.6154     0.33861      2.7751
0.015216      9.5238    -0.33401     0.18269
0.016293      9.5238    -0.22034      4.2435
0.017105      9.5238    -0.22034     0.70112
0.017611      9.5238     -0.1095      1.2543
0.017782      9.5238           0       3.331
0.017611      9.5238      0.1095      3.9417
0.017105      9.5238     0.22034      2.3473
0.016293      9.5238     0.22034      3.8103
0.015216      9.5238     0.33401      5.3179
0.014921       9.434    -0.32949      4.4103
0.015951       9.434    -0.21741      2.4684
0.016728       9.434    -0.21741      3.5931
0.01721       9.434    -0.10806      1.5693
0.017374       9.434           0      4.5699
0.01721       9.434     0.10806      2.1571
0.016728       9.434     0.21741     0.49406
0.015951       9.434     0.21741      1.8989
0.014921       9.434     0.32949      1.8874
0.014632      9.3458    -0.32504      0.1459
0.015618      9.3458    -0.21454      1.1065
0.01636      9.3458    -0.21454      5.4092
0.016821      9.3458    -0.10665      4.1213
0.016978      9.3458           0      5.3816
0.016821      9.3458     0.10665      1.7023
0.01636      9.3458     0.21454      5.6292
0.015618      9.3458     0.21454      1.3118
0.014632      9.3458     0.32504      6.0579
0.01435      9.2593    -0.32066      2.6034
0.015294      9.2593    -0.21171      1.4424
0.016004      9.2593    -0.21171      5.1418
0.016444      9.2593    -0.10526      2.2647
0.016593      9.2593           0      3.1511
0.016444      9.2593     0.10526      4.6976
0.016004      9.2593     0.21171      5.2265
0.015294      9.2593     0.21171      2.4785
0.01435      9.2593     0.32066     0.60717
0.014074      9.1743    -0.31635      1.6675
0.014979      9.1743    -0.20892      4.9758
0.015657      9.1743    -0.20892      5.8863
0.016078      9.1743    -0.10389      3.5704
0.016221      9.1743           0      5.8936
0.016078      9.1743     0.10389      3.7525
0.015657      9.1743     0.20892      6.2073
0.014979      9.1743     0.20892      4.7898
0.014074      9.1743     0.31635      1.1662
0.013805      9.0909    -0.31212      3.2469
0.014671      9.0909    -0.31212      4.0221
0.015321      9.0909    -0.20617      5.4596
0.015723      9.0909    -0.10254      3.7705
0.015859      9.0909           0      6.2809
0.015723      9.0909     0.10254     0.81161
0.015321      9.0909     0.20617      1.8432
0.014671      9.0909     0.31212      2.9962
0.013805      9.0909     0.31212     0.81417
0.013541       9.009    -0.30795      1.4333
0.014372       9.009    -0.30795      1.1377
0.014994       9.009    -0.20347      4.2223
0.015378       9.009    -0.10121      2.0469
0.015509       9.009           0      4.9673
0.015378       9.009     0.10121      3.4306
0.014994       9.009     0.20347      1.4486
0.014372       9.009     0.30795      4.3149
0.013541       9.009     0.30795     0.30839
0.013284      8.9286    -0.30384      3.5976
0.01408      8.9286    -0.30384      6.2438
0.014676      8.9286    -0.20081      2.2805
0.015044      8.9286   -0.099896      3.5104
0.015168      8.9286           0      5.8261
0.015044      8.9286    0.099896      1.6328
0.014676      8.9286     0.20081      5.2304
0.01408      8.9286     0.30384      1.1003
0.013284      8.9286     0.30384       5.528
0.013033      8.8496     -0.2998      1.7569
0.013796      8.8496     -0.2998      5.3373
0.014366      8.8496    -0.19818      5.0686
0.014719      8.8496   -0.098604      1.1883
0.014838      8.8496           0      6.1483
0.014719      8.8496    0.098604      1.5942
0.014366      8.8496     0.19818      4.8916
0.013796      8.8496      0.2998      5.0942
0.013033      8.8496      0.2998      3.1286
0.012787      8.7719    -0.39923      5.7535
0.01352      8.7719    -0.29583     0.63448
0.014066      8.7719     -0.1956     0.85339
0.014403      8.7719   -0.097331      5.3928
0.014518      8.7719           0     0.11716
0.014403      8.7719    0.097331      4.5761
0.014066      8.7719      0.1956      5.1311
0.01352      8.7719     0.29583     0.73021
0.012787      8.7719     0.39923      3.0696
0.012548      8.6957    -0.39382       2.183
0.01325      8.6957    -0.29191      4.8624
0.013774      8.6957    -0.19305      1.7925
0.014097      8.6957   -0.096077      5.1797
0.014206      8.6957           0      1.0873
0.014097      8.6957    0.096077      5.4263
0.013774      8.6957     0.19305      5.8184
0.01325      8.6957     0.29191      1.2007
0.012548      8.6957     0.39382     0.31636
0.012313      8.6207    -0.38849      3.4459
0.012987      8.6207    -0.28806    0.059801
0.01349      8.6207    -0.19055      5.2046
0.013799      8.6207    -0.09484      5.7084
0.013904      8.6207           0      4.4314
0.013799      8.6207     0.09484      1.5288
0.01349      8.6207     0.19055      3.7021
0.012987      8.6207     0.28806      5.8991
0.012313      8.6207     0.38849      5.6264
0.012084       8.547    -0.38325      3.8089
0.012732       8.547    -0.28427      4.9785
0.013213       8.547    -0.18808      5.2536
0.01351       8.547   -0.093622      3.5194
0.01361       8.547           0   0.0043673
0.01351       8.547    0.093622      1.5788
0.013213       8.547     0.18808      2.7139
0.012732       8.547     0.28427      2.7058
0.012084       8.547     0.38325      5.4991
0.011861      8.4746     -0.3781     0.42499
0.012482      8.4746    -0.28053      2.1356
0.012944      8.4746    -0.18564      1.1125
0.013229      8.4746   -0.092421      1.5458
0.013325      8.4746           0      4.5729
0.013229      8.4746    0.092421      1.8108
0.012944      8.4746     0.18564      1.4912
0.012482      8.4746     0.28053     0.87748
0.011861      8.4746      0.3781      1.3868
0.011642      8.4034    -0.37303      5.1366
0.012239      8.4034    -0.27685      2.3764
0.012683      8.4034    -0.18324      4.1814
0.012956      8.4034   -0.091237      5.8797
0.013048      8.4034           0      2.6796
0.012956      8.4034    0.091237      3.8022
0.012683      8.4034     0.18324      6.0919
0.012239      8.4034     0.27685      2.2911
0.011642      8.4034     0.37303      4.1747
0.011429      8.3333    -0.36805      1.9776
0.012003      8.3333    -0.27323       5.565
0.012428      8.3333    -0.18088      1.8569
0.01269      8.3333    -0.09007      1.8558
0.012779      8.3333           0      5.6992
0.01269      8.3333     0.09007      3.0968
0.012428      8.3333     0.18088      1.3015
0.012003      8.3333     0.27323     0.16222
0.011429      8.3333     0.36805      1.0694
0.011221      8.2645    -0.36314      1.8996
0.011772      8.2645    -0.26967      6.0407
0.012181      8.2645    -0.17855      4.9237
0.012432      8.2645    -0.08892      4.2301
0.012517      8.2645           0      5.2823
0.012432      8.2645     0.08892      2.6442
0.012181      8.2645     0.17855      4.4216
0.011772      8.2645     0.26967      3.0239
0.011221      8.2645     0.36314      5.1557
0.011017      8.1967    -0.35832      2.7481
0.011547      8.1967    -0.26615      5.4032
0.01194      8.1967    -0.17626    0.055901
0.012181      8.1967   -0.087787      6.2581
0.012262      8.1967           0      1.7291
0.012181      8.1967    0.087787     0.21058
0.01194      8.1967     0.17626     0.95564
0.011547      8.1967     0.26615      3.0133
0.011017      8.1967     0.35832      5.5846
0.010818      8.1301    -0.35357      1.7807
0.011328      8.1301    -0.26269      4.9267
0.011705      8.1301      -0.174      1.0706
0.011937      8.1301    -0.08667      4.5947
0.012015      8.1301           0      1.5495
0.011937      8.1301     0.08667     0.51421
0.011705      8.1301       0.174      5.3588
0.011328      8.1301     0.26269      4.3136
0.010818      8.1301     0.35357      6.0198
0.010624      8.0645    -0.34889      6.1891
0.011114      8.0645    -0.25929      3.3597
0.011477      8.0645    -0.17177      5.6923
0.011699      8.0645   -0.085568      2.9948
0.011774      8.0645           0      5.5898
0.011699      8.0645    0.085568     0.14985
0.011477      8.0645     0.17177     0.80878
0.011114      8.0645     0.25929      4.6534
0.010624      8.0645     0.34889      2.4568
0.010434           8    -0.34429      2.4732
0.010906           8    -0.25593      3.7814
0.011254           8    -0.16958     0.15007
0.011468           8   -0.084483      2.4357
0.01154           8           0     0.35654
0.011468           8    0.084483      4.3326
0.011254           8     0.16958      3.2696
0.010906           8     0.25593     0.47805
0.010434           8     0.34429      2.5525
0.010248      7.9365    -0.33977       2.703
0.010702      7.9365    -0.25263      4.1425
0.011038      7.9365    -0.16741      1.3722
0.011243      7.9365   -0.083413     0.50948
0.011313      7.9365           0      2.9384
0.011243      7.9365    0.083413      4.5782
0.011038      7.9365     0.16741      3.8577
0.010702      7.9365     0.25263      5.6585
0.010248      7.9365     0.33977      1.5882
0.010067       7.874    -0.33531      1.3829
0.010504       7.874    -0.24937      1.4816
0.010827       7.874    -0.16528        5.09
0.011024       7.874   -0.082359      4.4132
0.011091       7.874           0      5.5196
0.011024       7.874    0.082359      4.4673
0.010827       7.874     0.16528      4.1536
0.010504       7.874     0.24937      2.7619
0.010067       7.874     0.33531       3.536
0.0098898      7.8125    -0.33093      6.2221
0.010311      7.8125    -0.24617      6.0148
0.010621      7.8125    -0.16318      2.1162
0.010811      7.8125   -0.081319     0.97673
0.010875      7.8125           0      2.6205
0.010811      7.8125    0.081319      3.4838
0.010621      7.8125     0.16318     0.18693
0.010311      7.8125     0.24617      5.4455
0.0098898      7.8125     0.33093      5.6196
