
[NumberOfWaves] 684
=================================
0.0301843           25     -1.13443      0.84149
0.0336955           25     -1.04717     0.194079
0.0364399           25    -0.959903      5.90063
0.0381882           25    -0.872639      1.89311
0.0387886           25    -0.785375      1.85684
0.0381882           25    -0.698111      2.09184
0.0364399           25    -0.610847      2.93459
0.0336955           25    -0.523583      4.07263
0.0301843           25    -0.436319     0.158509
0.0324416      24.3902     -1.13443      5.29158
0.036743      24.3902     -1.04717       3.5124
0.0401466      24.3902    -0.959903      5.36631
0.0423325      24.3902    -0.872639      2.18572
0.0430863      24.3902    -0.785375      2.80239
0.0423325      24.3902    -0.698111     0.340787
0.0401466      24.3902    -0.610847      1.11277
0.036743      24.3902    -0.523583      4.16442
0.0324416      24.3902    -0.436319       2.0786
0.0346115      23.8095     -1.13443      5.64519
0.0398305      23.8095     -1.04717     0.742369
0.0440166      23.8095    -0.959903      6.21023
0.0467294      23.8095    -0.872639      3.39271
0.0476692      23.8095    -0.785375      4.44156
0.0467294      23.8095    -0.698111      6.27981
0.0440166      23.8095    -0.610847      1.80856
0.0398305      23.8095    -0.523583      2.60445
0.0346115      23.8095    -0.436319      2.92059
0.0369078      23.2558     -1.13443      4.79994
0.0432244      23.2558     -1.04717      5.14078
0.0483669      23.2558    -0.959903     0.629692
0.0517327      23.2558    -0.872639      1.11911
0.0529044      23.2558    -0.785375      2.25959
0.0517327      23.2558    -0.698111     0.356276
0.0483669      23.2558    -0.610847      3.27901
0.0432244      23.2558    -0.523583      2.11014
0.0369078      23.2558    -0.436319      1.10373
0.0395743      22.7273     -1.13443      1.31281
0.0472477      22.7273     -1.04717      5.68708
0.0535979      22.7273    -0.959903      4.24348
0.0577994      22.7273    -0.872639      2.94339
0.05927      22.7273    -0.785375      5.73093
0.0577994      22.7273    -0.698111     0.653505
0.0535979      22.7273    -0.610847      4.68427
0.0472477      22.7273    -0.523583      4.62597
0.0395743      22.7273    -0.436319      3.53018
0.042795      22.2222     -1.13443      1.15729
0.0521812      22.2222     -1.04717      3.75228
0.0600887      22.2222    -0.959903       1.8845
0.0653833      22.2222    -0.872639     0.842694
0.0672475      22.2222    -0.785375      1.33578
0.0653833      22.2222    -0.698111      5.62292
0.0600887      22.2222    -0.610847     0.448938
0.0521812      22.2222    -0.523583      1.52354
0.042795      22.2222    -0.436319     0.337739
0.0465504      21.7391     -1.13443      2.77534
0.0580829      21.7391     -1.04717    0.0834583
0.0679901      21.7391    -0.959903      5.63705
0.0747101      21.7391    -0.872639       1.2356
0.0770915      21.7391    -0.785375     0.586647
0.0747101      21.7391    -0.698111      1.93119
0.0679901      21.7391    -0.610847      2.86541
0.0580829      21.7391    -0.523583     0.638789
0.0465504      21.7391    -0.436319      6.25403
0.050443      21.2766     -1.13443      2.08654
0.0645414      21.2766     -1.04717      1.86823
0.0769132      21.2766    -0.959903      0.38983
0.0854244      21.2766    -0.872639      1.87387
0.0884619      21.2766    -0.785375     0.291225
0.0854244      21.2766    -0.698111      3.17561
0.0769132      21.2766    -0.610847      4.78404
0.0645414      21.2766    -0.523583      3.96501
0.050443      21.2766    -0.436319     0.564789
0.0536003      20.8333     -1.13443     0.508059
0.0704833      20.8333     -1.04717       4.8834
0.0856452      20.8333    -0.959903      5.68696
0.0962374      20.8333    -0.872639      3.35369
0.100047      20.8333    -0.785375     0.685816
0.0962374      20.8333    -0.698111      5.18856
0.0856452      20.8333    -0.610847      2.12427
0.0704833      20.8333    -0.523583      1.84703
0.0536003      20.8333    -0.436319      4.68909
0.0548543      20.4082     -1.13443     0.064945
0.0743096      20.4082     -1.04717     0.304395
0.0922254      20.4082    -0.959903      4.19652
0.104952      20.4082    -0.872639      3.79159
0.109567      20.4082    -0.785375       3.3055
0.104952      20.4082    -0.698111      4.58476
0.0922254      20.4082    -0.610847      4.44367
0.0743096      20.4082    -0.523583      4.90939
0.0548543      20.4082    -0.436319      1.80936
0.0532977           20     -1.13443      4.35118
0.0745685           20     -1.04717      3.49756
0.0946961           20    -0.959903      2.49134
0.109255           20    -0.872639     0.386974
0.114582           20    -0.785375      4.90184
0.109255           20    -0.698111      2.12104
0.0946961           20    -0.610847      3.81922
0.0745685           20    -0.523583       4.6573
0.0532977           20    -0.436319     0.658542
0.0538966      19.6078     -1.13443     0.803523
0.0741931      19.6078     -1.04717      3.45276
0.0931383      19.6078    -0.959903       3.0487
0.106718      19.6078    -0.872639      5.59486
0.111664      19.6078    -0.785375      5.01987
0.106718      19.6078    -0.698111      4.61387
0.0931383      19.6078    -0.610847     0.322518
0.0741931      19.6078    -0.523583     0.457938
0.0538966      19.6078    -0.436319     0.556218
0.0527568      19.2308     -1.13443      5.01604
0.0715324      19.2308     -1.04717      5.92492
0.0888357      19.2308    -0.959903      4.29578
0.101133      19.2308    -0.872639     0.829877
0.105594      19.2308    -0.785375      4.54088
0.101133      19.2308    -0.698111     0.693351
0.0888357      19.2308    -0.610847     0.738208
0.0715324      19.2308    -0.523583      4.02563
0.0527568      19.2308    -0.436319      2.06594
0.0503098      18.8679     -1.13443       4.1079
0.0672556      18.8679     -1.04717      4.70679
0.082687      18.8679    -0.959903      3.66416
0.0935676      18.8679    -0.872639      4.64962
0.0974987      18.8679    -0.785375      1.47542
0.0935676      18.8679    -0.698111      4.61774
0.082687      18.8679    -0.610847      6.09827
0.0672556      18.8679    -0.523583      5.44692
0.0503098      18.8679    -0.436319     0.541812
0.0471493      18.5185     -1.13443      2.30232
0.0622006      18.5185     -1.04717      2.31968
0.0757545      18.5185    -0.959903      4.30403
0.0852404      18.5185    -0.872639      3.75687
0.0886549      18.5185    -0.785375      4.95957
0.0852404      18.5185    -0.698111      2.30996
0.0757545      18.5185    -0.610847      1.29447
0.0622006      18.5185    -0.523583     0.544526
0.0471493      18.5185    -0.436319      4.85006
0.0438312      18.1818     -1.13443      1.29225
0.0571096      18.1818     -1.04717      2.43951
0.0689419      18.1818    -0.959903      3.46682
0.0771655      18.1818    -0.872639      1.43851
0.0801154      18.1818    -0.785375      4.03331
0.0771655      18.1818    -0.698111      3.04399
0.0689419      18.1818    -0.610847     0.954045
0.0571096      18.1818    -0.523583      4.91288
0.0438312      18.1818    -0.436319      0.63211
0.0407525      17.8571     -1.13443      1.84762
0.0524828      17.8571     -1.04717      1.49141
0.0628333      17.8571    -0.959903      3.33547
0.06998      17.8571    -0.872639     0.574887
0.0725352      17.8571    -0.785375       2.5466
0.06998      17.8571    -0.698111     0.658749
0.0628333      17.8571    -0.610847      0.70548
0.0524828      17.8571    -0.523583      4.92856
0.0407525      17.8571    -0.436319      1.83194
0.038125      17.5439     -1.13443        3.792
0.0485643      17.5439     -1.04717      6.05947
0.0576908      17.5439    -0.959903       2.7173
0.0639537      17.5439    -0.872639      4.36513
0.0661861      17.5439    -0.785375      4.76314
0.0639537      17.5439    -0.698111      2.71829
0.0576908      17.5439    -0.610847      4.11849
0.0485643      17.5439    -0.523583     0.689591
0.038125      17.5439    -0.436319      5.86681
0.0360108      17.2414     -1.13443      1.17782
0.0454013      17.2414     -1.04717       1.6724
0.0535396      17.2414    -0.959903      5.01277
0.0590921      17.2414    -0.872639      3.06361
0.0610656      17.2414    -0.785375      4.83136
0.0590921      17.2414    -0.698111      2.48811
0.0535396      17.2414    -0.610847      1.71487
0.0454013      17.2414    -0.523583     0.233945
0.0360108      17.2414    -0.436319      4.23031
0.0343755      16.9492     -1.13443      2.69895
0.0429215      16.9492     -1.04717      2.83828
0.0502674      16.9492    -0.959903      3.83173
0.055252      16.9492    -0.872639     0.373231
0.0570188      16.9492    -0.785375      1.98424
0.055252      16.9492    -0.698111      4.85501
0.0502674      16.9492    -0.610847      4.37569
0.0429215      16.9492    -0.523583     0.787462
0.0343755      16.9492    -0.436319     0.817742
0.0331365      16.6667     -1.13443      0.58025
0.0409982      16.6667     -1.04717    0.0491349
0.0477038      16.6667    -0.959903       2.6584
0.0522306      16.6667    -0.872639      4.11897
0.053831      16.6667    -0.785375      4.54212
0.0522306      16.6667    -0.698111      3.33759
0.0477038      16.6667    -0.610847     0.683703
0.0409982      16.6667    -0.523583      3.96939
0.0331365      16.6667    -0.436319     0.794799
0.032196      16.3934     -1.13443     0.843828
0.0394926      16.3934     -1.04717     0.619467
0.0456711      16.3934    -0.959903     0.892357
0.0498218      16.3934    -0.872639      1.05712
0.0512857      16.3934    -0.785375      1.23303
0.0498218      16.3934    -0.698111      1.99473
0.0456711      16.3934    -0.610847      1.98812
0.0394926      16.3934    -0.523583      1.36695
0.032196      16.3934    -0.436319       1.5773
0.0314618       16.129     -1.13443      5.61023
0.0382793       16.129     -1.04717      4.41835
0.0440123       16.129    -0.959903       3.4917
0.0478462       16.129    -0.872639       1.1588
0.0491953       16.129    -0.785375      1.33219
0.0478462       16.129    -0.698111      0.48597
0.0440123       16.129    -0.610847      5.74141
0.0382793       16.129    -0.523583      4.44029
0.0314618       16.129    -0.436319      3.50459
0.0308578       15.873     -1.13443      1.96927
0.0372568       15.873     -1.04717      1.04426
0.0426029       15.873    -0.959903      3.91115
0.0461627       15.873    -0.872639      6.20719
0.0474125       15.873    -0.785375      1.07082
0.0461627       15.873    -0.698111      1.61971
0.0426029       15.873    -0.610847      2.49309
0.0372568       15.873    -0.523583     0.464909
0.0308578       15.873    -0.436319      4.29818
0.0303274       15.625     -1.13443      2.52821
0.036351       15.625     -1.04717      6.17515
0.0413525       15.625    -0.959903      2.52692
0.0446692       15.625    -0.872639      3.89968
0.0458313       15.625    -0.785375     0.969905
0.0446692       15.625    -0.698111      2.39599
0.0413525       15.625    -0.610847       1.0124
0.036351       15.625    -0.523583      4.76322
0.0303274       15.625    -0.436319      5.47319
0.0298322      15.3846     -1.13443      2.20393
0.035512      15.3846     -1.04717      4.30722
0.0402006      15.3846    -0.959903      1.84814
0.0432976      15.3846    -0.872639      3.33394
0.0443807      15.3846    -0.785375      5.23012
0.0432976      15.3846    -0.698111      3.75403
0.0402006      15.3846    -0.610847      2.10676
0.035512      15.3846    -0.523583      1.88003
0.0298322      15.3846    -0.436319      2.84364
0.0293487      15.1515     -1.13443      2.65548
0.0347092      15.1515     -1.04717      2.25941
0.0391097      15.1515    -0.959903      3.50792
0.0420058      15.1515    -0.872639      4.66541
0.0430168      15.1515    -0.785375       2.6661
0.0420058      15.1515    -0.698111      2.69764
0.0391097      15.1515    -0.610847     0.784576
0.0347092      15.1515    -0.523583     0.153519
0.0293487      15.1515    -0.436319      1.82323
0.0288643      14.9254     -1.13443      1.99498
0.0339257      14.9254     -1.04717      4.10714
0.0380589      14.9254    -0.959903      6.01243
0.0407696      14.9254    -0.872639       5.8792
0.0417142      14.9254    -0.785375       2.8769
0.0407696      14.9254    -0.698111      1.51093
0.0380589      14.9254    -0.610847      4.79957
0.0339257      14.9254    -0.523583      4.77085
0.0288643      14.9254    -0.436319      4.65349
0.0283735      14.7059     -1.13443      4.67259
0.0331534      14.7059     -1.04717     0.665498
0.0370374      14.7059    -0.959903      4.28224
0.0395762      14.7059    -0.872639      2.91067
0.0404595      14.7059    -0.785375      1.33302
0.0395762      14.7059    -0.698111     0.618993
0.0370374      14.7059    -0.610847      5.17452
0.0331534      14.7059    -0.523583      1.09959
0.0283735      14.7059    -0.436319      1.02771
0.0278747      14.4928     -1.13443       4.1844
0.0323894      14.4928     -1.04717      5.61945
0.0360405      14.4928    -0.959903      3.24554
0.0384196      14.4928    -0.872639      4.41508
0.0392459      14.4928    -0.785375     0.965008
0.0384196      14.4928    -0.698111      5.99057
0.0360405      14.4928    -0.610847      3.39837
0.0323894      14.4928    -0.523583      4.27077
0.0278747      14.4928    -0.436319     0.229725
0.0273687      14.2857     -1.13443      5.08423
0.0316332      14.2857     -1.04717      4.70357
0.0350665      14.2857    -0.959903     0.755135
0.0372969      14.2857    -0.872639      3.29886
0.0380705      14.2857    -0.785375      2.04721
0.0372969      14.2857    -0.698111      3.43334
0.0350665      14.2857    -0.610847      2.50617
0.0316332      14.2857    -0.523583      2.60803
0.0273687      14.2857    -0.436319      1.13558
0.0268571      14.0845     -1.13443      1.60459
0.0308857      14.0845     -1.04717     0.129026
0.0341152      14.0845    -0.959903      5.80345
0.0362073      14.0845    -0.872639       4.1072
0.0369318      14.0845    -0.785375      5.85961
0.0362073      14.0845    -0.698111      1.02735
0.0341152      14.0845    -0.610847      5.78725
0.0308857      14.0845    -0.523583      4.99284
0.0268571      14.0845    -0.436319      3.62777
0.0263421      13.8889     -1.13443      2.76474
0.0301483      13.8889     -1.04717      1.61859
0.033187      13.8889    -0.959903      4.72448
0.0351502      13.8889    -0.872639      1.43673
0.0358292      13.8889    -0.785375     0.403287
0.0351502      13.8889    -0.698111      4.82113
0.033187      13.8889    -0.610847      4.21716
0.0301483      13.8889    -0.523583      4.49368
0.0263421      13.8889    -0.436319      4.03407
0.0258254      13.6986     -1.13443      2.63288
0.029422      13.6986     -1.04717      2.45516
0.0322823      13.6986    -0.959903      5.12781
0.0341254      13.6986    -0.872639       1.9944
0.0347621      13.6986    -0.785375      5.11775
0.0341254      13.6986    -0.698111      4.95775
0.0322823      13.6986    -0.610847      5.35477
0.029422      13.6986    -0.523583      3.17691
0.0258254      13.6986    -0.436319      3.99386
0.025309      13.5135     -1.13443      5.97447
0.0287082      13.5135     -1.04717      2.78943
0.0314015      13.5135    -0.959903     0.377098
0.0331328      13.5135    -0.872639      5.44579
0.0337301      13.5135    -0.785375      3.96576
0.0331328      13.5135    -0.698111      2.23093
0.0314015      13.5135    -0.610847      6.26417
0.0287082      13.5135    -0.523583      1.40847
0.025309      13.5135    -0.436319      4.09935
0.0247944      13.3333     -1.13443      3.80116
0.0280078      13.3333     -1.04717      2.43306
0.0305449      13.3333    -0.959903     0.893362
0.0321719      13.3333    -0.872639     0.157923
0.0327325      13.3333    -0.785375      2.64585
0.0321719      13.3333    -0.698111       1.1567
0.0305449      13.3333    -0.610847      4.56005
0.0280078      13.3333    -0.523583      2.32699
0.0247944      13.3333    -0.436319      5.28752
0.024283      13.1579     -1.13443      4.61317
0.0273215      13.1579     -1.04717      3.58776
0.0297124      13.1579    -0.959903      1.11118
0.0312422      13.1579    -0.872639      6.01524
0.0317688      13.1579    -0.785375      1.66702
0.0312422      13.1579    -0.698111      5.80914
0.0297124      13.1579    -0.610847      1.40595
0.0273215      13.1579    -0.523583       2.3471
0.024283      13.1579    -0.436319     0.549765
0.0237761       12.987     -1.13443      4.02185
0.02665       12.987     -1.04717      1.13482
0.028904       12.987    -0.959903     0.283056
0.0303432       12.987    -0.872639       4.5437
0.030838       12.987    -0.785375      2.18295
0.0303432       12.987    -0.698111      4.15066
0.028904       12.987    -0.610847      2.41185
0.02665       12.987    -0.523583      3.94162
0.0237761       12.987    -0.436319     0.136026
0.0232747      12.8205     -1.13443      5.72111
0.0259937      12.8205     -1.04717      5.02991
0.0281196      12.8205    -0.959903      4.68616
0.0294742      12.8205    -0.872639      5.10879
0.0299395      12.8205    -0.785375      2.40831
0.0294742      12.8205    -0.698111      3.87837
0.0281196      12.8205    -0.610847      3.61583
0.0259937      12.8205    -0.523583      3.33031
0.0232747      12.8205    -0.436319      1.72826
0.0227796      12.6582     -1.13443      1.56214
0.0253528      12.6582     -1.04717      2.83765
0.0273588      12.6582    -0.959903      1.43072
0.0286345      12.6582    -0.872639      5.05436
0.0290723      12.6582    -0.785375      6.19569
0.0286345      12.6582    -0.698111     0.188439
0.0273588      12.6582    -0.610847      3.36558
0.0253528      12.6582    -0.523583     0.547106
0.0227796      12.6582    -0.436319      5.03954
0.0222916         12.5     -1.13443       6.2148
0.0247276         12.5     -1.04717     0.420623
0.0266213         12.5    -0.959903      5.90224
0.0278233         12.5    -0.872639     0.114209
0.0282354         12.5    -0.785375      4.29656
0.0278233         12.5    -0.698111      4.92422
0.0266213         12.5    -0.610847      3.35599
0.0247276         12.5    -0.523583      5.56271
0.0222916         12.5    -0.436319      5.64845
0.0218112      12.3457     -1.13443      3.93277
0.0241181      12.3457     -1.04717     0.866231
0.0259066      12.3457    -0.959903      1.36845
0.0270398      12.3457    -0.872639      1.14439
0.027428      12.3457    -0.785375     0.262754
0.0270398      12.3457    -0.698111     0.671914
0.0259066      12.3457    -0.610847      3.87311
0.0241181      12.3457    -0.523583      5.90389
0.0218112      12.3457    -0.436319      2.22705
0.021339      12.1951     -1.13443      2.57998
0.0235243      12.1951     -1.04717      6.18467
0.0252143      12.1951    -0.959903      5.94107
0.0262832      12.1951    -0.872639      4.25136
0.026649      12.1951    -0.785375       6.2095
0.0262832      12.1951    -0.698111        4.818
0.0252143      12.1951    -0.610847      2.11548
0.0235243      12.1951    -0.523583      4.16175
0.021339      12.1951    -0.436319      1.53409
0.0208752      12.0482     -1.13443      1.85667
0.0229462      12.0482     -1.04717      4.27356
0.0245438      12.0482    -0.959903      3.31646
0.0255526      12.0482    -0.872639      2.58604
0.0258975      12.0482    -0.785375      3.78638
0.0255526      12.0482    -0.698111      4.71552
0.0245438      12.0482    -0.610847      3.66634
0.0229462      12.0482    -0.523583      3.46691
0.0208752      12.0482    -0.436319      3.66657
0.0204203      11.9048     -1.13443      3.21576
0.0223836      11.9048     -1.04717      0.51893
0.0238945      11.9048    -0.959903      4.52106
0.0248471      11.9048    -0.872639      6.25885
0.0251726      11.9048    -0.785375      2.22754
0.0248471      11.9048    -0.698111      6.10242
0.0238945      11.9048    -0.610847      2.17674
0.0223836      11.9048    -0.523583      5.57016
0.0204203      11.9048    -0.436319      2.85685
0.0199745      11.7647     -1.13443      2.59756
0.0218364      11.7647     -1.04717      1.36801
0.023266      11.7647    -0.959903     0.789488
0.024166      11.7647    -0.872639      1.94091
0.0244732      11.7647    -0.785375      4.56211
0.024166      11.7647    -0.698111      4.91879
0.023266      11.7647    -0.610847      4.35907
0.0218364      11.7647    -0.523583    0.0615876
0.0199745      11.7647    -0.436319      5.29791
0.0195378      11.6279     -1.13443      5.79501
0.0213043      11.6279     -1.04717      4.84391
0.0226576      11.6279    -0.959903     0.268032
0.0235083      11.6279    -0.872639      2.37614
0.0237986      11.6279    -0.785375      4.42537
0.0235083      11.6279    -0.698111      4.58353
0.0226576      11.6279    -0.610847      1.40913
0.0213043      11.6279    -0.523583      1.69047
0.0195378      11.6279    -0.436319      4.22865
0.0191105      11.4943     -1.13443      3.00008
0.020787      11.4943     -1.04717      3.91881
0.0220687      11.4943    -0.959903      1.48558
0.0228733      11.4943    -0.872639      1.11287
0.0231476      11.4943    -0.785375      5.21265
0.0228733      11.4943    -0.698111      4.81857
0.0220687      11.4943    -0.610847      5.87133
0.020787      11.4943    -0.523583     0.677866
0.0191105      11.4943    -0.436319      1.14494
0.0186926      11.3636     -1.13443     0.622616
0.0202843      11.3636     -1.04717      3.07719
0.0214988      11.3636    -0.959903      1.21416
0.0222601      11.3636    -0.872639      5.62889
0.0225195      11.3636    -0.785375      0.62258
0.0222601      11.3636    -0.698111     0.277492
0.0214988      11.3636    -0.610847      3.50149
0.0202843      11.3636    -0.523583      4.85359
0.0186926      11.3636    -0.436319      1.95992
0.0182841       11.236     -1.13443      1.12455
0.0197959       11.236     -1.04717      2.12966
0.0209472       11.236    -0.959903      1.32035
0.021668       11.236    -0.872639      3.20529
0.0219134       11.236    -0.785375      5.69469
0.021668       11.236    -0.698111      3.95153
0.0209472       11.236    -0.610847     0.637937
0.0197959       11.236    -0.523583      2.45574
0.0182841       11.236    -0.436319     0.343156
0.017885      11.1111     -1.13443      3.14956
0.0193215      11.1111     -1.04717       2.7125
0.0204133      11.1111    -0.959903      6.26767
0.0210961      11.1111    -0.872639       5.0993
0.0213284      11.1111    -0.785375      3.05135
0.0210961      11.1111    -0.698111      5.61982
0.0204133      11.1111    -0.610847     0.864205
0.0193215      11.1111    -0.523583       2.4504
0.017885      11.1111    -0.436319      5.82658
0.0174952       10.989     -1.13443      5.76461
0.0188607       10.989     -1.04717      4.48339
0.0198967       10.989    -0.959903      3.88501
0.0205437       10.989    -0.872639      2.15688
0.0207637       10.989    -0.785375      5.88106
0.0205437       10.989    -0.698111     0.783955
0.0198967       10.989    -0.610847      4.59027
0.0188607       10.989    -0.523583      4.06182
0.0174952       10.989    -0.436319      5.23469
0.0171147      10.8696     -1.13443      2.50241
0.0184131      10.8696     -1.04717      4.71113
0.0193966      10.8696    -0.959903      5.24769
0.0200101      10.8696    -0.872639      2.02602
0.0202186      10.8696    -0.785375      3.46986
0.0200101      10.8696    -0.698111      6.15187
0.0193966      10.8696    -0.610847      3.45131
0.0184131      10.8696    -0.523583      2.07605
0.0171147      10.8696    -0.436319      3.89214
0.0167434      10.7527     -1.13443      2.26588
0.0179785      10.7527     -1.04717      4.75315
0.0189125      10.7527    -0.959903      2.60054
0.0194945      10.7527    -0.872639       3.0934
0.0196922      10.7527    -0.785375      4.36507
0.0194945      10.7527    -0.698111      6.11169
0.0189125      10.7527    -0.610847      2.05928
0.0179785      10.7527    -0.523583      5.26392
0.0167434      10.7527    -0.436319      4.64359
0.0163811      10.6383     -1.13443      5.99508
0.0175565      10.6383     -1.04717      0.20057
0.0184439      10.6383    -0.959903      2.24221
0.0189963      10.6383    -0.872639      4.16345
0.0191838      10.6383    -0.785375      1.76867
0.0189963      10.6383    -0.698111       1.4475
0.0184439      10.6383    -0.610847      4.46802
0.0175565      10.6383    -0.523583      3.92419
0.0163811      10.6383    -0.436319      3.71079
0.0160277      10.5263     -1.13443      4.14953
0.0171467      10.5263     -1.04717     0.298786
0.0179902      10.5263    -0.959903      2.19141
0.0185148      10.5263    -0.872639      2.83577
0.0186927      10.5263    -0.785375      1.51361
0.0185148      10.5263    -0.698111      4.49263
0.0179902      10.5263    -0.610847      5.37939
0.0171467      10.5263    -0.523583      1.76871
0.0160277      10.5263    -0.436319      4.59319
0.0156831      10.4167     -1.13443     0.865564
0.0167489      10.4167     -1.04717      5.25713
0.017551      10.4167    -0.959903     0.870835
0.0180493      10.4167    -0.872639      3.69572
0.0182183      10.4167    -0.785375      2.30056
0.0180493      10.4167    -0.698111      5.06887
0.017551      10.4167    -0.610847      3.16525
0.0167489      10.4167    -0.523583      3.07612
0.0156831      10.4167    -0.436319       5.5105
0.0153472      10.3093     -1.13443      2.21879
0.0163625      10.3093     -1.04717      2.82385
0.0171256      10.3093    -0.959903      6.05386
0.0175993      10.3093    -0.872639     0.265757
0.0177598      10.3093    -0.785375       6.1131
0.0175993      10.3093    -0.698111      1.18879
0.0171256      10.3093    -0.610847      4.19152
0.0163625      10.3093    -0.523583       3.6846
0.0153472      10.3093    -0.436319      4.24173
0.0150196      10.2041     -1.13443       2.2683
0.0159874      10.2041     -1.04717      3.89721
0.0167137      10.2041    -0.959903      5.09646
0.0171641      10.2041    -0.872639     0.120995
0.0173167      10.2041    -0.785375     0.526977
0.0171641      10.2041    -0.698111      6.12468
0.0167137      10.2041    -0.610847      4.09243
0.0159874      10.2041    -0.523583      1.45287
0.0150196      10.2041    -0.436319      2.53513
0.0147004       10.101     -1.13443     0.766655
0.0156231       10.101     -1.04717       1.6866
0.0163147       10.101    -0.959903      1.62005
0.0167432       10.101    -0.872639      2.08385
0.0168883       10.101    -0.785375     0.956486
0.0167432       10.101    -0.698111      2.18653
0.0163147       10.101    -0.610847      0.76438
0.0156231       10.101    -0.523583      5.55513
0.0147004       10.101    -0.436319     0.592351
0.0143893           10     -1.13443      5.84345
0.0152694           10     -1.04717      2.50704
0.0159282           10    -0.959903     0.297823
0.016336           10    -0.872639      2.15113
0.0164741           10    -0.785375      4.62408
0.016336           10    -0.698111      4.99299
0.0159282           10    -0.610847      3.42364
0.0152694           10    -0.523583      4.31154
0.0143893           10    -0.436319      5.61469
0.014086       9.901     -1.1344     0.34426
0.014926       9.901     -1.0472      1.9079
0.015554       9.901     -0.9599     0.29022
0.015942       9.901    -0.87264      1.2282
0.016073       9.901    -0.78538      4.5248
0.015942       9.901    -0.69811      4.5348
0.015554       9.901    -0.61085      5.5152
0.014926       9.901    -0.52358      3.6594
0.014086       9.901    -0.43632     0.44411
0.013791      9.8039     -1.1344      5.7976
0.014592      9.8039     -1.0472      5.0287
0.015191      9.8039     -0.9599      1.7966
0.015561      9.8039    -0.87264      3.4158
0.015686      9.8039    -0.78538      6.1873
0.015561      9.8039    -0.69811      4.4966
0.015191      9.8039    -0.61085      5.2712
0.014592      9.8039    -0.52358      2.7222
0.013791      9.8039    -0.43632      2.9569
0.013503      9.7087     -1.1344       3.523
0.014268      9.7087     -1.0472      1.6907
0.014839      9.7087     -0.9599      4.7061
0.015192      9.7087    -0.87264      3.1659
0.015311      9.7087    -0.78538      4.0639
0.015192      9.7087    -0.69811      1.9336
0.014839      9.7087    -0.61085     0.87161
0.014268      9.7087    -0.52358       2.988
0.013503      9.7087    -0.43632      2.2773
0.013222      9.6154     -1.1344      4.9517
0.013953      9.6154     -1.0472      4.9026
0.014498      9.6154     -0.9599      4.2003
0.014834      9.6154    -0.87264      0.8388
0.014948      9.6154    -0.78538     0.13544
0.014834      9.6154    -0.69811      3.5175
0.014498      9.6154    -0.61085        1.89
0.013953      9.6154    -0.52358      5.9023
0.013222      9.6154    -0.43632       6.163
0.012949      9.5238     -1.1344      1.8008
0.013648      9.5238     -1.0472      5.0316
0.014168      9.5238     -0.9599      5.6303
0.014488      9.5238    -0.87264      3.7543
0.014597      9.5238    -0.78538      5.5543
0.014488      9.5238    -0.69811      5.9295
0.014168      9.5238    -0.61085      3.4504
0.013648      9.5238    -0.52358      4.5765
0.012949      9.5238    -0.43632      3.6238
0.012683       9.434     -1.1344     0.16246
0.013351       9.434     -1.0472      2.8056
0.013847       9.434     -0.9599      4.0607
0.014153       9.434    -0.87264      3.2747
0.014256       9.434    -0.78538      2.3392
0.014153       9.434    -0.69811       5.888
0.013847       9.434    -0.61085       5.212
0.013351       9.434    -0.52358      5.3348
0.012683       9.434    -0.43632      2.3406
0.012423      9.3458     -1.1344       3.727
0.013062      9.3458     -1.0472      5.4822
0.013536      9.3458     -0.9599      5.8652
0.013828      9.3458    -0.87264         4.2
0.013927      9.3458    -0.78538      1.2992
0.013828      9.3458    -0.69811      4.1081
0.013536      9.3458    -0.61085      0.4527
0.013062      9.3458    -0.52358      2.5555
0.012423      9.3458    -0.43632      4.1903
0.012171      9.2593     -1.1344      5.8666
0.012781      9.2593     -1.0472      5.0952
0.013235      9.2593     -0.9599      3.0444
0.013514      9.2593    -0.87264      4.7547
0.013608      9.2593    -0.78538      2.6203
0.013514      9.2593    -0.69811      6.1057
0.013235      9.2593    -0.61085      6.2074
0.012781      9.2593    -0.52358      5.4294
0.012171      9.2593    -0.43632      2.4434
0.011924      9.1743     -1.1344      2.8571
0.012509      9.1743     -1.0472      1.5499
0.012942      9.1743     -0.9599      4.9285
0.013209      9.1743    -0.87264      5.5469
0.013299      9.1743    -0.78538      5.7409
0.013209      9.1743    -0.69811      3.5077
0.012942      9.1743    -0.61085      3.7627
0.012509      9.1743    -0.52358     0.93539
0.011924      9.1743    -0.43632      5.6529
0.011684      9.0909     -1.1344      2.8298
0.012244      9.0909     -1.0472      1.2922
0.012658      9.0909     -0.9599      5.6525
0.012913      9.0909    -0.87264      4.7913
0.012999      9.0909    -0.78538      5.5447
0.012913      9.0909    -0.69811      1.7903
0.012658      9.0909    -0.61085      4.2299
0.012244      9.0909    -0.52358      4.1737
0.011684      9.0909    -0.43632     0.77165
0.01145       9.009     -1.1344      2.5592
0.011986       9.009     -1.0472      1.7296
0.012383       9.009     -0.9599      4.5028
0.012626       9.009    -0.87264      1.7805
0.012708       9.009    -0.78538      5.6308
0.012626       9.009    -0.69811      5.1934
0.012383       9.009    -0.61085      2.4505
0.011986       9.009    -0.52358      3.1283
0.01145       9.009    -0.43632      4.3655
0.011223      8.9286     -1.1344      5.2423
0.011736      8.9286     -1.0472      3.8303
0.012115      8.9286     -0.9599      3.6111
0.012348      8.9286    -0.87264      2.0485
0.012427      8.9286    -0.78538      2.8677
0.012348      8.9286    -0.69811      4.4848
0.012115      8.9286    -0.61085      5.5567
0.011736      8.9286    -0.52358      4.5291
0.011223      8.9286    -0.43632     0.11694
0.011      8.8496     -1.1344      4.2396
0.011492      8.8496     -1.0472      2.7552
0.011856      8.8496     -0.9599      2.7508
0.012078      8.8496    -0.87264     0.73534
0.012154      8.8496    -0.78538      5.1186
0.012078      8.8496    -0.69811      2.0411
0.011856      8.8496    -0.61085      1.5471
0.011492      8.8496    -0.52358      2.1533
0.011      8.8496    -0.43632      2.3605
0.010784      8.7719     -1.1344       3.434
0.011255      8.7719     -1.0472      3.5305
0.011603      8.7719     -0.9599       2.487
0.011817      8.7719    -0.87264      2.5015
0.011889      8.7719    -0.78538      3.2381
0.011817      8.7719    -0.69811      4.1313
0.011603      8.7719    -0.61085      5.9746
0.011255      8.7719    -0.52358      4.5385
0.010784      8.7719    -0.43632      2.5137
0.010573      8.6957     -1.1344      5.2266
0.011025      8.6957     -1.0472     0.84405
0.011358      8.6957     -0.9599     0.37991
0.011563      8.6957    -0.87264     0.52932
0.011631      8.6957    -0.78538      1.0298
0.011563      8.6957    -0.69811      2.0371
0.011358      8.6957    -0.61085      1.8957
0.011025      8.6957    -0.52358    0.073392
0.010573      8.6957    -0.43632      3.3922
