
[NumberOfWaves] 819
=================================
0.00796122      26.3158    -0.349056       1.1425
0.00837174      26.3158    -0.261792      5.37983
0.00867667      26.3158    -0.174528      3.67054
0.00886445      26.3158   -0.0872639       2.3472
0.00892786      26.3158            0      1.39291
0.00886445      26.3158    0.0872639      1.37594
0.00867667      26.3158     0.174528      3.28119
0.00837174      26.3158     0.261792      2.72319
0.00796122      26.3158     0.349056      4.65761
0.00979316       25.641    -0.349056     0.442635
0.0103702       25.641    -0.261792       5.3238
0.0108014       25.641    -0.174528      4.27169
0.011068       25.641   -0.0872639     0.858582
0.0111582       25.641            0      5.39334
0.011068       25.641    0.0872639      1.25556
0.0108014       25.641     0.174528      3.81592
0.0103702       25.641     0.261792      3.41195
0.00979316       25.641     0.349056      1.01989
0.0116519           25    -0.349056    0.0355182
0.0124341           25    -0.261792      4.84724
0.0130225           25    -0.174528      4.80516
0.0133879           25   -0.0872639      2.64558
0.0135118           25            0     0.356957
0.0133879           25    0.0872639      3.68025
0.0130225           25     0.174528      1.09422
0.0124341           25     0.261792      4.57786
0.0116519           25     0.349056      3.35695
0.0134724      24.3902    -0.349056         1.59
0.0145002      24.3902    -0.261792      5.76187
0.015279      24.3902    -0.174528      4.76374
0.0157649      24.3902   -0.0872639      5.57321
0.01593      24.3902            0     0.432259
0.0157649      24.3902    0.0872639      1.15311
0.015279      24.3902     0.174528      4.63103
0.0145002      24.3902     0.261792      4.37746
0.0134724      24.3902     0.349056      4.88185
0.0152005      23.8095    -0.349056      3.15346
0.0165149      23.8095    -0.261792       2.6734
0.0175187      23.8095    -0.174528       3.8404
0.0181485      23.8095   -0.0872639      5.37681
0.0183631      23.8095            0      4.21462
0.0181485      23.8095    0.0872639      3.28973
0.0175187      23.8095     0.174528      1.87746
0.0165149      23.8095     0.261792      4.42304
0.0152005      23.8095     0.349056      2.39766
0.0167981      23.2558    -0.349056      3.56676
0.0184405      23.2558    -0.261792      5.57843
0.0197061      23.2558    -0.174528      5.29625
0.0205047      23.2558   -0.0872639      5.64715
0.0207777      23.2558            0      5.89976
0.0205047      23.2558    0.0872639      5.12338
0.0197061      23.2558     0.174528   0.00853124
0.0184405      23.2558     0.261792    0.0194189
0.0167981      23.2558     0.349056     0.549567
0.0182497      22.7273    -0.349056      1.63815
0.0202631      22.7273    -0.261792     0.143244
0.0218295      22.7273    -0.174528      2.66452
0.0228243      22.7273   -0.0872639      2.14291
0.0231655      22.7273            0      3.40133
0.0228243      22.7273    0.0872639      5.81912
0.0218295      22.7273     0.174528      1.87547
0.0202631      22.7273     0.261792      2.12419
0.0182497      22.7273     0.349056      5.40011
0.0195688      22.2222    -0.349056      2.13923
0.0219997      22.2222    -0.261792      0.86781
0.0239112      22.2222    -0.174528       3.1905
0.0251338      22.2222   -0.0872639      5.38237
0.0255545      22.2222            0      2.41464
0.0251338      22.2222    0.0872639      4.37103
0.0239112      22.2222     0.174528      3.94512
0.0219997      22.2222     0.261792      2.82979
0.0195688      22.2222     0.349056      2.97574
0.0208021      21.7391    -0.349056      5.96701
0.0237065      21.7391    -0.261792     0.524615
0.0260169      21.7391    -0.174528      1.75817
0.0275059      21.7391   -0.0872639      2.80855
0.0280203      21.7391            0      3.69171
0.0275059      21.7391    0.0872639      5.51418
0.0260169      21.7391     0.174528      2.94736
0.0237065      21.7391     0.261792       2.7483
0.0208021      21.7391     0.349056      4.68828
0.0220302      21.2766    -0.349056      2.93988
0.0254814      21.2766    -0.261792      5.40858
0.0282616      21.2766    -0.174528      2.93109
0.0300685      21.2766   -0.0872639      3.12959
0.0306953      21.2766            0      3.06253
0.0300685      21.2766    0.0872639      1.44175
0.0282616      21.2766     0.174528     0.537525
0.0254814      21.2766     0.261792     0.423369
0.0220302      21.2766     0.349056      5.58176
0.0233591      20.8333    -0.349056      1.46499
0.0274585      20.8333    -0.261792      5.41341
0.0308065      20.8333    -0.174528      4.47183
0.0330024      20.8333   -0.0872639      5.48388
0.0337676      20.8333            0      5.89347
0.0330024      20.8333    0.0872639     0.877668
0.0308065      20.8333     0.174528      2.47487
0.0274585      20.8333     0.261792      6.16088
0.0233591      20.8333     0.349056      4.05124
0.0248989      20.4082    -0.349056      5.63214
0.029787      20.4082    -0.261792      3.02985
0.0338391      20.4082    -0.174528    0.0885468
0.0365232      20.4082   -0.0872639      3.91356
0.0374632      20.4082            0      1.45197
0.0365232      20.4082    0.0872639      3.31387
0.0338391      20.4082     0.174528      4.55512
0.029787      20.4082     0.261792      3.81639
0.0248989      20.4082     0.349056      3.69671
0.0267258           20    -0.349056      2.72327
0.0325876           20    -0.261792      1.53414
0.0375259           20    -0.174528      2.69516
0.0408324           20   -0.0872639     0.063945
0.0419966           20            0      3.82523
0.0408324           20    0.0872639      6.01896
0.0375259           20     0.174528     0.599691
0.0325876           20     0.261792     0.223616
0.0267258           20     0.349056      5.56822
0.0288263      19.6078    -0.349056      1.55153
0.0358818      19.6078    -0.261792    0.0560133
0.0419306      19.6078    -0.174528      5.12014
0.046028      19.6078   -0.0872639     0.882758
0.047479      19.6078            0       5.5282
0.046028      19.6078    0.0872639     0.599252
0.0419306      19.6078     0.174528      2.21514
0.0358818      19.6078     0.261792      3.72846
0.0288263      19.6078     0.349056       3.6767
0.0310311      19.2308    -0.349056      4.19504
0.0394982      19.2308    -0.261792      4.07155
0.0468956      19.2308    -0.174528      2.72286
0.0519699      19.2308   -0.0872639     0.878104
0.0537782      19.2308            0      4.72437
0.0519699      19.2308    0.0872639      1.51915
0.0468956      19.2308     0.174528      4.08684
0.0394982      19.2308     0.261792      5.38688
0.0310311      19.2308     0.349056       0.5301
0.0329732      18.8679    -0.349056      6.10764
0.0429942      18.8679    -0.261792     0.197663
0.0519297      18.8679    -0.174528      5.24885
0.0581425      18.8679   -0.0872639      5.25079
0.0603715      18.8679            0     0.313255
0.0581425      18.8679    0.0872639       3.4298
0.0519297      18.8679     0.174528      5.92594
0.0429942      18.8679     0.261792      2.01982
0.0329732      18.8679     0.349056      5.06703
0.0341315      18.5185    -0.349056      3.77859
0.0456767      18.5185    -0.261792      4.96119
0.0561997      18.5185    -0.174528      5.02128
0.0636239      18.5185   -0.0872639     0.311415
0.066307      18.5185            0      1.77934
0.0636239      18.5185    0.0872639      4.10567
0.0561997      18.5185     0.174528       3.0765
0.0456767      18.5185     0.261792      6.11243
0.0341315      18.5185     0.349056      4.70276
0.0340074      18.1818    -0.349056      3.56775
0.0468029      18.1818    -0.261792      1.87839
0.058744      18.1818    -0.174528      1.60914
0.0673018      18.1818   -0.0872639      5.57028
0.070419      18.1818            0      2.80725
0.0673018      18.1818    0.0872639      5.12685
0.058744      18.1818     0.174528     0.617853
0.0468029      18.1818     0.261792      5.40083
0.0340074      18.1818     0.349056     0.173593
0.033574      17.8571    -0.349056       5.6494
0.046663      17.8571    -0.261792      5.65429
0.0589798      17.8571    -0.174528      3.29296
0.0678556      17.8571   -0.0872639     0.755214
0.0710974      17.8571            0      1.11708
0.0678556      17.8571    0.0872639      4.43647
0.0589798      17.8571     0.174528      5.22343
0.046663      17.8571     0.261792     0.218861
0.033574      17.8571     0.349056       4.7615
0.0335505      17.5439    -0.349056      6.01354
0.0459706      17.5439    -0.261792      2.15426
0.0575184      17.5439    -0.174528      4.01009
0.065774      17.5439   -0.0872639      2.15511
0.0687774      17.5439            0      1.36009
0.065774      17.5439    0.0872639       4.9397
0.0575184      17.5439     0.174528      4.54317
0.0459706      17.5439     0.261792      1.75194
0.0335505      17.5439     0.349056      3.65942
0.0326955      17.2414    -0.349056      2.64518
0.0442028      17.2414    -0.261792     0.578468
0.0547816      17.2414    -0.174528     0.150964
0.062288      17.2414   -0.0872639      3.08587
0.0650085      17.2414            0      1.74835
0.062288      17.2414    0.0872639      2.13469
0.0547816      17.2414     0.174528      1.80542
0.0442028      17.2414     0.261792      1.07379
0.0326955      17.2414     0.349056      2.50857
0.0312353      16.9492    -0.349056      4.38333
0.0416993      16.9492    -0.261792       1.2797
0.0512172      16.9492    -0.174528      4.18653
0.0579231      16.9492   -0.0872639      2.78378
0.060345      16.9492            0      2.72239
0.0579231      16.9492    0.0872639      1.10103
0.0512172      16.9492     0.174528      1.21389
0.0416993      16.9492     0.261792      3.87298
0.0312353      16.9492     0.349056      1.69019
0.0294451      16.6667    -0.349056      3.51646
0.0388448      16.6667    -0.261792      5.93608
0.0473093      16.6667    -0.174528      4.48903
0.0532334      16.6667   -0.0872639      4.26754
0.0553658      16.6667            0      6.02779
0.0532334      16.6667    0.0872639      4.87143
0.0473093      16.6667     0.174528      3.81835
0.0388448      16.6667     0.261792       5.9563
0.0294451      16.6667     0.349056     0.374728
0.0275766      16.3934    -0.349056      1.68832
0.0359741      16.3934    -0.261792      6.19931
0.0434648      16.3934    -0.174528      4.85177
0.0486744      16.3934   -0.0872639      2.98665
0.0505438      16.3934            0      4.27809
0.0486744      16.3934    0.0872639       2.6196
0.0434648      16.3934     0.174528      2.38848
0.0359741      16.3934     0.261792      1.33998
0.0275766      16.3934     0.349056        2.406
0.025815       16.129    -0.349056     0.186402
0.0333213       16.129    -0.261792      2.96759
0.0399574       16.129    -0.174528      2.09458
0.0445452       16.129   -0.0872639      6.13123
0.0461866       16.129            0      3.48985
0.0445452       16.129    0.0872639      5.31733
0.0399574       16.129     0.174528      2.56386
0.0333213       16.129     0.261792      2.90286
0.025815       16.129     0.349056      5.19169
0.0242683       15.873    -0.349056      6.22773
0.0310129       15.873    -0.261792      3.29196
0.0369254       15.873    -0.174528      5.81452
0.0409901       15.873   -0.0872639      4.64327
0.0424402       15.873            0      3.56516
0.0409901       15.873    0.0872639      6.08683
0.0369254       15.873     0.174528      5.18033
0.0310129       15.873     0.261792      6.02923
0.0242683       15.873     0.349056      4.06099
0.0229791       15.625    -0.349056      2.38486
0.0290888       15.625    -0.261792      2.99432
0.0344019       15.625    -0.174528       5.7294
0.0380351       15.625   -0.0872639    0.0933268
0.0393279       15.625            0     0.984507
0.0380351       15.625    0.0872639      2.96286
0.0344019       15.625     0.174528      3.41162
0.0290888       15.625     0.261792     0.375039
0.0229791       15.625     0.349056       4.1344
0.0219439      15.3846    -0.349056      5.58958
0.0275304      15.3846    -0.261792     0.688822
0.0323518      15.3846    -0.174528      2.75053
0.0356323      15.3846   -0.0872639      1.76069
0.0367966      15.3846            0       6.1903
0.0356323      15.3846    0.0872639      3.82483
0.0323518      15.3846     0.174528      1.59431
0.0275304      15.3846     0.261792     0.833218
0.0219439      15.3846     0.349056      3.42427
0.021132      15.1515    -0.349056      5.20109
0.0262876      15.1515    -0.261792      5.25891
0.0307053      15.1515    -0.174528      5.23593
0.0336967      15.1515   -0.0872639      1.27994
0.0347559      15.1515            0      3.42058
0.0336967      15.1515    0.0872639      5.49727
0.0307053      15.1515     0.174528     0.760244
0.0262876      15.1515     0.261792      5.38045
0.021132      15.1515     0.349056      5.65329
0.020501      14.9254    -0.349056      1.36885
0.0252981      14.9254    -0.261792      0.48366
0.0293806      14.9254    -0.174528      2.97949
0.0321325      14.9254   -0.0872639      5.24648
0.0331047      14.9254            0       2.9492
0.0321325      14.9254    0.0872639      2.59972
0.0293806      14.9254     0.174528      3.15875
0.0252981      14.9254     0.261792     0.788139
0.020501      14.9254     0.349056     0.831149
0.0200063      14.7059    -0.349056       5.4692
0.0244996      14.7059    -0.261792      3.78834
0.0282989      14.7059    -0.174528      1.66689
0.030849      14.7059   -0.0872639      5.43355
0.0317479      14.7059            0     0.365102
0.030849      14.7059    0.0872639      2.87607
0.0282989      14.7059     0.174528      4.53764
0.0244996      14.7059     0.261792      2.12993
0.0200063      14.7059     0.349056      2.52086
0.0196074      14.4928    -0.349056      3.31101
0.0238374      14.4928    -0.261792      5.61848
0.0273921      14.4928    -0.174528      4.89044
0.0297683      14.4928   -0.0872639     0.435837
0.0306042      14.4928            0       1.7516
0.0297683      14.4928    0.0872639      2.38358
0.0273921      14.4928     0.174528      5.43274
0.0238374      14.4928     0.261792      2.63861
0.0196074      14.4928     0.349056      1.50715
0.019271      14.2857    -0.349056      3.75506
0.0232672      14.2857    -0.261792       3.0121
0.0266059      14.2857    -0.174528      5.64557
0.028829      14.2857   -0.0872639      5.87278
0.0296095      14.2857            0      5.13878
0.028829      14.2857    0.0872639      4.45408
0.0266059      14.2857     0.174528      4.66965
0.0232672      14.2857     0.261792      5.65288
0.019271      14.2857     0.349056     0.409902
0.0189716      14.0845    -0.349056      2.11053
0.0227558      14.0845    -0.261792    0.0272373
0.0258998      14.0845    -0.174528      5.20292
0.0279856      14.0845   -0.0872639      3.18822
0.0287166      14.0845            0       2.3006
0.0279856      14.0845    0.0872639      1.42398
0.0258998      14.0845     0.174528      3.36035
0.0227558      14.0845     0.261792      1.81883
0.0189716      14.0845     0.349056     0.429574
0.0186914      13.8889    -0.349056     0.533871
0.0222801      13.8889    -0.261792     0.429377
0.0252459      13.8889    -0.174528      2.57488
0.0272064      13.8889   -0.0872639     0.775205
0.0278923      13.8889            0      2.78347
0.0272064      13.8889    0.0872639      5.64804
0.0252459      13.8889     0.174528      2.22191
0.0222801      13.8889     0.261792     0.755079
0.0186914      13.8889     0.349056      3.57572
0.0184189      13.6986    -0.349056      5.49783
0.021825      13.6986    -0.261792       2.1901
0.0246256      13.6986    -0.174528      0.26339
0.0264709      13.6986   -0.0872639      0.89432
0.0271153      13.6986            0     0.481233
0.0264709      13.6986    0.0872639      4.65273
0.0246256      13.6986     0.174528      2.86835
0.021825      13.6986     0.261792      4.19861
0.0184189      13.6986     0.349056      4.39336
0.0181474      13.5135    -0.349056      3.58984
0.0213816      13.5135    -0.261792      3.95008
0.0240281      13.5135    -0.174528      5.51499
0.0257662      13.5135   -0.0872639      4.16156
0.0263723      13.5135            0      5.50022
0.0257662      13.5135    0.0872639      2.93741
0.0240281      13.5135     0.174528     0.888014
0.0213816      13.5135     0.261792     0.428089
0.0181474      13.5135     0.349056      4.48759
0.0178734      13.3333    -0.349056      1.93508
0.0209451      13.3333    -0.261792      4.21692
0.0234471      13.3333    -0.174528      4.09916
0.0250853      13.3333   -0.0872639      3.33658
0.0256557      13.3333            0      4.49302
0.0250853      13.3333    0.0872639      3.17173
0.0234471      13.3333     0.174528       3.0661
0.0209451      13.3333     0.261792      3.12792
0.0178734      13.3333     0.349056      5.88073
0.0175955      13.1579    -0.349056      2.44586
0.0205132      13.1579    -0.261792     0.736023
0.0228794      13.1579    -0.174528      1.51058
0.0244241      13.1579   -0.0872639      4.30328
0.0249612      13.1579            0      5.27303
0.0244241      13.1579    0.0872639      6.09542
0.0228794      13.1579     0.174528      1.35191
0.0205132      13.1579     0.261792      4.77724
0.0175955      13.1579     0.349056      3.66992
0.0173136       12.987    -0.349056      2.53174
0.0200853       12.987    -0.261792      3.20458
0.0223236       12.987    -0.174528      3.11413
0.0237808       12.987   -0.0872639      4.09255
0.0242868       12.987            0      4.67271
0.0237808       12.987    0.0872639      1.89717
0.0223236       12.987     0.174528     0.563032
0.0200853       12.987     0.261792      5.18954
0.0173136       12.987     0.349056      2.44778
0.0170283      12.8205    -0.349056      4.87124
0.0196614      12.8205    -0.261792      1.12698
0.0217794      12.8205    -0.174528     0.687116
0.0231545      12.8205   -0.0872639      5.68711
0.0236313      12.8205            0      5.50611
0.0231545      12.8205    0.0872639       6.2817
0.0217794      12.8205     0.174528      5.43011
0.0196614      12.8205     0.261792     0.231701
0.0170283      12.8205     0.349056      3.42224
0.0167404      12.6582    -0.349056      6.26802
0.0192421      12.6582    -0.261792      3.21066
0.0212466      12.6582    -0.174528      5.48828
0.0225448      12.6582   -0.0872639     0.441202
0.0229944      12.6582            0      6.20471
0.0225448      12.6582    0.0872639      5.79741
0.0212466      12.6582     0.174528      3.54525
0.0192421      12.6582     0.261792      2.71088
0.0167404      12.6582     0.349056      2.12268
0.0164508         12.5    -0.349056      4.52831
0.0188278         12.5    -0.261792    0.0857979
0.0207256         12.5    -0.174528      2.35022
0.0219516         12.5   -0.0872639      5.79723
0.0223756         12.5            0      3.43353
0.0219516         12.5    0.0872639      2.97743
0.0207256         12.5     0.174528      3.11974
0.0188278         12.5     0.261792      1.94127
0.0164508         12.5     0.349056      5.97411
0.0161605      12.3457    -0.349056      6.16986
0.0184193      12.3457    -0.261792      3.22672
0.0202164      12.3457    -0.174528      6.23644
0.0213747      12.3457   -0.0872639      2.86407
0.0217749      12.3457            0      2.67681
0.0213747      12.3457    0.0872639      1.33963
0.0202164      12.3457     0.174528      1.21419
0.0184193      12.3457     0.261792      5.23219
0.0161605      12.3457     0.349056      4.56546
0.0158701      12.1951    -0.349056      3.32839
0.018017      12.1951    -0.261792      5.20911
0.0197193      12.1951    -0.174528      3.21611
0.0208141      12.1951   -0.0872639      3.46798
0.0211919      12.1951            0      1.34007
0.0208141      12.1951    0.0872639      3.69328
0.0197193      12.1951     0.174528     0.896981
0.018017      12.1951     0.261792      0.32812
0.0158701      12.1951     0.349056      4.29322
0.0155805      12.0482    -0.349056      3.82358
0.0176214      12.0482    -0.261792       1.3801
0.0192344      12.0482    -0.174528      2.55266
0.0202696      12.0482   -0.0872639      3.95771
0.0206264      12.0482            0        3.489
0.0202696      12.0482    0.0872639     0.801579
0.0192344      12.0482     0.174528      1.06307
0.0176214      12.0482     0.261792   0.00627934
0.0155805      12.0482     0.349056      2.62731
0.0152924      11.9048    -0.349056      3.06916
0.0172329      11.9048    -0.261792      1.00446
0.0187618      11.9048    -0.174528      4.18975
0.0197409      11.9048   -0.0872639     0.112594
0.0200781      11.9048            0      0.75192
0.0197409      11.9048    0.0872639       5.9822
0.0187618      11.9048     0.174528      6.13129
0.0172329      11.9048     0.261792     0.194236
0.0152924      11.9048     0.349056      3.10306
0.0150063      11.7647    -0.349056      5.42048
0.0168517      11.7647    -0.261792      1.52599
0.0183014      11.7647    -0.174528      5.24172
0.0192279      11.7647   -0.0872639      5.11179
0.0195467      11.7647            0      3.95184
0.0192279      11.7647    0.0872639    0.0140626
0.0183014      11.7647     0.174528      2.38581
0.0168517      11.7647     0.261792      5.68238
0.0150063      11.7647     0.349056      4.27465
0.0147227      11.6279    -0.349056      2.38015
0.0164781      11.6279    -0.261792      3.97057
0.0178531      11.6279    -0.174528      1.52846
0.0187303      11.6279   -0.0872639      3.59019
0.0190318      11.6279            0       6.1682
0.0187303      11.6279    0.0872639      5.33855
0.0178531      11.6279     0.174528      1.78088
0.0164781      11.6279     0.261792      4.28788
0.0147227      11.6279     0.349056       2.2501
0.0144421      11.4943    -0.349056      6.20086
0.0161122      11.4943    -0.261792     0.527686
0.0174169      11.4943    -0.174528      1.57267
0.0182477      11.4943   -0.0872639      5.09769
0.018533      11.4943            0      0.53043
0.0182477      11.4943    0.0872639      3.33787
0.0174169      11.4943     0.174528      5.03031
0.0161122      11.4943     0.261792      4.64203
0.0144421      11.4943     0.349056     0.890069
0.0141648      11.3636    -0.349056      2.75129
0.0157542      11.3636    -0.261792      2.20144
0.0169925      11.3636    -0.174528       3.0064
0.0177798      11.3636   -0.0872639      3.69066
0.0180499      11.3636            0     0.916097
0.0177798      11.3636    0.0872639      5.68819
0.0169925      11.3636     0.174528      4.02234
0.0157542      11.3636     0.261792      1.02375
0.0141648      11.3636     0.349056      3.55562
0.0138911       11.236    -0.349056      5.85334
0.0154041       11.236    -0.261792      4.92023
0.01658       11.236    -0.174528      4.30817
0.0173262       11.236   -0.0872639      2.92926
0.017582       11.236            0      1.63558
0.0173262       11.236    0.0872639      3.57671
0.01658       11.236     0.174528      1.56303
0.0154041       11.236     0.261792      2.00617
0.0138911       11.236     0.349056      5.72257
0.0136213      11.1111    -0.349056      5.56184
0.0150619      11.1111    -0.261792      4.99241
0.0161789      11.1111    -0.174528      5.81686
0.0168866      11.1111   -0.0872639      1.12365
0.017129      11.1111            0      3.25171
0.0168866      11.1111    0.0872639      3.93947
0.0161789      11.1111     0.174528      5.73752
0.0150619      11.1111     0.261792      4.17171
0.0136213      11.1111     0.349056       2.4453
0.0133556       10.989    -0.349056      4.64947
0.0147278       10.989    -0.261792       5.1372
0.0157891       10.989    -0.174528      3.77197
0.0164606       10.989   -0.0872639     0.534037
0.0166904       10.989            0      5.79518
0.0164606       10.989    0.0872639     0.336755
0.0157891       10.989     0.174528       3.3113
0.0147278       10.989     0.261792     0.746755
0.0133556       10.989     0.349056      2.38844
0.0130943      10.8696    -0.349056      5.10703
0.0144015      10.8696    -0.261792      1.53365
0.0154105      10.8696    -0.174528      5.55683
0.0160478      10.8696   -0.0872639      4.47756
0.0162657      10.8696            0      2.37591
0.0160478      10.8696    0.0872639      1.56396
0.0154105      10.8696     0.174528      1.58868
0.0144015      10.8696     0.261792      4.82059
0.0130943      10.8696     0.349056     0.313282
0.0128373      10.7527    -0.349056      4.30567
0.0140832      10.7527    -0.261792      3.89721
0.0150426      10.7527    -0.174528      4.69142
0.0156478      10.7527   -0.0872639       6.1401
0.0158546      10.7527            0      2.41213
0.0156478      10.7527    0.0872639      1.63487
0.0150426      10.7527     0.174528      5.51314
0.0140832      10.7527     0.261792       5.0647
0.0128373      10.7527     0.349056      2.89722
0.0125849      10.6383    -0.349056     0.571512
0.0137726      10.6383    -0.261792       3.5453
0.0146853      10.6383    -0.174528      1.17733
0.0152602      10.6383   -0.0872639      3.34061
0.0154566      10.6383            0      2.23067
0.0152602      10.6383    0.0872639      1.97778
0.0146853      10.6383     0.174528      4.56612
0.0137726      10.6383     0.261792       3.2406
0.0125849      10.6383     0.349056      4.96762
0.0123372      10.5263    -0.349056      1.28483
0.0134697      10.5263    -0.261792      4.26054
0.0143383      10.5263    -0.174528     0.329767
0.0148847      10.5263   -0.0872639      5.03377
0.0150712      10.5263            0      4.26345
0.0148847      10.5263    0.0872639      5.94377
0.0143383      10.5263     0.174528      0.57526
0.0134697      10.5263     0.261792      5.70772
0.0123372      10.5263     0.349056      3.20403
0.0120941      10.4167    -0.349056      3.86344
0.0131744      10.4167    -0.261792      1.98588
0.0140013      10.4167    -0.174528     0.486854
0.0145209      10.4167   -0.0872639      5.34441
0.0146981      10.4167            0     0.908063
0.0145209      10.4167    0.0872639      2.32776
0.0140013      10.4167     0.174528      3.91049
0.0131744      10.4167     0.261792      6.26762
0.0120941      10.4167     0.349056      3.25047
0.0118558      10.3093    -0.349056      6.22338
0.0128866      10.3093    -0.261792      1.42332
0.0136741      10.3093    -0.174528      2.50067
0.0141683      10.3093   -0.0872639      4.37654
0.0143367      10.3093            0     0.406138
0.0141683      10.3093    0.0872639      4.69756
0.0136741      10.3093     0.174528      2.64138
0.0128866      10.3093     0.261792      5.09751
0.0118558      10.3093     0.349056      2.38506
0.0116222      10.2041    -0.349056       2.0047
0.012606      10.2041    -0.261792      6.19536
0.0133564      10.2041    -0.174528      4.51233
0.0138266      10.2041   -0.0872639      2.59603
0.0139868      10.2041            0     0.619694
0.0138266      10.2041    0.0872639      4.61523
0.0133564      10.2041     0.174528       4.0042
0.012606      10.2041     0.261792     0.463949
0.0116222      10.2041     0.349056     0.757153
0.0113934       10.101    -0.349056      6.16737
0.0123327       10.101    -0.261792      3.12139
0.0130479       10.101    -0.174528     0.140825
0.0134956       10.101   -0.0872639     0.338224
0.013648       10.101            0      0.88511
0.0134956       10.101    0.0872639       5.6137
0.0130479       10.101     0.174528      2.92675
0.0123327       10.101     0.261792      3.52386
0.0113934       10.101     0.349056      3.10667
0.0111693           10    -0.349056     0.425896
0.0120664           10    -0.261792      5.63991
0.0127483           10    -0.174528      1.81306
0.0131747           10   -0.0872639      1.69042
0.0133198           10            0      3.73332
0.0131747           10    0.0872639      2.98995
0.0127483           10     0.174528       2.3141
0.0120664           10     0.261792       4.1192
0.0111693           10     0.349056      5.89471
0.01095       9.901    -0.34906      3.8981
0.011807       9.901    -0.26179      1.7771
0.012457       9.901    -0.17453      1.2892
0.012864       9.901   -0.087264      2.7591
0.013002       9.901           0     0.17121
0.012864       9.901    0.087264      5.5051
0.012457       9.901     0.17453      3.8332
0.011807       9.901     0.26179      1.2792
0.01095       9.901     0.34906      3.2666
0.010735      9.8039    -0.34906     0.33818
0.011554      9.8039    -0.26179      5.4171
0.012175      9.8039    -0.17453       2.783
0.012562      9.8039   -0.087264      3.4431
0.012694      9.8039           0      3.5616
0.012562      9.8039    0.087264      4.2749
0.012175      9.8039     0.17453      2.3334
0.011554      9.8039     0.26179     0.49151
0.010735      9.8039     0.34906      2.8673
0.010525      9.7087    -0.34906      0.3006
0.011308      9.7087    -0.26179      4.6385
0.011901      9.7087    -0.17453     0.23876
0.01227      9.7087   -0.087264      5.9955
0.012395      9.7087           0      4.6643
0.01227      9.7087    0.087264        5.89
0.011901      9.7087     0.17453      3.2255
0.011308      9.7087     0.26179      1.5136
0.010525      9.7087     0.34906      1.6334
0.01032      9.6154    -0.34906      4.7686
0.011069      9.6154    -0.26179      6.2412
0.011634      9.6154    -0.17453      2.2412
0.011987      9.6154   -0.087264      4.7302
0.012106      9.6154           0     0.69143
0.011987      9.6154    0.087264      3.7512
0.011634      9.6154     0.17453      2.7054
0.011069      9.6154     0.26179      4.5911
0.01032      9.6154     0.34906       1.641
0.010119      9.5238    -0.34906     0.59568
0.010835      9.5238    -0.26179      2.8334
0.011376      9.5238    -0.17453      4.0216
0.011712      9.5238   -0.087264      0.8296
0.011826      9.5238           0      2.8451
0.011712      9.5238    0.087264      4.0978
0.011376      9.5238     0.17453       5.196
0.010835      9.5238     0.26179      1.9356
0.010119      9.5238     0.34906      2.5281
0.0099227       9.434    -0.34906      5.5556
0.010608       9.434    -0.26179      4.4017
0.011124       9.434    -0.17453      1.5197
0.011445       9.434   -0.087264       4.774
0.011554       9.434           0      1.8279
0.011445       9.434    0.087264      1.7431
0.011124       9.434     0.17453    0.038375
0.010608       9.434     0.26179      2.3543
0.0099227       9.434     0.34906      2.7452
0.0097307      9.3458    -0.34906      1.9119
0.010387      9.3458    -0.26179      1.8275
0.01088      9.3458    -0.17453      1.5237
0.011187      9.3458   -0.087264      5.8852
0.011291      9.3458           0      5.4046
0.011187      9.3458    0.087264      2.4958
0.01088      9.3458     0.17453      3.0122
0.010387      9.3458     0.26179      3.5499
0.0097307      9.3458     0.34906      3.0763
0.0095431      9.2593    -0.34906      1.6952
0.010171      9.2593    -0.26179      6.2185
0.010643      9.2593    -0.17453       1.154
0.010936      9.2593   -0.087264      5.4138
0.011035      9.2593           0     0.20503
0.010936      9.2593    0.087264      2.0857
0.010643      9.2593     0.17453      4.7044
0.010171      9.2593     0.26179      4.0486
0.0095431      9.2593     0.34906      1.0633
0.0093597      9.1743    -0.34906      5.9827
0.0099612      9.1743    -0.26179      3.4134
0.010413      9.1743    -0.17453      1.5796
0.010692      9.1743   -0.087264      3.6352
0.010787      9.1743           0      5.7519
0.010692      9.1743    0.087264       5.627
0.010413      9.1743     0.17453      3.0316
0.0099612      9.1743     0.26179      2.7817
0.0093597      9.1743     0.34906      1.9588
0.0091805      9.0909    -0.34906     0.34754
0.0097568      9.0909    -0.26179      4.7361
0.010189      9.0909    -0.17453     0.82903
0.010456      9.0909   -0.087264      2.2363
0.010547      9.0909           0      2.4873
0.010456      9.0909    0.087264      5.5637
0.010189      9.0909     0.17453     0.13345
0.0097568      9.0909     0.26179      5.3034
0.0091805      9.0909     0.34906      1.8099
0.0090055       9.009    -0.34906      1.5729
0.0095577       9.009    -0.26179      3.0685
0.0099711       9.009    -0.17453      4.5805
0.010227       9.009   -0.087264       1.273
0.010314       9.009           0      1.3589
0.010227       9.009    0.087264      6.1343
0.0099711       9.009     0.17453      3.7273
0.0095577       9.009     0.26179      1.9126
0.0090055       9.009     0.34906      6.0801
0.0088344      8.9286    -0.34906      5.6294
0.0093638      8.9286    -0.26179      1.1939
0.0097596      8.9286    -0.17453    0.011305
0.010005      8.9286   -0.087264       4.472
0.010087      8.9286           0      5.4519
0.010005      8.9286    0.087264     0.74333
0.0097596      8.9286     0.17453     0.24518
0.0093638      8.9286     0.26179      3.7585
0.0088344      8.9286     0.34906      3.7969
0.0086673      8.8496    -0.34906      3.2447
0.0091749      8.8496    -0.26179    0.047169
0.0095541      8.8496    -0.17453      4.3286
0.0097885      8.8496   -0.087264      5.9438
0.0098678      8.8496           0      5.4884
0.0097885      8.8496    0.087264     0.71172
0.0095541      8.8496     0.17453      2.2278
0.0091749      8.8496     0.26179      1.5201
0.0086673      8.8496     0.34906      3.5206
0.008504      8.7719    -0.34906      3.8498
0.0089909      8.7719    -0.26179        1.89
0.0093542      8.7719    -0.17453      5.0147
0.0095786      8.7719   -0.087264       4.999
0.0096545      8.7719           0      4.9076
0.0095786      8.7719    0.087264       2.206
0.0093542      8.7719     0.17453     0.34115
0.0089909      8.7719     0.26179      4.4528
0.008504      8.7719     0.34906      6.2386
0.0083445      8.6957    -0.34906      1.0208
0.0088116      8.6957    -0.26179     0.71354
0.0091599      8.6957    -0.17453      5.7356
0.0093749      8.6957   -0.087264      3.0263
0.0094475      8.6957           0      5.3519
0.0093749      8.6957    0.087264      5.0887
0.0091599      8.6957     0.17453      1.1734
0.0088116      8.6957     0.26179      1.5532
0.0083445      8.6957     0.34906     0.34047
0.0081887      8.6207    -0.34906      3.8261
0.008637      8.6207    -0.26179      4.8834
0.0089709      8.6207    -0.17453       3.211
0.0091769      8.6207   -0.087264     0.17435
0.0092465      8.6207           0      6.2226
0.0091769      8.6207    0.087264      3.1474
0.0089709      8.6207     0.17453      2.0859
0.008637      8.6207     0.26179      1.0925
0.0081887      8.6207     0.34906      3.9309
0.0080365       8.547    -0.34906      3.6136
0.0084669       8.547    -0.26179      4.7184
0.0087871       8.547    -0.17453     0.96456
0.0089846       8.547   -0.087264      2.2417
0.0090513       8.547           0     0.90444
0.0089846       8.547    0.087264      5.3444
0.0087871       8.547     0.17453      2.1228
0.0084669       8.547     0.26179      1.7291
0.0080365       8.547     0.34906    0.037767
0.0078878      8.4746    -0.34906      5.0384
0.0083011      8.4746    -0.26179      3.1252
0.0086084      8.4746    -0.17453      3.3793
0.0087977      8.4746   -0.087264      5.4719
0.0088616      8.4746           0      4.5416
0.0087977      8.4746    0.087264      4.1976
0.0086084      8.4746     0.17453      1.1236
0.0083011      8.4746     0.26179      3.4588
0.0078878      8.4746     0.34906      6.0309
0.0077425      8.4034    -0.34906      3.7448
0.0081396      8.4034    -0.26179      5.0802
0.0084344      8.4034    -0.17453      6.1858
0.008616      8.4034   -0.087264      5.5663
0.0086773      8.4034           0      1.3435
0.008616      8.4034    0.087264     0.21758
0.0084344      8.4034     0.17453      2.8344
0.0081396      8.4034     0.26179    0.086671
0.0077425      8.4034     0.34906      2.9763
0.0076006      8.3333    -0.34906      5.9764
0.0079822      8.3333    -0.26179      1.5642
0.0082652      8.3333    -0.17453      2.4279
0.0084394      8.3333   -0.087264      2.7107
0.0084982      8.3333           0      5.2205
0.0084394      8.3333    0.087264      5.1813
0.0082652      8.3333     0.17453      2.8462
0.0079822      8.3333     0.26179      2.3911
0.0076006      8.3333     0.34906      5.8172
0.007462      8.2645    -0.34906      4.6547
0.0078287      8.2645    -0.26179      4.6345
0.0081005      8.2645    -0.17453      5.9495
0.0082677      8.2645   -0.087264       3.205
0.0083241      8.2645           0      4.9754
0.0082677      8.2645    0.087264       2.841
0.0081005      8.2645     0.17453      5.3355
0.0078287      8.2645     0.26179      2.4531
0.007462      8.2645     0.34906      4.6392
0.0073266      8.1967    -0.34906       6.135
0.0076791      8.1967    -0.26179      3.2879
0.0079402      8.1967    -0.17453      2.7012
0.0081007      8.1967   -0.087264      1.3016
0.0081549      8.1967           0      2.0319
0.0081007      8.1967    0.087264      0.6966
0.0079402      8.1967     0.17453      2.3574
0.0076791      8.1967     0.26179      2.0728
0.0073266      8.1967     0.34906      2.1494
0.0071943      8.1301    -0.34906       5.134
0.0075333      8.1301    -0.26179      3.3406
0.0077842      8.1301    -0.17453      3.2742
0.0079383      8.1301   -0.087264       4.865
0.0079903      8.1301           0     0.75561
0.0079383      8.1301    0.087264      3.9297
0.0077842      8.1301     0.17453       2.178
0.0075333      8.1301     0.26179      2.1024
0.0071943      8.1301     0.34906      3.6103
0.0070651      8.0645    -0.34906      5.4281
0.0073912      8.0645    -0.26179      1.2476
0.0076323      8.0645    -0.17453       4.225
0.0077804      8.0645   -0.087264      5.6662
0.0078303      8.0645           0      1.2513
0.0077804      8.0645    0.087264      1.8741
0.0076323      8.0645     0.17453      3.1196
0.0073912      8.0645     0.26179      5.5913
0.0070651      8.0645     0.34906      3.1504
0.0069388           8    -0.34906      1.7404
0.0072525           8    -0.26179      3.3549
0.0074844           8    -0.17453       3.608
0.0076267           8   -0.087264      2.5937
0.0076746           8           0     0.09276
0.0076267           8    0.087264      4.4155
0.0074844           8     0.17453      3.1839
0.0072525           8     0.26179      2.3955
0.0069388           8     0.34906     0.40796
0.0068154      7.9365    -0.34906       2.253
0.0071174      7.9365    -0.26179      1.4718
0.0073403      7.9365    -0.17453      1.2786
0.0074771      7.9365   -0.087264       5.113
0.0075232      7.9365           0      2.4719
0.0074771      7.9365    0.087264     0.33661
0.0073403      7.9365     0.17453      2.3564
0.0071174      7.9365     0.26179      4.8693
0.0068154      7.9365     0.34906      1.0386
0.0066948       7.874    -0.34906      5.7315
0.0069855       7.874    -0.26179      2.0056
0.0072       7.874    -0.17453       2.072
0.0073315       7.874   -0.087264      1.2832
0.0073758       7.874           0      4.8204
0.0073315       7.874    0.087264     0.43964
0.0072       7.874     0.17453      5.9691
0.0069855       7.874     0.26179     0.99403
0.0066948       7.874     0.34906      1.7997
0.006577      7.8125    -0.34906      4.3172
0.0068569      7.8125    -0.26179     0.88684
0.0070633      7.8125    -0.17453      3.2174
0.0071898      7.8125   -0.087264      4.5321
0.0072324      7.8125           0      5.8359
0.0071898      7.8125    0.087264      4.5998
0.0070633      7.8125     0.17453      4.7113
0.0068569      7.8125     0.26179      2.5592
0.006577      7.8125     0.34906      1.5047
