
[NumberOfWaves] 990
=================================
0.00971558      22.2222      1.22169     0.683668
0.0101837      22.2222      1.30896      3.79708
0.0105305      22.2222      1.39622      3.49041
0.0107436      22.2222      1.48349      3.79957
0.0108155      22.2222      1.57075      4.98038
0.0107436      22.2222      1.65801     0.131469
0.0105305      22.2222      1.74528      6.21219
0.0101837      22.2222      1.83254     0.545846
0.00971558      22.2222      1.91981      5.65768
0.0117581      21.7391      1.22169      1.49597
0.0123922      21.7391      1.30896      5.08461
0.0128641      21.7391      1.39622      3.86463
0.0131551      21.7391      1.48349      1.75428
0.0132534      21.7391      1.57075      4.08965
0.0131551      21.7391      1.65801      5.57228
0.0128641      21.7391      1.74528      2.39299
0.0123922      21.7391      1.83254      5.45732
0.0117581      21.7391      1.91981      5.73576
0.01387      21.2766      1.22169      5.72449
0.0147054      21.2766      1.30896      5.53214
0.0153303      21.2766      1.39622      1.35692
0.0157169      21.2766      1.48349    0.0892601
0.0158477      21.2766      1.57075     0.578117
0.0157169      21.2766      1.65801      4.51977
0.0153303      21.2766      1.74528      1.93756
0.0147054      21.2766      1.83254      1.33874
0.01387      21.2766      1.91981     0.735999
0.0159964      20.8333      1.22169      2.28264
0.0170704      20.8333      1.30896      2.09107
0.0178782      20.8333      1.39622        3.825
0.0183798      20.8333      1.48349    0.0685582
0.0185499      20.8333      1.57075     0.556258
0.0183798      20.8333      1.65801      3.48692
0.0178782      20.8333      1.74528      6.08286
0.0170704      20.8333      1.83254        4.803
0.0159964      20.8333      1.91981      2.18997
0.0180863      20.4082      1.22169      5.76777
0.0194373      20.4082      1.30896      5.95021
0.0204596      20.4082      1.39622      2.08794
0.0210969      20.4082      1.48349      1.58715
0.0213134      20.4082      1.57075      2.81913
0.0210969      20.4082      1.65801      4.65062
0.0204596      20.4082      1.74528     0.610379
0.0194373      20.4082      1.83254      4.91273
0.0180863      20.4082      1.91981      1.70068
0.0200954           20      1.22169     0.808085
0.0217624           20      1.30896      5.96349
0.0230321           20      1.39622      5.14382
0.0238271           20      1.48349     0.794837
0.0240978           20      1.57075      4.59363
0.0238271           20      1.65801      1.50234
0.0230321           20      1.74528     0.701381
0.0217624           20      1.83254      1.45006
0.0200954           20      1.91981      5.13597
0.0219895      19.6078      1.22169      1.23767
0.0240119      19.6078      1.30896      5.51825
0.0255633      19.6078      1.39622      4.77727
0.0265393      19.6078      1.48349      5.49966
0.0268724      19.6078      1.57075      0.16938
0.0265393      19.6078      1.65801      1.49124
0.0255633      19.6078      1.74528      2.57678
0.0240119      19.6078      1.83254      2.58575
0.0219895      19.6078      1.91981      1.49269
0.0237481      19.2308      1.22169      5.50364
0.026166      19.2308      1.30896     0.559724
0.0280349      19.2308      1.39622      4.18346
0.0292167      19.2308      1.48349      1.55551
0.0296211      19.2308      1.57075     0.705495
0.0292167      19.2308      1.65801       3.7879
0.0280349      19.2308      1.74528      6.08908
0.026166      19.2308      1.83254      4.68592
0.0237481      19.2308      1.91981     0.704536
0.0253678      18.8679      1.22169      1.10363
0.0282227      18.8679      1.30896      2.03255
0.0304477      18.8679      1.39622      0.54581
0.0318623      18.8679      1.48349      4.80728
0.0323477      18.8679      1.57075      3.23747
0.0318623      18.8679      1.65801      1.05094
0.0304477      18.8679      1.74528      3.64837
0.0282227      18.8679      1.83254       1.3424
0.0253678      18.8679      1.91981     0.977754
0.0268653      18.5185      1.22169      3.76506
0.0302027      18.5185      1.30896      1.83158
0.0328269      18.5185      1.39622      3.04589
0.0345053      18.5185      1.48349      1.26137
0.0350829      18.5185      1.57075     0.622223
0.0345053      18.5185      1.65801      1.92511
0.0328269      18.5185      1.74528      1.27358
0.0302027      18.5185      1.83254      5.32153
0.0268653      18.5185      1.91981      4.38618
0.0282803      18.1818      1.22169      2.18138
0.0321532      18.1818      1.30896      4.15062
0.0352278      18.1818      1.39622      2.41506
0.0372068      18.1818      1.48349      3.42203
0.0378899      18.1818      1.57075     0.881287
0.0372068      18.1818      1.65801      4.16655
0.0352278      18.1818      1.74528      2.95356
0.0321532      18.1818      1.83254      2.75499
0.0282803      18.1818      1.91981       4.8966
0.0296748      17.8571      1.22169       0.6865
0.0341494      17.8571      1.30896      4.36512
0.0377384      17.8571      1.39622     0.380754
0.0400643      17.8571      1.48349      3.65501
0.04087      17.8571      1.57075      2.35093
0.0400643      17.8571      1.65801      2.25625
0.0377384      17.8571      1.74528      4.50764
0.0341494      17.8571      1.83254      4.38491
0.0296748      17.8571      1.91981      4.99473
0.0311297      17.5439      1.22169      3.67517
0.0362922      17.5439      1.30896        2.859
0.040479      17.5439      1.39622      1.18671
0.0432123      17.5439      1.48349      1.04066
0.0441626      17.5439      1.57075      5.51289
0.0432123      17.5439      1.65801      2.68883
0.040479      17.5439      1.74528      2.58902
0.0362922      17.5439      1.83254      3.14392
0.0311297      17.5439      1.91981      3.48589
0.0327347      17.2414      1.22169      2.67774
0.0386991      17.2414      1.30896      4.98666
0.0435939      17.2414      1.39622       2.6276
0.0468146      17.2414      1.48349      1.37782
0.0479388      17.2414      1.57075      4.09031
0.0468146      17.2414      1.65801      5.84832
0.0435939      17.2414      1.74528      1.25755
0.0386991      17.2414      1.83254      4.98836
0.0327347      17.2414      1.91981      2.45592
0.034572      16.9492      1.22169      3.15307
0.0414863      16.9492      1.30896      5.73854
0.0472329      16.9492      1.39622      2.54771
0.0510461      16.9492      1.48349      4.01908
0.0523826      16.9492      1.57075      2.51716
0.0510461      16.9492      1.65801       1.1287
0.0472329      16.9492      1.74528       5.4434
0.0414863      16.9492      1.83254      5.58685
0.034572      16.9492      1.91981      3.19862
0.036691      16.6667      1.22169      1.43466
0.0447384      16.6667      1.30896      5.82722
0.0515181      16.6667      1.39622       1.2612
0.0560575      16.6667      1.48349       4.2198
0.0576558      16.6667      1.57075      2.95503
0.0560575      16.6667      1.65801      5.29351
0.0515181      16.6667      1.74528     0.159941
0.0447384      16.6667      1.83254      2.83606
0.036691      16.6667      1.91981      2.63195
0.0390747      16.3934      1.22169     0.294846
0.0484659      16.3934      1.30896      5.81785
0.0564931      16.3934      1.39622      6.05197
0.0619197      16.3934      1.48349       1.4866
0.0638395      16.3934      1.57075      2.33935
0.0619197      16.3934      1.65801      4.14367
0.0564931      16.3934      1.74528      1.92158
0.0484659      16.3934      1.83254       5.8522
0.0390747      16.3934      1.91981      1.18068
0.0416022       16.129      1.22169      4.47603
0.0525509       16.129      1.30896      0.65222
0.062055       16.129      1.39622       1.9623
0.0685463       16.129      1.48349      4.96271
0.0708546       16.129      1.57075      0.90771
0.0685463       16.129      1.65801      1.97672
0.062055       16.129      1.74528      4.81505
0.0525509       16.129      1.83254      1.88243
0.0416022       16.129      1.91981      4.00524
0.0440215       15.873      1.22169      4.56641
0.0566995       15.873      1.30896      4.46423
0.0678873       15.873      1.39622      4.17811
0.0756127       15.873      1.48349      2.16439
0.0783749       15.873      1.57075      4.69587
0.0756127       15.873      1.65801      4.89183
0.0678873       15.873      1.74528      4.25444
0.0566995       15.873      1.83254      1.16281
0.0440215       15.873      1.91981      1.91663
0.0459551       15.625      1.22169      1.97274
0.0604301       15.625      1.30896      6.27205
0.0734294       15.625      1.39622      4.93712
0.0825108       15.625      1.48349      4.40101
0.0857768       15.625      1.57075      5.24117
0.0825108       15.625      1.65801      2.29737
0.0734294       15.625      1.74528      5.21293
0.0604301       15.625      1.83254      4.81702
0.0459551       15.625      1.91981      4.06667
0.0469666      15.3846      1.22169     0.194151
0.0631385      15.3846      1.30896       6.2801
0.0779348      15.3846      1.39622      4.88077
0.0884004      15.3846      1.48349      2.05742
0.0921875      15.3846      1.57075     0.268816
0.0884004      15.3846      1.65801       2.9026
0.0779348      15.3846      1.74528      3.59926
0.0631385      15.3846      1.83254      3.31248
0.0469666      15.3846      1.91981      1.60399
0.0466877      15.1515      1.22169      5.08716
0.0642541      15.1515      1.30896      4.74331
0.0806477      15.1515      1.39622      4.45047
0.0923965      15.1515      1.48349      5.15853
0.096676      15.1515      1.57075      2.09259
0.0923965      15.1515      1.65801      3.06965
0.0806477      15.1515      1.74528      6.16367
0.0642541      15.1515      1.83254      5.93735
0.0466877      15.1515      1.91981      0.95828
0.0459739      14.9254      1.22169      6.24937
0.0640547      14.9254      1.30896      3.93948
0.0811039      14.9254      1.39622     0.515726
0.0934071      14.9254      1.48349      2.80097
0.0979039      14.9254      1.57075      1.92298
0.0934071      14.9254      1.65801      2.81914
0.0811039      14.9254      1.74528      1.71126
0.0640547      14.9254      1.83254      1.50051
0.0459739      14.9254      1.91981      6.01155
0.0462092      14.7059      1.22169      5.27924
0.0636108      14.7059      1.30896      5.54234
0.0798537      14.7059      1.39622      5.82254
0.0914962      14.7059      1.48349       5.9895
0.0957371      14.7059      1.57075     0.392821
0.0914962      14.7059      1.65801      5.70358
0.0798537      14.7059      1.74528      5.45723
0.0636108      14.7059      1.83254    0.0694335
0.0462092      14.7059      1.91981      1.51391
0.0455996      14.4928      1.22169      5.84306
0.0620567      14.4928      1.30896      2.89128
0.0772704      14.4928      1.39622       2.8132
0.0881054      14.4928      1.48349     0.449444
0.0920396      14.4928      1.57075      3.15979
0.0881054      14.4928      1.65801      2.39241
0.0772704      14.4928      1.74528      2.19373
0.0620567      14.4928      1.83254    0.0412898
0.0455996      14.4928      1.91981      4.83626
0.0442923      14.2857      1.22169      6.09921
0.0596248      14.2857      1.30896      2.29682
0.0736694      14.2857      1.39622      2.73207
0.083611      14.2857      1.48349      5.47183
0.0872098      14.2857      1.57075     0.569345
0.083611      14.2857      1.65801      6.02376
0.0736694      14.2857      1.74528      3.29145
0.0596248      14.2857      1.83254      2.05909
0.0442923      14.2857      1.91981        3.085
0.0424936      14.0845      1.22169       4.4556
0.0566141      14.0845      1.30896      1.19967
0.069436      14.0845      1.39622      3.53407
0.0784594      14.0845      1.48349      3.88089
0.0817164      14.0845      1.57075     0.955534
0.0784594      14.0845      1.65801      5.98505
0.069436      14.0845      1.74528      1.31908
0.0566141      14.0845      1.83254      5.50624
0.0424936      14.0845      1.91981      1.46034
0.0404243      13.8889      1.22169      2.88188
0.0533288      13.8889      1.30896      5.68438
0.0649494      13.8889      1.39622      3.68476
0.0730823      13.8889      1.48349     0.250169
0.0760098      13.8889      1.57075      1.74285
0.0730823      13.8889      1.65801      1.57938
0.0649494      13.8889      1.74528      1.34996
0.0533288      13.8889      1.83254      4.24814
0.0404243      13.8889      1.91981      3.47648
0.0382819      13.6986      1.22169      1.27411
0.0500306      13.6986      1.30896      6.19573
0.0605267      13.6986      1.39622     0.178756
0.067834      13.6986      1.48349      4.08762
0.0704574      13.6986      1.57075     0.610877
0.067834      13.6986      1.65801      2.40487
0.0605267      13.6986      1.74528      2.03777
0.0500306      13.6986      1.83254     0.562863
0.0382819      13.6986      1.91981      1.70086
0.0362191      13.5135      1.22169      5.64108
0.0469129      13.5135      1.30896      4.25379
0.0563946      13.5135      1.39622      3.13019
0.0629626      13.5135      1.48349      2.89491
0.0653147      13.5135      1.57075      3.46052
0.0629626      13.5135      1.65801      2.07764
0.0563946      13.5135      1.74528      1.17192
0.0469129      13.5135      1.83254     0.723498
0.0362191      13.5135      1.91981      3.68118
0.0343365      13.3333      1.22169      2.28914
0.0440963      13.3333      1.30896     0.473287
0.0526877      13.3333      1.39622      2.07717
0.0586105      13.3333      1.48349      3.73288
0.0607264      13.3333      1.57075      3.15307
0.0586105      13.3333      1.65801      4.90891
0.0526877      13.3333      1.74528       5.1734
0.0440963      13.3333      1.83254      5.63721
0.0343365      13.3333      1.91981      3.57868
0.0326871      13.1579      1.22169       0.2513
0.0416375      13.1579      1.30896      6.01589
0.0494622      13.1579      1.39622      5.65086
0.0548318      13.1579      1.48349     0.957166
0.0567458      13.1579      1.57075      4.18557
0.0548318      13.1579      1.65801      0.36235
0.0494622      13.1579      1.74528      5.45408
0.0416375      13.1579      1.83254      3.57061
0.0326871      13.1579      1.91981      1.95379
0.031287       12.987      1.22169     0.649494
0.039545       12.987      1.30896     0.334214
0.0467172       12.987      1.39622      6.09495
0.0516175       12.987      1.48349     0.591745
0.0533603       12.987      1.57075      4.12104
0.0516175       12.987      1.65801      2.32985
0.0467172       12.987      1.74528      3.50893
0.039545       12.987      1.83254      5.33673
0.031287       12.987      1.91981      5.00154
0.030126      12.8205      1.22169      4.54419
0.0377955      12.8205      1.30896      3.58916
0.0444147      12.8205      1.39622      2.41975
0.0489184      12.8205      1.48349      5.51138
0.0505168      12.8205      1.57075      4.69057
0.0489184      12.8205      1.65801     0.424834
0.0444147      12.8205      1.74528     0.259141
0.0377955      12.8205      1.83254      5.35094
0.030126      12.8205      1.91981      3.68799
0.0291783      12.6582      1.22169      4.15312
0.0363472      12.6582      1.30896      3.69427
0.0424973      12.6582      1.39622      1.61863
0.046665      12.6582      1.48349      4.27551
0.0481413      12.6582      1.57075      5.62484
0.046665      12.6582      1.65801      2.39463
0.0424973      12.6582      1.74528      1.97499
0.0363472      12.6582      1.83254     0.991119
0.0291783      12.6582      1.91981      4.21538
0.0284102         12.5      1.22169      3.34079
0.0351505         12.5      1.30896      5.09511
0.0408997         12.5      1.39622      3.23534
0.0447808         12.5      1.48349      1.18487
0.046153         12.5      1.57075      4.89141
0.0447808         12.5      1.65801      5.68581
0.0408997         12.5      1.74528      3.54175
0.0351505         12.5      1.83254      3.76833
0.0284102         12.5      1.91981       3.8949
0.0277859      12.3457      1.22169      4.08733
0.034155      12.3457      1.30896      0.82914
0.0395577      12.3457      1.39622      1.58046
0.0431916      12.3457      1.48349      4.34073
0.044474      12.3457      1.57075      2.39546
0.0431916      12.3457      1.65801      3.51366
0.0395577      12.3457      1.74528      1.24007
0.034155      12.3457      1.83254      4.93081
0.0277859      12.3457      1.91981      3.89855
0.0272714      12.1951      1.22169      1.44287
0.0333142      12.1951      1.30896     0.560133
0.0384131      12.1951      1.39622      6.16907
0.0418307      12.1951      1.48349       4.0659
0.0430346      12.1951      1.57075      4.55898
0.0418307      12.1951      1.65801      3.86266
0.0384131      12.1951      1.74528      6.13418
0.0333142      12.1951      1.83254      1.57522
0.0272714      12.1951      1.91981      1.76601
0.0268366      12.0482      1.22169      3.45691
0.0325878      12.0482      1.30896      6.00498
0.0374161      12.0482      1.39622      1.58227
0.0406414      12.0482      1.48349       3.3815
0.0417757      12.0482      1.57075      3.66199
0.0406414      12.0482      1.65801      3.03894
0.0374161      12.0482      1.74528      3.02497
0.0325878      12.0482      1.83254       1.8319
0.0268366      12.0482      1.91981      1.14098
0.0264565      11.9048      1.22169      1.46237
0.0319428      11.9048      1.30896      3.06829
0.0365264      11.9048      1.39622      4.17512
0.0395784      11.9048      1.48349     0.264107
0.04065      11.9048      1.57075      5.97211
0.0395784      11.9048      1.65801      2.80037
0.0365264      11.9048      1.74528      2.70418
0.0319428      11.9048      1.83254      4.69702
0.0264565      11.9048      1.91981      1.53975
0.0261116      11.7647      1.22169      4.66726
0.0313536      11.7647      1.30896      1.78829
0.0357128      11.7647      1.39622     0.385681
0.0386064      11.7647      1.48349         3.85
0.0396208      11.7647      1.57075      2.37844
0.0386064      11.7647      1.65801      5.14424
0.0357128      11.7647      1.74528     0.318667
0.0313536      11.7647      1.83254      5.54619
0.0261116      11.7647      1.91981     0.509448
0.0257872      11.6279      1.22169      5.25434
0.0308013      11.6279      1.30896      4.37737
0.0349523      11.6279      1.39622      3.79078
0.0376996      11.6279      1.48349      3.22768
0.0386612      11.6279      1.57075      1.55694
0.0376996      11.6279      1.65801      4.42463
0.0349523      11.6279      1.74528      3.43507
0.0308013      11.6279      1.83254      5.53901
0.0257872      11.6279      1.91981     0.845414
0.0254731      11.4943      1.22169      5.45881
0.0302726      11.4943      1.30896      6.16291
0.0342288      11.4943      1.39622      2.32459
0.0368397      11.4943      1.48349      1.22169
0.0377523      11.4943      1.57075      3.04013
0.0368397      11.4943      1.65801      2.75236
0.0342288      11.4943      1.74528      1.00271
0.0302726      11.4943      1.83254      5.80234
0.0254731      11.4943      1.91981       2.6382
0.0251626      11.3636      1.22169      4.14215
0.0297585      11.3636      1.30896      2.63596
0.0335314      11.3636      1.39622      5.87768
0.0360144      11.3636      1.48349      4.47599
0.0368812      11.3636      1.57075      5.98496
0.0360144      11.3636      1.65801      5.75127
0.0335314      11.3636      1.74528      1.14776
0.0297585      11.3636      1.83254      4.20034
0.0251626      11.3636      1.91981     0.606471
0.0248516       11.236      1.22169      6.18361
0.0292537       11.236      1.30896       4.6726
0.0328531       11.236      1.39622      1.34053
0.0352158       11.236      1.48349      3.87906
0.0360394       11.236      1.57075      2.10856
0.0352158       11.236      1.65801      3.97467
0.0328531       11.236      1.74528       3.2405
0.0292537       11.236      1.83254      4.94421
0.0248516       11.236      1.91981       3.1579
0.0245378      11.1111      1.22169      1.03378
0.0287548      11.1111      1.30896      3.18839
0.0321898      11.1111      1.39622      5.16974
0.0344388      11.1111      1.48349      2.69427
0.0352218      11.1111      1.57075     0.990736
0.0344388      11.1111      1.65801      4.24034
0.0321898      11.1111      1.74528      1.73807
0.0287548      11.1111      1.83254      2.35478
0.0245378      11.1111      1.91981      2.49306
0.0242202       10.989      1.22169     0.830086
0.0282603       10.989      1.30896       6.0708
0.0315391       10.989      1.39622      6.03896
0.0336806       10.989      1.48349    0.0880265
0.0344253       10.989      1.57075      3.20034
0.0336806       10.989      1.65801      1.22574
0.0315391       10.989      1.74528      5.35953
0.0282603       10.989      1.83254      5.35866
0.0242202       10.989      1.91981      3.60831
0.0238989      10.8696      1.22169      1.99144
0.0277696      10.8696      1.30896      2.42997
0.0308999      10.8696      1.39622      4.80529
0.0329397      10.8696      1.48349      4.27517
0.0336482      10.8696      1.57075     0.787282
0.0329397      10.8696      1.65801      3.89443
0.0308999      10.8696      1.74528      4.32061
0.0277696      10.8696      1.83254      4.77685
0.0238989      10.8696      1.91981      1.42708
0.023574      10.7527      1.22169      1.40924
0.0272827      10.7527      1.30896    0.0943455
0.0302718      10.7527      1.39622      3.67763
0.0322151      10.7527      1.48349      4.60402
0.0328894      10.7527      1.57075        5.432
0.0322151      10.7527      1.65801     0.495381
0.0302718      10.7527      1.74528      2.71805
0.0272827      10.7527      1.83254      5.05649
0.023574      10.7527      1.91981       3.2016
0.0232462      10.6383      1.22169      2.54457
0.0267999      10.6383      1.30896      2.92596
0.0296546      10.6383      1.39622      2.31574
0.0315065      10.6383      1.48349      3.53126
0.0321484      10.6383      1.57075      3.47043
0.0315065      10.6383      1.65801      1.14743
0.0296546      10.6383      1.74528      4.22789
0.0267999      10.6383      1.83254      4.03616
0.0232462      10.6383      1.91981      5.12882
0.0229163      10.5263      1.22169       1.6648
0.0263215      10.5263      1.30896      5.02117
0.0290484      10.5263      1.39622      1.95677
0.0308137      10.5263      1.48349      4.49413
0.0314249      10.5263      1.57075        5.738
0.0308137      10.5263      1.65801      4.42048
0.0290484      10.5263      1.74528     0.545932
0.0263215      10.5263      1.83254      3.19075
0.0229163      10.5263      1.91981      4.87675
0.0225848      10.4167      1.22169      3.16192
0.0258481      10.4167      1.30896     0.367768
0.0284534      10.4167      1.39622      4.19702
0.0301366      10.4167      1.48349      2.57401
0.0307188      10.4167      1.57075   0.00658598
0.0301366      10.4167      1.65801       4.2365
0.0284534      10.4167      1.74528      2.89887
0.0258481      10.4167      1.83254      6.01698
0.0225848      10.4167      1.91981      2.42889
0.0222526      10.3093      1.22169      1.63469
0.0253802      10.3093      1.30896      1.30736
0.0278698      10.3093      1.39622      3.98751
0.0294751      10.3093      1.48349      2.22632
0.0300298      10.3093      1.57075     0.850531
0.0294751      10.3093      1.65801       1.3617
0.0278698      10.3093      1.74528      3.80808
0.0253802      10.3093      1.83254      2.78841
0.0222526      10.3093      1.91981      3.01852
0.0219203      10.2041      1.22169        5.573
0.0249181      10.2041      1.30896    0.0791612
0.0272977      10.2041      1.39622      3.63466
0.0288291      10.2041      1.48349     0.417439
0.0293578      10.2041      1.57075      1.83745
0.0288291      10.2041      1.65801      3.05988
0.0272977      10.2041      1.74528       1.1072
0.0249181      10.2041      1.83254      3.11671
0.0219203      10.2041      1.91981      3.90705
0.0215886       10.101      1.22169        4.599
0.0244623       10.101      1.30896       6.2067
0.0267371       10.101      1.39622      2.52603
0.0281985       10.101      1.48349       5.5577
0.0287025       10.101      1.57075      1.19605
0.0281985       10.101      1.65801      4.18948
0.0267371       10.101      1.74528      3.07483
0.0244623       10.101      1.83254      2.95228
0.0215886       10.101      1.91981      2.41807
0.0212579           10      1.22169     0.926382
0.024013           10      1.30896      5.13461
0.0261882           10      1.39622     0.693072
0.0275831           10      1.48349      5.12401
0.0280638           10      1.57075      5.15459
0.0275831           10      1.65801      1.68516
0.0261882           10      1.74528     0.608223
0.024013           10      1.83254      3.49952
0.0212579           10      1.91981      5.22457
0.020929       9.901      1.2217      4.2534
0.023571       9.901       1.309      1.6033
0.025651       9.901      1.3962      1.7181
0.026983       9.901      1.4835      1.7392
0.027441       9.901      1.5708      4.5633
0.026983       9.901       1.658      4.7122
0.025651       9.901      1.7453      2.2107
0.023571       9.901      1.8325      5.9923
0.020929       9.901      1.9198       5.979
0.020602      9.8039      1.2217      3.7694
0.023135      9.8039       1.309      4.5024
0.025125      9.8039      1.3962      5.6346
0.026397      9.8039      1.4835     0.71772
0.026835      9.8039      1.5708      2.7321
0.026397      9.8039       1.658       5.305
0.025125      9.8039      1.7453      3.9564
0.023135      9.8039      1.8325      5.1536
0.020602      9.8039      1.9198     0.45979
0.020277      9.7087      1.2217      6.1559
0.022707      9.7087       1.309      4.5222
0.024611      9.7087      1.3962      6.0726
0.025827      9.7087      1.4835      2.1863
0.026244      9.7087      1.5708      3.7568
0.025827      9.7087       1.658      3.0361
0.024611      9.7087      1.7453      5.2195
0.022707      9.7087      1.8325     0.44859
0.020277      9.7087      1.9198       2.917
0.019955      9.6154      1.2217      1.3096
0.022286      9.6154       1.309      4.3904
0.024109      9.6154      1.3962      4.5988
0.02527      9.6154      1.4835     0.50555
0.025669      9.6154      1.5708      2.5056
0.02527      9.6154       1.658      5.7962
0.024109      9.6154      1.7453      2.7423
0.022286      9.6154      1.8325      1.4911
0.019955      9.6154      1.9198      1.4378
0.019636      9.5238      1.2217       1.705
0.021873      9.5238       1.309      5.0896
0.023618      9.5238      1.3962      2.7892
0.024728      9.5238      1.4835      5.7184
0.025109      9.5238      1.5708      2.7976
0.024728      9.5238       1.658      2.6018
0.023618      9.5238      1.7453      3.7094
0.021873      9.5238      1.8325      2.7891
0.019636      9.5238      1.9198     0.45879
0.019321       9.434      1.2217      2.8169
0.021467       9.434       1.309      5.7031
0.023138       9.434      1.3962      3.1489
0.0242       9.434      1.4835      1.0438
0.024564       9.434      1.5708      1.2089
0.0242       9.434       1.658      3.3205
0.023138       9.434      1.7453      5.7439
0.021467       9.434      1.8325     0.22495
0.019321       9.434      1.9198      1.0291
0.019009      9.3458      1.2217     0.97922
0.021069      9.3458       1.309      3.0687
0.022669      9.3458      1.3962      2.3939
0.023685      9.3458      1.4835      4.8442
0.024033      9.3458      1.5708     0.88547
0.023685      9.3458       1.658      4.2117
0.022669      9.3458      1.7453      3.6134
0.021069      9.3458      1.8325      5.1459
0.019009      9.3458      1.9198      3.8156
0.0187      9.2593      1.2217      4.5914
0.020678      9.2593       1.309      4.6731
0.022211      9.2593      1.3962      3.8908
0.023183      9.2593      1.4835      1.5586
0.023516      9.2593      1.5708     0.90994
0.023183      9.2593       1.658      3.0511
0.022211      9.2593      1.7453      2.4175
0.020678      9.2593      1.8325     0.29933
0.0187      9.2593      1.9198     0.20862
0.018396      9.1743      1.2217      3.9657
0.020295      9.1743       1.309      1.9442
0.021765      9.1743      1.3962      1.1793
0.022694      9.1743      1.4835      4.8119
0.023013      9.1743      1.5708      3.8375
0.022694      9.1743       1.658      4.5236
0.021765      9.1743      1.7453      3.7325
0.020295      9.1743      1.8325      4.5413
0.018396      9.1743      1.9198      5.7099
0.018096      9.0909      1.2217     0.79843
0.019919      9.0909       1.309      4.7752
0.021328      9.0909      1.3962     0.55693
0.022218      9.0909      1.4835      4.2895
0.022523      9.0909      1.5708      5.7119
0.022218      9.0909       1.658     0.96872
0.021328      9.0909      1.7453      5.9012
0.019919      9.0909      1.8325      5.9155
0.018096      9.0909      1.9198      2.7424
0.0178       9.009      1.2217       1.545
0.019552       9.009       1.309     0.44896
0.020902       9.009      1.3962      5.3641
0.021755       9.009      1.4835      3.7367
0.022046       9.009      1.5708      3.6178
0.021755       9.009       1.658      2.2115
0.020902       9.009      1.7453      5.4324
0.019552       9.009      1.8325     0.42558
0.0178       9.009      1.9198      1.2632
0.017508      8.9286      1.2217      5.7067
0.019191      8.9286       1.309      1.2102
0.020486      8.9286      1.3962     0.82395
0.021303      8.9286      1.4835      4.8696
0.021582      8.9286      1.5708      4.4839
0.021303      8.9286       1.658      2.9471
0.020486      8.9286      1.7453      2.2444
0.019191      8.9286      1.8325     0.84877
0.017508      8.9286      1.9198     0.70445
0.01722      8.8496      1.2217      3.0324
0.018838      8.8496       1.309      5.8174
0.020081      8.8496      1.3962      1.4209
0.020863      8.8496      1.4835     0.56214
0.02113      8.8496      1.5708      3.1859
0.020863      8.8496       1.658       1.891
0.020081      8.8496      1.7453      4.8691
0.018838      8.8496      1.8325    0.046335
0.01722      8.8496      1.9198      1.5779
0.016937      8.7719      1.2217      4.1795
0.018492      8.7719       1.309      1.2318
0.019685      8.7719      1.3962      6.2429
0.020435      8.7719      1.4835      4.7511
0.020691      8.7719      1.5708      2.0638
0.020435      8.7719       1.658      3.4005
0.019685      8.7719      1.7453      3.0055
0.018492      8.7719      1.8325       1.362
0.016937      8.7719      1.9198      4.9856
0.016659      8.6957      1.2217      4.0099
0.018154      8.6957       1.309      4.8038
0.019298      8.6957      1.3962      4.6482
0.020017      8.6957      1.4835     0.79897
0.020263      8.6957      1.5708      4.2977
0.020017      8.6957       1.658      4.6952
0.019298      8.6957      1.7453      2.2498
0.018154      8.6957      1.8325      1.1976
0.016659      8.6957      1.9198      3.6089
0.016385      8.6207      1.2217      1.6483
0.017822      8.6207       1.309      2.4612
0.018921      8.6207      1.3962      2.0171
0.019611      8.6207      1.4835      1.6973
0.019846      8.6207      1.5708    0.029513
0.019611      8.6207       1.658      1.9657
0.018921      8.6207      1.7453      4.1536
0.017822      8.6207      1.8325       3.185
0.016385      8.6207      1.9198      5.5173
0.016115       8.547      1.2217     0.47819
0.017498       8.547       1.309      6.0593
0.018553       8.547      1.3962     0.83509
0.019215       8.547      1.4835      3.7506
0.01944       8.547      1.5708      2.3791
0.019215       8.547       1.658      2.5014
0.018553       8.547      1.7453      4.9526
0.017498       8.547      1.8325      3.3823
0.016115       8.547      1.9198      2.8487
0.01585      8.4746      1.2217    0.089407
0.01718      8.4746       1.309      1.9995
0.018194      8.4746      1.3962      1.7153
0.018829      8.4746      1.4835      2.5252
0.019045      8.4746      1.5708       1.445
0.018829      8.4746       1.658       4.294
0.018194      8.4746      1.7453      2.2901
0.01718      8.4746      1.8325      1.2105
0.01585      8.4746      1.9198     0.75755
0.01559      8.4034      1.2217      4.0948
0.01687      8.4034       1.309      1.9608
0.017844      8.4034      1.3962     0.44155
0.018453      8.4034      1.4835      4.0837
0.018661      8.4034      1.5708      5.3336
0.018453      8.4034       1.658     0.63665
0.017844      8.4034      1.7453       2.151
0.01687      8.4034      1.8325      1.3297
0.01559      8.4034      1.9198     0.57305
0.015334      8.3333      1.2217      1.5872
0.016566      8.3333       1.309      1.3007
0.017502      8.3333      1.3962      3.8707
0.018087      8.3333      1.4835      5.6035
0.018286      8.3333      1.5708      4.5012
0.018087      8.3333       1.658      5.4362
0.017502      8.3333      1.7453      5.2667
0.016566      8.3333      1.8325     0.12294
0.015334      8.3333      1.9198      2.0812
0.015083      8.2645      1.2217     0.35344
0.016268      8.2645       1.309      4.2262
0.017168      8.2645      1.3962      1.4959
0.01773      8.2645      1.4835       2.984
0.017922      8.2645      1.5708     0.34609
0.01773      8.2645       1.658      5.2807
0.017168      8.2645      1.7453       3.769
0.016268      8.2645      1.8325      1.7558
0.015083      8.2645      1.9198      6.0634
0.014836      8.1967      1.2217     0.55123
0.015977      8.1967       1.309     0.29467
0.016843      8.1967      1.3962      3.8805
0.017383      8.1967      1.4835      6.0851
0.017566      8.1967      1.5708     0.79375
0.017383      8.1967       1.658      2.3335
0.016843      8.1967      1.7453      1.7195
0.015977      8.1967      1.8325     0.81127
0.014836      8.1967      1.9198      2.4252
0.014593      8.1301      1.2217      1.9678
0.015693      8.1301       1.309      5.3696
0.016525      8.1301      1.3962      4.9834
0.017044      8.1301      1.4835       3.919
0.01722      8.1301      1.5708       3.469
0.017044      8.1301       1.658      1.4855
0.016525      8.1301      1.7453      1.4905
0.015693      8.1301      1.8325      1.9213
0.014593      8.1301      1.9198      1.4051
0.014355      8.0645      1.2217      1.0112
0.015414      8.0645       1.309      5.5948
0.016215      8.0645      1.3962      4.8766
0.016714      8.0645      1.4835      5.5255
0.016883      8.0645      1.5708      5.0296
0.016714      8.0645       1.658     0.52405
0.016215      8.0645      1.7453      1.0241
0.015414      8.0645      1.8325     0.16444
0.014355      8.0645      1.9198      2.0257
0.014122           8      1.2217      1.2861
0.015142           8       1.309      3.3136
0.015912           8      1.3962     0.21307
0.016392           8      1.4835     0.98998
0.016555           8      1.5708      3.7942
0.016392           8       1.658      3.6392
0.015912           8      1.7453       3.395
0.015142           8      1.8325      6.0078
0.014122           8      1.9198      3.9639
0.013892      7.9365      1.2217      3.7705
0.014875      7.9365       1.309     0.30128
0.015617      7.9365      1.3962      1.4178
0.016079      7.9365      1.4835       2.251
0.016235      7.9365      1.5708      4.6239
0.016079      7.9365       1.658      3.3173
0.015617      7.9365      1.7453      4.4586
0.014875      7.9365      1.8325      3.1141
0.013892      7.9365      1.9198      4.9891
0.013667       7.874      1.2217      1.2989
0.014615       7.874       1.309      5.9176
0.015329       7.874      1.3962      4.1241
0.015773       7.874      1.4835       1.529
0.015924       7.874      1.5708      1.7559
0.015773       7.874       1.658     0.59362
0.015329       7.874      1.7453      4.2746
0.014615       7.874      1.8325      5.8498
0.013667       7.874      1.9198      3.5991
0.013446      7.8125      1.2217      5.7222
0.01436      7.8125       1.309      4.0081
0.015048      7.8125      1.3962      6.1078
0.015475      7.8125      1.4835      4.0045
0.01562      7.8125      1.5708      5.0316
0.015475      7.8125       1.658       5.525
0.015048      7.8125      1.7453      6.0115
0.01436      7.8125      1.8325      1.9514
0.013446      7.8125      1.9198      3.7976
0.013229      7.7519      1.2217       1.723
0.014111      7.7519       1.309     0.45893
0.014773      7.7519      1.3962     0.91253
0.015184      7.7519      1.4835      2.0452
0.015324      7.7519      1.5708       3.469
0.015184      7.7519       1.658      1.1162
0.014773      7.7519      1.7453      3.4928
0.014111      7.7519      1.8325      4.1761
0.013229      7.7519      1.9198      3.4165
0.013017      7.6923      1.2217      5.5167
0.013867      7.6923       1.309     0.50924
0.014505      7.6923      1.3962     0.17082
0.014901      7.6923      1.4835      4.1291
0.015035      7.6923      1.5708       1.072
0.014901      7.6923       1.658      3.0562
0.014505      7.6923      1.7453      3.6898
0.013867      7.6923      1.8325      1.9729
0.013017      7.6923      1.9198      2.2505
0.012808      7.6336      1.2217      6.1125
0.013628      7.6336       1.309     0.72588
0.014243      7.6336      1.3962      5.6258
0.014625      7.6336      1.4835       5.306
0.014754      7.6336      1.5708     0.76387
0.014625      7.6336       1.658     0.95588
0.014243      7.6336      1.7453      4.7268
0.013628      7.6336      1.8325      1.1104
0.012808      7.6336      1.9198      3.7468
0.012604      7.5758      1.2217      2.8861
0.013395      7.5758       1.309      4.9032
0.013988      7.5758      1.3962      4.8247
0.014355      7.5758      1.4835      3.5181
0.01448      7.5758      1.5708      5.4647
0.014355      7.5758       1.658      1.3897
0.013988      7.5758      1.7453      5.0864
0.013395      7.5758      1.8325      0.9062
0.012604      7.5758      1.9198      3.6112
0.012403      7.5188      1.2217      2.4112
0.013166      7.5188       1.309      4.0877
0.013738      7.5188      1.3962      3.4378
0.014092      7.5188      1.4835      2.4058
0.014212      7.5188      1.5708     0.95974
0.014092      7.5188       1.658      1.4252
0.013738      7.5188      1.7453      1.9777
0.013166      7.5188      1.8325     0.68407
0.012403      7.5188      1.9198      2.1959
0.012206      7.4627      1.2217      2.3461
0.012943      7.4627       1.309       1.809
0.013495      7.4627      1.3962      5.8882
0.013836      7.4627      1.4835      6.1766
0.013951      7.4627      1.5708      5.7479
0.013836      7.4627       1.658      1.6704
0.013495      7.4627      1.7453     0.43896
0.012943      7.4627      1.8325      2.1135
0.012206      7.4627      1.9198      5.5566
0.012013      7.4074      1.2217    0.051016
0.012725      7.4074       1.309     0.92586
0.013257      7.4074      1.3962      1.8125
0.013585      7.4074      1.4835     0.83346
0.013697      7.4074      1.5708     0.25767
0.013585      7.4074       1.658      5.6682
0.013257      7.4074      1.7453       6.063
0.012725      7.4074      1.8325      2.6658
0.012013      7.4074      1.9198     0.96987
0.011824      7.3529      1.2217      6.2165
0.012511      7.3529       1.309      4.3892
0.013024      7.3529      1.3962       4.299
0.013341      7.3529      1.4835      2.4906
0.013449      7.3529      1.5708      6.2257
0.013341      7.3529       1.658      5.7171
0.013024      7.3529      1.7453      0.9181
0.012511      7.3529      1.8325       2.728
0.011824      7.3529      1.9198      2.5603
0.011638      7.2993      1.2217      5.9036
0.012302      7.2993       1.309      2.4739
0.012797      7.2993      1.3962      5.0192
0.013103      7.2993      1.4835    0.016896
0.013206      7.2993      1.5708      3.2746
0.013103      7.2993       1.658      4.4697
0.012797      7.2993      1.7453      1.3961
0.012302      7.2993      1.8325      1.8141
0.011638      7.2993      1.9198      5.0488
0.011456      7.2464      1.2217      5.6195
0.012097      7.2464       1.309      5.0994
0.012575      7.2464      1.3962      4.1378
0.01287      7.2464      1.4835      6.2029
0.01297      7.2464      1.5708        4.23
0.01287      7.2464       1.658      1.2709
0.012575      7.2464      1.7453     0.90832
0.012097      7.2464      1.8325      1.2643
0.011456      7.2464      1.9198     0.62271
0.011277      7.1942      1.2217      3.9163
0.011897      7.1942       1.309        4.27
0.012359      7.1942      1.3962      2.0096
0.012643      7.1942      1.4835      1.1455
0.01274      7.1942      1.5708      5.7377
0.012643      7.1942       1.658      0.7314
0.012359      7.1942      1.7453      6.1243
0.011897      7.1942      1.8325      1.2991
0.011277      7.1942      1.9198      5.7576
0.011102      7.1429      1.2217      4.2038
0.011701      7.1429       1.309      1.4107
0.012147      7.1429      1.3962     0.94953
0.012422      7.1429      1.4835      4.5077
0.012515      7.1429      1.5708     0.61773
0.012422      7.1429       1.658      3.5216
0.012147      7.1429      1.7453      3.3062
0.011701      7.1429      1.8325      1.3768
0.011102      7.1429      1.9198      4.1907
0.01093      7.0922      1.2217      2.8408
0.011509      7.0922       1.309       3.081
0.01194      7.0922      1.3962      2.9389
0.012205      7.0922      1.4835      4.8622
0.012295      7.0922      1.5708      2.2783
0.012205      7.0922       1.658      4.4948
0.01194      7.0922      1.7453      0.9885
0.011509      7.0922      1.8325      3.1326
0.01093      7.0922      1.9198      1.2353
0.010762      7.0423      1.2217      1.1505
0.011322      7.0423       1.309      4.2548
0.011738      7.0423      1.3962      5.6363
0.011994      7.0423      1.4835       3.784
0.012081      7.0423      1.5708      1.6328
0.011994      7.0423       1.658      3.6594
0.011738      7.0423      1.7453      2.9967
0.011322      7.0423      1.8325      5.4556
0.010762      7.0423      1.9198      4.2459
0.010597       6.993      1.2217      3.8165
0.011138       6.993       1.309      5.5305
0.01154       6.993      1.3962      5.0624
0.011788       6.993      1.4835      3.7637
0.011871       6.993      1.5708      1.1628
0.011788       6.993       1.658      5.8541
0.01154       6.993      1.7453      4.1454
0.011138       6.993      1.8325      4.3609
0.010597       6.993      1.9198      5.0526
0.010435      6.9444      1.2217      2.3855
0.010958      6.9444       1.309      1.5698
0.011347      6.9444      1.3962       2.064
0.011586      6.9444      1.4835      6.1462
0.011667      6.9444      1.5708      1.5409
0.011586      6.9444       1.658      2.4675
0.011347      6.9444      1.7453     0.16636
0.010958      6.9444      1.8325      4.8722
0.010435      6.9444      1.9198      2.7923
0.010276      6.8966      1.2217     0.73452
0.010783      6.8966       1.309      6.2646
0.011158      6.8966      1.3962      4.2661
0.011389      6.8966      1.4835      2.7778
0.011467      6.8966      1.5708     0.95963
0.011389      6.8966       1.658       1.956
0.011158      6.8966      1.7453      3.3544
0.010783      6.8966      1.8325      2.7114
0.010276      6.8966      1.9198      5.6006
0.01012      6.8493      1.2217     0.95753
0.01061      6.8493       1.309      3.1919
0.010974      6.8493      1.3962      4.5572
0.011197      6.8493      1.4835      4.5703
0.011272      6.8493      1.5708      5.0689
0.011197      6.8493       1.658      4.3481
0.010974      6.8493      1.7453      3.4057
0.01061      6.8493      1.8325     0.82646
0.01012      6.8493      1.9198      2.7994
0.0099671      6.8027      1.2217      3.0887
0.010442      6.8027       1.309       4.391
0.010793      6.8027      1.3962      3.3137
0.011009      6.8027      1.4835      1.4189
0.011082      6.8027      1.5708      2.9923
0.011009      6.8027       1.658     0.27382
0.010793      6.8027      1.7453      5.1112
0.010442      6.8027      1.8325      1.2555
0.0099671      6.8027      1.9198      3.2869
0.0098172      6.7568      1.2217      4.5765
0.010277      6.7568       1.309     0.36598
0.010617      6.7568      1.3962      2.6453
0.010825      6.7568      1.4835     0.50002
0.010896      6.7568      1.5708      3.2265
0.010825      6.7568       1.658      3.5561
0.010617      6.7568      1.7453       1.845
0.010277      6.7568      1.8325      5.4573
0.0098172      6.7568      1.9198      4.6253
0.0096702      6.7114      1.2217      4.1681
0.010115      6.7114       1.309      6.0444
0.010444      6.7114      1.3962      5.5786
0.010646      6.7114      1.4835      5.8333
0.010714      6.7114      1.5708      4.4779
0.010646      6.7114       1.658     0.52335
0.010444      6.7114      1.7453      1.5984
0.010115      6.7114      1.8325       2.187
0.0096702      6.7114      1.9198      5.6332
0.009526      6.6667      1.2217      4.5169
0.0099568      6.6667       1.309      1.6393
0.010275      6.6667      1.3962     0.80564
0.01047      6.6667      1.4835      4.7699
0.010536      6.6667      1.5708      5.0566
0.01047      6.6667       1.658      1.6587
0.010275      6.6667      1.7453      5.0263
0.0099568      6.6667      1.8325      2.6988
0.009526      6.6667      1.9198      5.5803
0.0093846      6.6225      1.2217      4.8909
0.0098018      6.6225       1.309      1.6641
0.01011      6.6225      1.3962       1.314
0.010299      6.6225      1.4835      2.3623
0.010363      6.6225      1.5708      5.0216
0.010299      6.6225       1.658      1.5259
0.01011      6.6225      1.7453      4.8937
0.0098018      6.6225      1.8325      1.7518
0.0093846      6.6225      1.9198      3.2535
0.0092459      6.5789      1.2217      1.6584
0.00965      6.5789       1.309      3.8879
0.0099483      6.5789      1.3962      2.6131
0.010131      6.5789      1.4835      2.0008
0.010193      6.5789      1.5708      1.8881
0.010131      6.5789       1.658       2.911
0.0099483      6.5789      1.7453      5.1669
0.00965      6.5789      1.8325       2.823
0.0092459      6.5789      1.9198      6.0175
0.0091098      6.5359      1.2217      2.8176
0.0095014      6.5359       1.309     0.43472
0.0097902      6.5359      1.3962      1.2009
0.0099673      6.5359      1.4835      3.5007
0.010027      6.5359      1.5708      5.9505
0.0099673      6.5359       1.658      3.8642
0.0097902      6.5359      1.7453      5.1125
0.0095014      6.5359      1.8325      3.5473
0.0091098      6.5359      1.9198      3.3793
0.0089763      6.4935      1.2217     0.05662
0.0093558      6.4935       1.309      1.8143
0.0096355      6.4935      1.3962      4.1152
0.0098069      6.4935      1.4835      5.4776
0.0098647      6.4935      1.5708      4.4793
0.0098069      6.4935       1.658       4.612
0.0096355      6.4935      1.7453      4.7365
0.0093558      6.4935      1.8325     0.39337
0.0089763      6.4935      1.9198      4.8909
