
[NumberOfWaves] 294
=================================
7.326234e-05      214.2857             0      5.658489
7.508267e-05      214.2857             0      3.329727
7.674658e-05      214.2857             0      5.147099
7.824285e-05      214.2857             0      4.716639
7.956129e-05      214.2857             0      5.580451
8.069284e-05      214.2857             0      5.110706
8.162965e-05      214.2857             0      1.399624
8.236519e-05      214.2857             0     0.9531725
8.28943e-05      214.2857             0      4.794805
8.321327e-05      214.2857             0      6.079503
8.331985e-05      214.2857             0      5.687374
8.321327e-05      214.2857             0      1.223112
8.28943e-05      214.2857             0     0.9524536
8.236519e-05      214.2857             0      2.943133
8.162965e-05      214.2857             0      5.715375
8.069284e-05      214.2857             0      1.194807
7.956129e-05      214.2857             0      4.202207
7.824285e-05      214.2857             0      2.826567
7.674658e-05      214.2857             0      5.033043
7.508267e-05      214.2857             0      3.835707
7.326234e-05      214.2857             0      2.662292
0.000143344         187.5             0      2.906705
0.0001503699         187.5             0      5.891552
0.0001569352         187.5             0        5.7341
0.0001629557         187.5             0       3.80498
0.0001683521         187.5             0      5.525335
0.0001730518         187.5             0      2.029928
0.0001769904         187.5             0      4.850517
0.0001801131         187.5             0      2.211526
0.0001823758         187.5             0      1.959046
0.0001837465         187.5             0      5.084601
0.0001842056         187.5             0      3.297903
0.0001837465         187.5             0      2.284596
0.0001823758         187.5             0      4.015452
0.0001801131         187.5             0      1.219005
0.0001769904         187.5             0      4.597688
0.0001730518         187.5             0      1.651633
0.0001683521         187.5             0      1.496112
0.0001629557         187.5             0      3.281958
0.0001569352         187.5             0      5.085875
0.0001503699         187.5             0      2.658285
0.000143344         187.5             0      3.940232
0.000201897      166.6667             0      1.131909
0.000220079      166.6667             0      4.131027
0.0002376968      166.6667             0      1.865076
0.0002543813      166.6667             0      6.215465
0.0002697629      166.6667             0      2.828681
0.000283485      166.6667             0      2.207721
0.0002952177      166.6667             0      3.675302
0.0003046699      166.6667             0      5.551658
0.000311602      166.6667             0      5.104055
0.000315835      166.6667             0      4.289867
0.0003172584      166.6667             0      6.246276
0.000315835      166.6667             0       1.38566
0.000311602      166.6667             0      5.774493
0.0003046699      166.6667             0      5.623713
0.0002952177      166.6667             0      5.597761
0.000283485      166.6667             0      1.776102
0.0002697629      166.6667             0      1.965104
0.0002543813      166.6667             0      3.242861
0.0002376968      166.6667             0      5.817517
0.000220079      166.6667             0      3.356157
0.000201897      166.6667             0      4.269806
0.000249657           150             0     0.7065854
0.0002889106           150             0      3.811212
0.0003291565           150             0      1.757245
0.0003692294           150             0     0.7246482
0.0004078267           150             0      5.486498
0.0004435753           150             0      4.204508
0.0004751096           150             0     0.9056775
0.0005011563           150             0      4.902039
0.0005206188           150             0      2.444925
0.0005326523           150             0      1.978561
0.0005367242           150             0      5.410364
0.0005326523           150             0      5.750141
0.0005206188           150             0      1.711088
0.0005011563           150             0      5.368508
0.0004751096           150             0      0.416221
0.0004435753           150             0      3.984969
0.0004078267           150             0      5.521219
0.0003692294           150             0     0.7336253
0.0003291565           150             0      5.790255
0.0002889106           150             0      3.800365
0.000249657           150             0     0.2831444
0.0002059882      136.3636             0      0.218107
0.0002311086      136.3636             0     0.7972225
0.000256122      136.3636             0      5.437037
0.00028039      136.3636             0      3.292824
0.0003032405      136.3636             0      1.182202
0.0003239979      136.3636             0     0.5236388
0.0003420148      136.3636             0      1.738132
0.0003567057      136.3636             0     0.6323145
0.0003675772      136.3636             0      5.599787
0.0003742558      136.3636             0      5.435893
0.0003765083      136.3636             0      1.811644
0.0003742558      136.3636             0     0.7654295
0.0003675772      136.3636             0      4.601349
0.0003567057      136.3636             0      1.517387
0.0003420148      136.3636             0     0.4349107
0.0003239979      136.3636             0      2.227154
0.0003032405      136.3636             0      2.658116
0.00028039      136.3636             0      3.118956
0.000256122      136.3636             0      4.552073
0.0002311086      136.3636             0      5.792283
0.0002059882      136.3636             0      4.343672
0.0001561861           125             0      5.003149
0.0001713352           125             0      5.260425
0.0001861025           125             0      0.295614
0.0002001621           125             0      5.381208
0.0002131841           125             0      2.532317
0.0002248476           125             0      3.538334
0.0002348532           125             0    0.07981593
0.0002429354           125             0      4.934499
0.0002488745           125             0      3.050656
0.0002525059           125             0       2.08495
0.0002537278           125             0      3.293876
0.0002525059           125             0      5.003316
0.0002488745           125             0      4.200515
0.0002429354           125             0      5.117926
0.0002348532           125             0      5.903738
0.0002248476           125             0      3.796524
0.0002131841           125             0       2.76657
0.0002001621           125             0      4.648718
0.0001861025           125             0       1.59748
0.0001713352           125             0        2.5144
0.0001561861           125             0      4.921021
0.0001409696      115.3846             0      4.489832
0.0001520682      115.3846             0       4.18803
0.0001627167      115.3846             0      2.306809
0.0001727132      115.3846             0      1.126488
0.0001818588      115.3846             0      2.781448
0.0001899645      115.3846             0      5.111842
0.0001968573      115.3846             0     0.9471757
0.0002023862      115.3846             0     0.1300126
0.0002064277      115.3846             0      5.080655
0.0002088903      115.3846             0      2.215485
0.0002097175      115.3846             0      1.389434
0.0002088903      115.3846             0      5.096311
0.0002064277      115.3846             0      0.655957
0.0002023862      115.3846             0      1.591042
0.0001968573      115.3846             0      5.059398
0.0001899645      115.3846             0      1.914711
0.0001818588      115.3846             0      4.410999
0.0001727132      115.3846             0      4.265845
0.0001627167      115.3846             0      1.767699
0.0001520682      115.3846             0      1.224738
0.0001409696      115.3846             0      1.693416
0.0001296083      107.1429             0      1.001215
0.0001380319      107.1429             0      1.638373
0.0001460166      107.1429             0     0.7259943
0.0001534322      107.1429             0      3.442571
0.0001601532      107.1429             0      4.147134
0.0001660622      107.1429             0      2.773088
0.0001710535      107.1429             0      3.073336
0.0001750358      107.1429             0      5.983298
0.0001779352      107.1429             0      1.242586
0.0001796971      107.1429             0      5.259751
0.0001802882      107.1429             0      1.878568
0.0001796971      107.1429             0      4.040382
0.0001779352      107.1429             0       3.01992
0.0001750358      107.1429             0     0.3849229
0.0001710535      107.1429             0      3.036242
0.0001660622      107.1429             0      4.009289
0.0001601532      107.1429             0      2.419898
0.0001534322      107.1429             0      1.646093
0.0001460166      107.1429             0      3.818824
0.0001380319      107.1429             0      2.619529
0.0001296083      107.1429             0      2.288505
0.0001176312           100             0     0.3146484
0.0001240329           100             0      3.171749
0.000130044           100             0      3.897808
0.0001355802           100             0      5.948093
0.0001405612           100             0      4.690132
0.0001449132           100             0       5.56221
0.0001485701           100             0      2.829776
0.0001514757           100             0      3.627366
0.0001535846           100             0      3.910925
0.0001548634           100             0      1.504142
0.000155292           100             0      0.817873
0.0001548634           100             0      1.592797
0.0001535846           100             0      1.459619
0.0001514757           100             0      1.571872
0.0001485701           100             0      1.288477
0.0001449132           100             0      4.957822
0.0001405612           100             0      2.921601
0.0001355802           100             0     0.5014515
0.000130044           100             0     0.3546797
0.0001240329           100             0      4.074127
0.0001176312           100             0     0.7471023
0.000105919        93.75            0      3.13151
0.000110805        93.75            0      3.88798
0.000115359        93.75            0      1.42609
0.000119525        93.75            0      6.04584
0.000123252        93.75            0      4.71226
0.000126492        93.75            0      2.44015
0.000129204        93.75            0      1.84706
0.000131351        93.75            0      5.64358
0.000132905        93.75            0      2.42522
0.000133847        93.75            0    0.0758692
0.000134162        93.75            0     0.839571
0.000133847        93.75            0      3.97376
0.000132905        93.75            0      3.46563
0.000131351        93.75            0       1.5882
0.000129204        93.75            0      2.49387
0.000126492        93.75            0      1.09577
0.000123252        93.75            0      4.79109
0.000119525        93.75            0      4.98267
0.000115359        93.75            0      3.00556
0.000110805        93.75            0     0.537964
0.000105919        93.75            0      3.88398
9.5032e-05      88.2353            0      6.10421
9.87871e-05      88.2353            0      3.14839
0.000102266      88.2353            0      2.98953
0.000105432      88.2353            0      6.27825
0.000108251      88.2353            0      4.50542
0.000110692      88.2353            0      2.95166
0.000112728      88.2353            0     0.119444
0.000114336      88.2353            0      3.23748
0.000115498      88.2353            0      4.38106
0.000116201      88.2353            0     0.469558
0.000116436      88.2353            0     0.514869
0.000116201      88.2353            0      3.91784
0.000115498      88.2353            0      2.59527
0.000114336      88.2353            0      2.63072
0.000112728      88.2353            0      3.39375
0.000110692      88.2353            0     0.470084
0.000108251      88.2353            0      3.58384
0.000105432      88.2353            0      5.22058
0.000102266      88.2353            0      1.86156
9.87871e-05      88.2353            0      4.04663
9.5032e-05      88.2353            0     0.866064
8.51836e-05      83.3333            0      5.30618
8.80938e-05      83.3333            0      5.17804
9.07769e-05      83.3333            0      4.72901
9.3208e-05      83.3333            0      5.76033
9.53645e-05      83.3333            0      2.83615
9.72258e-05      83.3333            0      4.43527
9.87741e-05      83.3333            0      4.24956
9.99943e-05      83.3333            0      2.55757
0.000100875      83.3333            0      5.71496
0.000101406      83.3333            0      5.41245
0.000101584      83.3333            0      1.47536
0.000101406      83.3333            0      3.54743
0.000100875      83.3333            0      3.14385
9.99943e-05      83.3333            0      5.95357
9.87741e-05      83.3333            0     0.102555
9.72258e-05      83.3333            0      1.94533
9.53645e-05      83.3333            0      6.07203
9.3208e-05      83.3333            0       5.3304
9.07769e-05      83.3333            0     0.623936
8.80938e-05      83.3333            0      0.26087
8.51836e-05      83.3333            0      5.71201
7.64082e-05      78.9474            0      3.47963
7.86837e-05      78.9474            0      5.29246
8.07732e-05      78.9474            0      1.96969
8.26597e-05      78.9474            0      3.26734
8.43279e-05      78.9474            0       1.2274
8.5764e-05      78.9474            0    0.0824413
8.69558e-05      78.9474            0      5.94718
8.78936e-05      78.9474            0      3.35494
8.85691e-05      78.9474            0     0.631094
8.89768e-05      78.9474            0      2.83613
8.9113e-05      78.9474            0      4.70315
8.89768e-05      78.9474            0       3.3431
8.85691e-05      78.9474            0      5.83352
8.78936e-05      78.9474            0      2.48127
8.69558e-05      78.9474            0      1.00627
8.5764e-05      78.9474            0       5.3185
8.43279e-05      78.9474            0      1.02884
8.26597e-05      78.9474            0      5.36604
8.07732e-05      78.9474            0      5.29757
7.86837e-05      78.9474            0      3.04393
7.64082e-05      78.9474            0      4.86274
6.86514e-05           75            0      5.31186
7.04467e-05           75            0      2.51155
7.20897e-05           75            0      3.51804
7.35687e-05           75            0      3.25002
7.48732e-05           75            0      1.83605
7.59937e-05           75            0      5.79046
7.69219e-05           75            0      2.53208
7.76511e-05           75            0      5.71356
7.81758e-05           75            0      3.03838
7.84923e-05           75            0      2.57059
7.8598e-05           75            0      4.39222
7.84923e-05           75            0      5.27865
7.81758e-05           75            0      1.19892
7.76511e-05           75            0      5.44381
7.69219e-05           75            0      3.87508
7.59937e-05           75            0      2.77867
7.48732e-05           75            0      4.10883
7.35687e-05           75            0     0.744136
7.20897e-05           75            0      4.47366
7.04467e-05           75            0     0.646776
6.86514e-05           75            0      3.56376
