
[NumberOfWaves] 738
=================================
0.0119509      29.4118    -0.349056      1.57056
0.0125489      29.4118    -0.261792      6.00301
0.0129925      29.4118    -0.174528     0.896272
0.0132655      29.4118   -0.0872639      3.22044
0.0133577      29.4118            0      6.10661
0.0132655      29.4118    0.0872639       4.0734
0.0129925      29.4118     0.174528      3.86198
0.0125489      29.4118     0.261792      2.95081
0.0119509      29.4118     0.349056       3.6302
0.0151458      28.5714    -0.349056      5.72578
0.0160253      28.5714    -0.261792      2.36379
0.016682      28.5714    -0.174528      1.43733
0.0170878      28.5714   -0.0872639      2.66101
0.0172251      28.5714            0      1.71901
0.0170878      28.5714    0.0872639      2.79321
0.016682      28.5714     0.174528      3.94268
0.0160253      28.5714     0.261792      3.35915
0.0151458      28.5714     0.349056      2.42173
0.0184079      27.7778    -0.349056      5.48789
0.0196437      27.7778    -0.261792      1.88709
0.0205733      27.7778    -0.174528      2.51339
0.0211505      27.7778   -0.0872639      3.25286
0.0213463      27.7778            0     0.388445
0.0211505      27.7778    0.0872639      1.45368
0.0205733      27.7778     0.174528     0.744447
0.0196437      27.7778     0.261792     0.620635
0.0184079      27.7778     0.349056       5.5936
0.021596       27.027    -0.349056     0.209784
0.0232668       27.027    -0.261792      5.27166
0.0245338       27.027    -0.174528      3.18716
0.0253249       27.027   -0.0872639      0.71448
0.0255938       27.027            0      3.08147
0.0253249       27.027    0.0872639      3.76629
0.0245338       27.027     0.174528     0.566828
0.0232668       27.027     0.261792      6.14618
0.021596       27.027     0.349056      4.10292
0.0245943      26.3158    -0.349056      2.89729
0.0267803      26.3158    -0.261792      5.42699
0.028453      26.3158    -0.174528      1.65136
0.0295036      26.3158   -0.0872639      5.17696
0.0298619      26.3158            0      2.06695
0.0295036      26.3158    0.0872639      5.91419
0.028453      26.3158     0.174528      1.53373
0.0267803      26.3158     0.261792      6.01352
0.0245943      26.3158     0.349056      3.20951
0.0273281       25.641    -0.349056      3.54726
0.0301105       25.641    -0.261792      6.24352
0.0322612       25.641    -0.174528      4.84409
0.0336211       25.641   -0.0872639      1.97162
0.0340864       25.641            0     0.363614
0.0336211       25.641    0.0872639     0.276916
0.0322612       25.641     0.174528      5.10773
0.0301105       25.641     0.261792      2.58906
0.0273281       25.641     0.349056       2.4137
0.0297803           25    -0.349056       3.2868
0.0332445           25    -0.261792      5.60537
0.0359522           25    -0.174528       2.5504
0.037677           25   -0.0872639      3.79738
0.0382694           25            0     0.595651
0.037677           25    0.0872639      2.11097
0.0359522           25     0.174528     0.910041
0.0332445           25     0.261792      1.53858
0.0297803           25     0.349056      2.38108
0.0320074      24.3902    -0.349056      1.69842
0.0362511      24.3902    -0.261792      1.35461
0.0396092      24.3902    -0.174528      3.98173
0.0417659      24.3902   -0.0872639      5.02461
0.0425096      24.3902            0      1.31009
0.0417659      24.3902    0.0872639      5.63118
0.0396092      24.3902     0.174528      4.68529
0.0362511      24.3902     0.261792      3.37011
0.0320074      24.3902     0.349056      6.09429
0.0341483      23.8095    -0.349056      3.54916
0.0392974      23.8095    -0.261792      1.36775
0.0434274      23.8095    -0.174528      5.38933
0.046104      23.8095   -0.0872639      5.41594
0.0470311      23.8095            0      1.96848
0.046104      23.8095    0.0872639      2.05444
0.0434274      23.8095     0.174528       5.2778
0.0392974      23.8095     0.261792      3.09458
0.0341483      23.8095     0.349056     0.326103
0.0364138      23.2558    -0.349056      4.88829
0.0426458      23.2558    -0.261792      2.68078
0.0477195      23.2558    -0.174528        1.759
0.0510402      23.2558   -0.0872639      2.09543
0.0521963      23.2558            0      2.30548
0.0510402      23.2558    0.0872639      4.99368
0.0477195      23.2558     0.174528     0.243094
0.0426458      23.2558     0.261792      4.56566
0.0364138      23.2558     0.349056      5.48308
0.0390446      22.7273    -0.349056      1.79577
0.0466153      22.7273    -0.261792      4.12698
0.0528804      22.7273    -0.174528      1.45694
0.0570258      22.7273   -0.0872639      3.90774
0.0584767      22.7273            0     0.472003
0.0570258      22.7273    0.0872639      6.07413
0.0528804      22.7273     0.174528      3.83244
0.0466153      22.7273     0.261792      2.41088
0.0390446      22.7273     0.349056      0.19207
0.0422221      22.2222    -0.349056      5.38808
0.0514827      22.2222    -0.261792      3.79206
0.0592844      22.2222    -0.174528      5.32698
0.0645081      22.2222   -0.0872639       3.1705
0.0663473      22.2222            0    0.0497038
0.0645081      22.2222    0.0872639      5.77454
0.0592844      22.2222     0.174528      2.58046
0.0514827      22.2222     0.261792      4.60145
0.0422221      22.2222     0.349056     0.949394
0.0459273      21.7391    -0.349056      5.12211
0.0573054      21.7391    -0.261792      5.71503
0.06708      21.7391    -0.174528      4.88781
0.0737101      21.7391   -0.0872639        4.757
0.0760596      21.7391            0      2.54586
0.0737101      21.7391    0.0872639      4.41004
0.06708      21.7391     0.174528      3.55279
0.0573054      21.7391     0.261792       3.6739
0.0459273      21.7391     0.349056       2.1671
0.0497678      21.2766    -0.349056       4.4247
0.0636775      21.2766    -0.261792      1.01071
0.0758837      21.2766    -0.174528   0.00951204
0.084281      21.2766   -0.0872639      3.53105
0.0872778      21.2766            0      3.43356
0.084281      21.2766    0.0872639      3.46085
0.0758837      21.2766     0.174528      4.36377
0.0636775      21.2766     0.261792      5.82745
0.0497678      21.2766     0.349056      5.93247
0.0528828      20.8333    -0.349056       5.6752
0.0695399      20.8333    -0.261792       3.7956
0.0844988      20.8333    -0.174528      5.81938
0.0949492      20.8333   -0.0872639     0.734773
0.0987075      20.8333            0      2.14126
0.0949492      20.8333    0.0872639     0.230777
0.0844988      20.8333     0.174528      3.38258
0.0695399      20.8333     0.261792      4.63201
0.0528828      20.8333     0.349056      1.13862
0.0541201      20.4082    -0.349056      2.67811
0.0733149      20.4082    -0.261792     0.616789
0.090991      20.4082    -0.174528      1.90514
0.103547      20.4082   -0.0872639      4.90151
0.108101      20.4082            0      3.37372
0.103547      20.4082    0.0872639      4.83208
0.090991      20.4082     0.174528      4.01448
0.0733149      20.4082     0.261792      5.61165
0.0541201      20.4082     0.349056     0.381318
0.0525843           20    -0.349056      1.10437
0.0735703           20    -0.261792      2.61581
0.0934285           20    -0.174528      4.64811
0.107792           20   -0.0872639      5.61043
0.113048           20            0     0.162436
0.107792           20    0.0872639     0.864309
0.0934285           20     0.174528      2.66454
0.0735703           20     0.261792      4.80377
0.0525843           20     0.349056      3.29504
0.0531752      19.6078    -0.349056      4.74041
0.0732      19.6078    -0.261792      1.06684
0.0918916      19.6078    -0.174528      4.22674
0.105289      19.6078   -0.0872639        3.887
0.110169      19.6078            0     0.043014
0.105289      19.6078    0.0872639      4.65084
0.0918916      19.6078     0.174528      6.23107
0.0732      19.6078     0.261792     0.805363
0.0531752      19.6078     0.349056      2.26554
0.0520506      19.2308    -0.349056      1.20051
0.070575      19.2308    -0.261792      4.48856
0.0876466      19.2308    -0.174528      1.11754
0.0997796      19.2308   -0.0872639      6.20037
0.104181      19.2308            0     0.106806
0.0997796      19.2308    0.0872639     0.250041
0.0876466      19.2308     0.174528      5.05361
0.070575      19.2308     0.261792      5.40207
0.0520506      19.2308     0.349056      3.55776
0.0496364      18.8679    -0.349056      4.73809
0.0663553      18.8679    -0.261792      3.26411
0.0815802      18.8679    -0.174528      3.68124
0.0923152      18.8679   -0.0872639      1.19838
0.0961937      18.8679            0      3.16312
0.0923152      18.8679    0.0872639     0.319897
0.0815802      18.8679     0.174528      0.35245
0.0663553      18.8679     0.261792      2.10605
0.0496364      18.8679     0.349056      3.96397
0.0465182      18.5185    -0.349056       5.6043
0.0613681      18.5185    -0.261792      4.23095
0.0747405      18.5185    -0.174528      4.30553
0.0840994      18.5185   -0.0872639      4.37136
0.0874682      18.5185            0      5.02534
0.0840994      18.5185    0.0872639      4.15058
0.0747405      18.5185     0.174528      3.26676
0.0613681      18.5185     0.261792       2.0843
0.0465182      18.5185     0.349056      5.86941
0.0432445      18.1818    -0.349056      1.54861
0.0563451      18.1818    -0.261792      3.21191
0.0680191      18.1818    -0.174528      4.65142
0.0761326      18.1818   -0.0872639      1.59694
0.079043      18.1818            0      5.31281
0.0761326      18.1818    0.0872639      3.38122
0.0680191      18.1818     0.174528      5.71839
0.0563451      18.1818     0.261792      2.20349
0.0432445      18.1818     0.349056      5.87665
0.040207      17.8571    -0.349056      5.82886
0.0517803      17.8571    -0.261792      3.69252
0.0619923      17.8571    -0.174528     0.639371
0.0690433      17.8571   -0.0872639      2.30508
0.0715643      17.8571            0      1.73314
0.0690433      17.8571    0.0872639      1.67189
0.0619923      17.8571     0.174528      1.42334
0.0517803      17.8571     0.261792   0.00829846
0.040207      17.8571     0.349056      5.61077
0.0376147      17.5439    -0.349056      2.84932
0.0479143      17.5439    -0.261792      3.63422
0.0569186      17.5439    -0.174528      1.98295
0.0630977      17.5439   -0.0872639      6.24541
0.0653001      17.5439            0       6.1818
0.0630977      17.5439    0.0872639      6.06025
0.0569186      17.5439     0.174528      4.18614
0.0479143      17.5439     0.261792      4.56245
0.0376147      17.5439     0.349056      2.09879
0.0355287      17.2414    -0.349056      3.28458
0.0447935      17.2414    -0.261792      1.71749
0.0528229      17.2414    -0.174528      4.51358
0.0583012      17.2414   -0.0872639      4.88828
0.0602482      17.2414            0     0.509326
0.0583012      17.2414    0.0872639      1.39219
0.0528229      17.2414     0.174528      1.28148
0.0447935      17.2414     0.261792      3.92122
0.0355287      17.2414     0.349056      4.55646
0.0339154      16.9492    -0.349056      5.24231
0.042347      16.9492    -0.261792      0.11872
0.0495945      16.9492    -0.174528      1.26991
0.0545125      16.9492   -0.0872639      2.94731
0.0562556      16.9492            0      2.37746
0.0545125      16.9492    0.0872639      2.13869
0.0495945      16.9492     0.174528     0.401177
0.042347      16.9492     0.261792      4.78347
0.0339154      16.9492     0.349056      2.52993
0.032693      16.6667    -0.349056      4.23656
0.0404494      16.6667    -0.261792      3.46241
0.0470652      16.6667    -0.174528     0.323305
0.0515315      16.6667   -0.0872639        1.932
0.0531105      16.6667            0      6.06589
0.0515315      16.6667    0.0872639      5.85246
0.0470652      16.6667     0.174528      2.37514
0.0404494      16.6667     0.261792      3.88082
0.032693      16.6667     0.349056       3.5344
0.031765      16.3934    -0.349056      5.21841
0.038964      16.3934    -0.261792      6.01722
0.0450597      16.3934    -0.174528     0.474402
0.0491549      16.3934   -0.0872639      5.57946
0.0505993      16.3934            0      3.53386
0.0491549      16.3934    0.0872639      1.22113
0.0450597      16.3934     0.174528      1.39139
0.038964      16.3934     0.261792      4.43431
0.031765      16.3934     0.349056      3.74945
0.0310406       16.129    -0.349056       3.6837
0.0377669       16.129    -0.261792      6.08505
0.0434232       16.129    -0.174528      3.65509
0.0472058       16.129   -0.0872639     0.627045
0.0485368       16.129            0      1.04677
0.0472058       16.129    0.0872639     0.641455
0.0434232       16.129     0.174528     0.918871
0.0377669       16.129     0.261792      4.21944
0.0310406       16.129     0.349056       4.0202
0.0304448       15.873    -0.349056      2.34001
0.0367581       15.873    -0.261792      1.02333
0.0420327       15.873    -0.174528      2.44735
0.0455448       15.873   -0.0872639      5.02625
0.0467779       15.873            0       2.5119
0.0455448       15.873    0.0872639      4.74441
0.0420327       15.873     0.174528      1.85481
0.0367581       15.873     0.261792      4.02116
0.0304448       15.873     0.349056      5.56119
0.0299215       15.625    -0.349056      1.31719
0.0358645       15.625    -0.261792      3.01808
0.040799       15.625    -0.174528     0.709901
0.0440713       15.625   -0.0872639     0.831678
0.0452178       15.625            0     0.402126
0.0440713       15.625    0.0872639     0.498226
0.040799       15.625     0.174528      3.93915
0.0358645       15.625     0.261792      2.58441
0.0299215       15.625     0.349056      4.01226
0.0294329      15.3846    -0.349056      5.38175
0.0350367      15.3846    -0.261792      4.79754
0.0396625      15.3846    -0.174528      6.13322
0.0427181      15.3846   -0.0872639       4.9104
0.0437867      15.3846            0      5.87827
0.0427181      15.3846    0.0872639      4.64409
0.0396625      15.3846     0.174528      1.59349
0.0350367      15.3846     0.261792      4.51905
0.0294329      15.3846     0.349056      4.35734
0.0289559      15.1515    -0.349056      4.85876
0.0342446      15.1515    -0.261792      4.69476
0.0385862      15.1515    -0.174528       2.0004
0.0414435      15.1515   -0.0872639      3.20704
0.042441      15.1515            0      4.85718
0.0414435      15.1515    0.0872639        3.599
0.0385862      15.1515     0.174528      5.99304
0.0342446      15.1515     0.261792      1.07799
0.0289559      15.1515     0.349056      5.70016
0.028478      14.9254    -0.349056      4.72619
0.0334716      14.9254    -0.261792      1.79804
0.0375495      14.9254    -0.174528      3.94202
0.0402239      14.9254   -0.0872639      2.90795
0.0411558      14.9254            0     0.813267
0.0402239      14.9254    0.0872639      3.45178
0.0375495      14.9254     0.174528      6.09143
0.0334716      14.9254     0.261792      2.77797
0.028478      14.9254     0.349056      3.71303
0.0279937      14.7059    -0.349056     0.697226
0.0327097      14.7059    -0.261792      1.25567
0.0365417      14.7059    -0.174528       1.0239
0.0390465      14.7059   -0.0872639     0.231701
0.0399179      14.7059            0      1.71353
0.0390465      14.7059    0.0872639      1.44593
0.0365417      14.7059     0.174528      2.25274
0.0327097      14.7059     0.261792     0.844075
0.0279937      14.7059     0.349056      6.27417
0.0275016      14.4928    -0.349056      3.22645
0.0319559      14.4928    -0.261792      2.43684
0.0355581      14.4928    -0.174528      1.56982
0.0379053      14.4928   -0.0872639      2.29174
0.0387206      14.4928            0      2.50728
0.0379053      14.4928    0.0872639      5.81995
0.0355581      14.4928     0.174528      3.11306
0.0319559      14.4928     0.261792      3.82752
0.0275016      14.4928     0.349056    0.0302116
0.0270024      14.2857    -0.349056       3.6927
0.0312098      14.2857    -0.261792       4.8848
0.0345971      14.2857    -0.174528      4.12908
0.0367977      14.2857   -0.0872639       3.3194
0.0375609      14.2857            0      5.18833
0.0367977      14.2857    0.0872639      6.04697
0.0345971      14.2857     0.174528      1.97121
0.0312098      14.2857     0.261792      5.00809
0.0270024      14.2857     0.349056      1.79176
0.0264977      14.0845    -0.349056    0.0935845
0.0304723      14.0845    -0.261792     0.591543
0.0336585      14.0845    -0.174528      2.06537
0.0357226      14.0845   -0.0872639      1.91987
0.0364375      14.0845            0     0.113233
0.0357226      14.0845    0.0872639      1.01915
0.0336585      14.0845     0.174528      2.78959
0.0304723      14.0845     0.261792      4.81762
0.0264977      14.0845     0.349056      4.28033
0.0259895      13.8889    -0.349056      4.48943
0.0297447      13.8889    -0.261792       2.8888
0.0327428      13.8889    -0.174528      5.77576
0.0346797      13.8889   -0.0872639      6.21353
0.0353496      13.8889            0      5.85953
0.0346797      13.8889    0.0872639      2.89975
0.0327428      13.8889     0.174528      5.68563
0.0297447      13.8889     0.261792      2.42808
0.0259895      13.8889     0.349056      3.78875
0.0254797      13.6986    -0.349056      3.52048
0.0290282      13.6986    -0.261792      5.31441
0.0318502      13.6986    -0.174528      1.78943
0.0336687      13.6986   -0.0872639      4.16763
0.0342968      13.6986            0      3.78399
0.0336687      13.6986    0.0872639      4.12456
0.0318502      13.6986     0.174528      1.94732
0.0290282      13.6986     0.261792      2.08372
0.0254797      13.6986     0.349056      1.18244
0.0249702      13.5135    -0.349056     0.632594
0.028324      13.5135    -0.261792      1.80048
0.0309812      13.5135    -0.174528      2.22937
0.0326893      13.5135   -0.0872639      3.36619
0.0332786      13.5135            0       6.2254
0.0326893      13.5135    0.0872639     0.177043
0.0309812      13.5135     0.174528      4.45799
0.028324      13.5135     0.261792       5.6871
0.0249702      13.5135     0.349056      5.44001
0.0244625      13.3333    -0.349056     0.748741
0.0276329      13.3333    -0.261792      6.00199
0.030136      13.3333    -0.174528      2.77018
0.0317412      13.3333   -0.0872639       5.5024
0.0322944      13.3333            0      5.43449
0.0317412      13.3333    0.0872639      2.23141
0.030136      13.3333     0.174528      3.96549
0.0276329      13.3333     0.261792      5.43196
0.0244625      13.3333     0.349056     0.131891
0.023958      13.1579    -0.349056     0.482662
0.0269558      13.1579    -0.261792       2.3669
0.0293147      13.1579    -0.174528     0.937384
0.030824      13.1579   -0.0872639     0.214231
0.0313435      13.1579            0      4.91487
0.030824      13.1579    0.0872639      2.05608
0.0293147      13.1579     0.174528       5.1362
0.0269558      13.1579     0.261792      1.09085
0.023958      13.1579     0.349056      4.24805
0.0234579       12.987    -0.349056       5.5014
0.0262933       12.987    -0.261792      4.75721
0.0285172       12.987    -0.174528      1.44274
0.0299371       12.987   -0.0872639      2.25524
0.0304253       12.987            0      2.28176
0.0299371       12.987    0.0872639      1.68035
0.0285172       12.987     0.174528      2.11927
0.0262933       12.987     0.261792     0.546374
0.0234579       12.987     0.349056      2.83715
0.0229632      12.8205    -0.349056      2.85665
0.0256457      12.8205    -0.261792      0.18243
0.0277432      12.8205    -0.174528      4.00291
0.0290797      12.8205   -0.0872639      0.37358
0.0295388      12.8205            0      1.06306
0.0290797      12.8205    0.0872639      4.30184
0.0277432      12.8205     0.174528      3.48435
0.0256457      12.8205     0.261792    0.0379231
0.0229632      12.8205     0.349056      1.81004
0.0224747      12.6582    -0.349056      2.36625
0.0250134      12.6582    -0.261792     0.920416
0.0269926      12.6582    -0.174528     0.468295
0.0282512      12.6582   -0.0872639      2.89485
0.0286831      12.6582            0      2.32719
0.0282512      12.6582    0.0872639      5.18069
0.0269926      12.6582     0.174528      3.37734
0.0250134      12.6582     0.261792      5.13645
0.0224747      12.6582     0.349056      2.89257
0.0219932         12.5    -0.349056    0.0881745
0.0243966         12.5    -0.261792    0.0313095
0.026265         12.5    -0.174528       1.0444
0.0274509         12.5   -0.0872639      2.29919
0.0278575         12.5            0      4.51252
0.0274509         12.5    0.0872639      1.00166
0.026265         12.5     0.174528      1.75152
0.0243966         12.5     0.261792      4.05215
0.0219932         12.5     0.349056       1.8045
0.0215193      12.3457    -0.349056      2.02269
0.0237952      12.3457    -0.261792     0.976484
0.0255598      12.3457    -0.174528      2.43569
0.0266779      12.3457   -0.0872639      5.62789
0.0270608      12.3457            0      5.57784
0.0266779      12.3457    0.0872639      2.47307
0.0255598      12.3457     0.174528       4.2439
0.0237952      12.3457     0.261792      1.58466
0.0215193      12.3457     0.349056      5.96877
0.0210533      12.1951    -0.349056      3.92488
0.0232094      12.1951    -0.261792      1.30025
0.0248768      12.1951    -0.174528     0.688963
0.0259314      12.1951   -0.0872639      3.55523
0.0262923      12.1951            0      1.72364
0.0259314      12.1951    0.0872639     0.447131
0.0248768      12.1951     0.174528     0.995537
0.0232094      12.1951     0.261792     0.311136
0.0210533      12.1951     0.349056      4.27799
0.0205958      12.0482    -0.349056      4.91177
0.0226391      12.0482    -0.261792      5.07268
0.0242152      12.0482    -0.174528      1.66533
0.0252105      12.0482   -0.0872639      5.62894
0.0255509      12.0482            0      3.81998
0.0252105      12.0482    0.0872639    0.0904805
0.0242152      12.0482     0.174528      2.16153
0.0226391      12.0482     0.261792      3.35302
0.0205958      12.0482     0.349056      3.94423
0.020147      11.9048    -0.349056      2.80685
0.022084      11.9048    -0.261792      5.09618
0.0235747      11.9048    -0.174528     0.909954
0.0245145      11.9048   -0.0872639      6.12485
0.0248356      11.9048            0      5.23851
0.0245145      11.9048    0.0872639      2.13686
0.0235747      11.9048     0.174528      3.87183
0.022084      11.9048     0.261792       1.9085
0.020147      11.9048     0.349056     0.560562
0.0197071      11.7647    -0.349056      3.27675
0.0215441      11.7647    -0.261792      5.18531
0.0229546      11.7647    -0.174528      4.79975
0.0238425      11.7647   -0.0872639      5.95402
0.0241457      11.7647            0      2.09568
0.0238425      11.7647    0.0872639      2.44873
0.0229546      11.7647     0.174528     0.945044
0.0215441      11.7647     0.261792      2.09666
0.0197071      11.7647     0.349056      3.47876
0.0192763      11.6279    -0.349056       3.4575
0.0210191      11.6279    -0.261792      1.00793
0.0223543      11.6279    -0.174528     0.735673
0.0231937      11.6279   -0.0872639      2.50409
0.02348      11.6279            0      5.22358
0.0231937      11.6279    0.0872639      1.16236
0.0223543      11.6279     0.174528      3.14644
0.0210191      11.6279     0.261792     0.793634
0.0192763      11.6279     0.349056      5.43246
0.0188547      11.4943    -0.349056      4.81683
0.0205088      11.4943    -0.261792      3.54583
0.0217733      11.4943    -0.174528      2.44766
0.0225671      11.4943   -0.0872639      3.07953
0.0228378      11.4943            0      5.57242
0.0225671      11.4943    0.0872639      5.68642
0.0217733      11.4943     0.174528      3.13138
0.0205088      11.4943     0.261792      3.32513
0.0188547      11.4943     0.349056      5.71565
0.0184424      11.3636    -0.349056      3.63533
0.0200128      11.3636    -0.261792      4.87426
0.021211      11.3636    -0.174528      4.15554
0.0219622      11.3636   -0.0872639      2.95086
0.0222181      11.3636            0       1.3808
0.0219622      11.3636    0.0872639      3.78607
0.021211      11.3636     0.174528       1.1577
0.0200128      11.3636     0.261792      1.24095
0.0184424      11.3636     0.349056       5.4159
0.0180394       11.236    -0.349056     0.789454
0.019531       11.236    -0.261792      4.05618
0.0206668       11.236    -0.174528      2.74767
0.0213779       11.236   -0.0872639        3.849
0.0216201       11.236            0       4.6336
0.0213779       11.236    0.0872639       1.9055
0.0206668       11.236     0.174528     0.269966
0.019531       11.236     0.261792      5.24949
0.0180394       11.236     0.349056      2.32036
0.0176456      11.1111    -0.349056      4.15519
0.0190629      11.1111    -0.261792      5.62781
0.0201401      11.1111    -0.174528      1.72216
0.0208137      11.1111   -0.0872639       6.2698
0.0210429      11.1111            0      5.24224
0.0208137      11.1111    0.0872639      4.97201
0.0201401      11.1111     0.174528       4.1255
0.0190629      11.1111     0.261792       3.4159
0.0176456      11.1111     0.349056      2.42952
0.017261       10.989    -0.349056      5.16608
0.0186082       10.989    -0.261792      3.74049
0.0196303       10.989    -0.174528      4.91105
0.0202687       10.989   -0.0872639      6.20556
0.0204858       10.989            0       4.9526
0.0202687       10.989    0.0872639       5.3589
0.0196303       10.989     0.174528      3.05111
0.0186082       10.989     0.261792      5.48981
0.017261       10.989     0.349056      2.09756
0.0168856      10.8696    -0.349056      1.29001
0.0181667      10.8696    -0.261792      3.10605
0.0191369      10.8696    -0.174528     0.196086
0.0197422      10.8696   -0.0872639      5.19965
0.019948      10.8696            0      1.66033
0.0197422      10.8696    0.0872639      4.25673
0.0191369      10.8696     0.174528      4.98785
0.0181667      10.8696     0.261792      4.28403
0.0168856      10.8696     0.349056      4.08872
0.0165193      10.7527    -0.349056      1.49122
0.0177379      10.7527    -0.261792      2.99953
0.0186593      10.7527    -0.174528      5.88352
0.0192335      10.7527   -0.0872639      1.51485
0.0194286      10.7527            0      1.31386
0.0192335      10.7527    0.0872639      1.71194
0.0186593      10.7527     0.174528      4.87446
0.0177379      10.7527     0.261792      2.08226
0.0165193      10.7527     0.349056      3.78912
0.0161618      10.6383    -0.349056      1.15617
0.0173215      10.6383    -0.261792     0.549504
0.018197      10.6383    -0.174528      1.94092
0.018742      10.6383   -0.0872639      1.45061
0.018927      10.6383            0      5.71242
0.018742      10.6383    0.0872639      5.88644
0.018197      10.6383     0.174528     0.200295
0.0173215      10.6383     0.261792      3.72988
0.0161618      10.6383     0.349056     0.275305
0.0158132      10.5263    -0.349056      2.66966
0.0169172      10.5263    -0.261792       3.2771
0.0177494      10.5263    -0.174528      5.27985
0.0182669      10.5263   -0.0872639      3.92706
0.0184425      10.5263            0      1.60345
0.0182669      10.5263    0.0872639      5.68418
0.0177494      10.5263     0.174528      4.82095
0.0169172      10.5263     0.261792      3.53523
0.0158132      10.5263     0.349056      5.63682
0.0154732      10.4167    -0.349056      2.31264
0.0165247      10.4167    -0.261792      2.12196
0.0173161      10.4167    -0.174528      3.88827
0.0178077      10.4167   -0.0872639     0.545964
0.0179745      10.4167            0      2.35925
0.0178077      10.4167    0.0872639      1.17732
0.0173161      10.4167     0.174528      5.09254
0.0165247      10.4167     0.261792      4.54417
0.0154732      10.4167     0.349056      4.23898
0.0151417      10.3093    -0.349056      5.74255
0.0161435      10.3093    -0.261792       5.1581
0.0168964      10.3093    -0.174528      3.44764
0.0173637      10.3093   -0.0872639    0.0976478
0.0175221      10.3093            0     0.594914
0.0173637      10.3093    0.0872639      3.23423
0.0168964      10.3093     0.174528      5.98445
0.0161435      10.3093     0.261792      5.29695
0.0151417      10.3093     0.349056      5.87468
0.0148186      10.2041    -0.349056      6.11595
0.0157734      10.2041    -0.261792      2.34058
0.01649      10.2041    -0.174528      2.01622
0.0169344      10.2041   -0.0872639      4.92115
0.0170849      10.2041            0      1.33339
0.0169344      10.2041    0.0872639      6.02635
0.01649      10.2041     0.174528      5.84465
0.0157734      10.2041     0.261792      2.29788
0.0148186      10.2041     0.349056      2.16708
0.0145036       10.101    -0.349056      4.35212
0.015414       10.101    -0.261792      4.50242
0.0160964       10.101    -0.174528      5.02856
0.0165191       10.101   -0.0872639      3.73003
0.0166623       10.101            0     0.610551
0.0165191       10.101    0.0872639       3.5154
0.0160964       10.101     0.174528     0.270734
0.015414       10.101     0.261792       4.7602
0.0145036       10.101     0.349056      4.14457
0.0141967           10    -0.349056       3.7664
0.015065           10    -0.261792      1.42621
0.015715           10    -0.174528      4.48427
0.0161174           10   -0.0872639      4.55205
0.0162536           10            0      2.16272
0.0161174           10    0.0872639     0.205773
0.015715           10     0.174528      5.30044
0.015065           10     0.261792       4.8398
0.0141967           10     0.349056      3.20211
0.013898       9.901    -0.34906      4.4419
0.014726       9.901    -0.26179      4.9709
0.015346       9.901    -0.17453      2.0776
0.015729       9.901   -0.087264      5.7406
0.015858       9.901           0      3.6234
0.015729       9.901    0.087264      1.8089
0.015346       9.901     0.17453      1.6767
0.014726       9.901     0.26179       5.593
0.013898       9.901     0.34906      2.3002
0.013606      9.8039    -0.34906     0.94255
0.014397      9.8039    -0.26179      5.9458
0.014988      9.8039    -0.17453      4.0892
0.015352      9.8039   -0.087264      6.1713
0.015476      9.8039           0      1.2179
0.015352      9.8039    0.087264       5.207
0.014988      9.8039     0.17453      3.1026
0.014397      9.8039     0.26179      3.7119
0.013606      9.8039     0.34906     0.28205
0.013322      9.7087    -0.34906      3.5465
0.014077      9.7087    -0.26179      3.9806
0.014641      9.7087    -0.17453      3.1296
0.014988      9.7087   -0.087264     0.37462
0.015106      9.7087           0      3.2368
0.014988      9.7087    0.087264     0.33422
0.014641      9.7087     0.17453      5.3005
0.014077      9.7087     0.26179      3.7363
0.013322      9.7087     0.34906      4.3417
0.013045      9.6154    -0.34906      4.0665
0.013767      9.6154    -0.26179      3.9171
0.014304      9.6154    -0.17453      5.9931
0.014636      9.6154   -0.087264      1.1117
0.014748      9.6154           0      2.9838
0.014636      9.6154    0.087264      5.2928
0.014304      9.6154     0.17453      3.1224
0.013767      9.6154     0.26179      4.7902
0.013045      9.6154     0.34906      1.1302
0.012776      9.5238    -0.34906      4.3455
0.013465      9.5238    -0.26179      5.7453
0.013978      9.5238    -0.17453       1.022
0.014294      9.5238   -0.087264      2.6897
0.014401      9.5238           0     0.26296
0.014294      9.5238    0.087264      1.4184
0.013978      9.5238     0.17453      4.1854
0.013465      9.5238     0.26179      5.4747
0.012776      9.5238     0.34906      2.1659
0.012513       9.434    -0.34906     0.17122
0.013172       9.434    -0.26179      5.6879
0.013662       9.434    -0.17453      2.9597
0.013964       9.434   -0.087264      5.7204
0.014066       9.434           0      2.0607
0.013964       9.434    0.087264      4.3422
0.013662       9.434     0.17453     0.10963
0.013172       9.434     0.26179      3.2191
0.012513       9.434     0.34906      2.0848
0.012257      9.3458    -0.34906      2.1118
0.012887      9.3458    -0.26179      5.9899
0.013355      9.3458    -0.17453      4.7154
0.013643      9.3458   -0.087264       2.098
0.013741      9.3458           0      3.9761
0.013643      9.3458    0.087264      2.6109
0.013355      9.3458     0.17453      3.6221
0.012887      9.3458     0.26179      6.0285
0.012257      9.3458     0.34906      3.8694
0.012008      9.2593    -0.34906     0.94608
0.01261      9.2593    -0.26179      5.2669
0.013058      9.2593    -0.17453      4.5625
0.013333      9.2593   -0.087264     0.68388
0.013426      9.2593           0      1.0138
0.013333      9.2593    0.087264      1.8661
0.013058      9.2593     0.17453      2.6614
0.01261      9.2593     0.26179        3.32
0.012008      9.2593     0.34906      1.7284
0.011765      9.1743    -0.34906       5.202
0.012341      9.1743    -0.26179      4.9811
0.012769      9.1743    -0.17453        1.72
0.013032      9.1743   -0.087264      3.8684
0.013121      9.1743           0     0.63804
0.013032      9.1743    0.087264      4.2094
0.012769      9.1743     0.17453      2.1827
0.012341      9.1743     0.26179      4.2064
0.011765      9.1743     0.34906      1.8554
0.011528      9.0909    -0.34906      4.2751
0.01208      9.0909    -0.26179      2.4741
0.012489      9.0909    -0.17453      2.4618
0.01274      9.0909   -0.087264      1.3004
0.012825      9.0909           0      4.5522
0.01274      9.0909    0.087264      5.1477
0.012489      9.0909     0.17453       5.821
0.01208      9.0909     0.26179      3.2302
0.011528      9.0909     0.34906      1.2135
0.011297       9.009    -0.34906       3.788
0.011826       9.009    -0.26179      1.2452
0.012217       9.009    -0.17453      2.5785
0.012457       9.009   -0.087264      5.3599
0.012538       9.009           0      2.6959
0.012457       9.009    0.087264      5.8159
0.012217       9.009     0.17453       2.344
0.011826       9.009     0.26179      4.3871
0.011297       9.009     0.34906      3.6983
0.011072      8.9286    -0.34906     0.63374
0.011579      8.9286    -0.26179      2.5911
0.011953      8.9286    -0.17453      5.8099
0.012183      8.9286   -0.087264     0.34902
0.01226      8.9286           0       2.413
0.012183      8.9286    0.087264      1.5119
0.011953      8.9286     0.17453      1.4313
0.011579      8.9286     0.26179      2.2438
0.011072      8.9286     0.34906      5.8061
0.010853      8.8496    -0.34906      3.1572
0.011338      8.8496    -0.26179      5.0467
0.011697      8.8496    -0.17453      2.2008
0.011917      8.8496   -0.087264      2.8819
0.011991      8.8496           0      5.9757
0.011917      8.8496    0.087264     0.83553
0.011697      8.8496     0.17453     0.44174
0.011338      8.8496     0.26179      4.4363
0.010853      8.8496     0.34906      5.8539
0.01064      8.7719    -0.34906     0.68422
0.011105      8.7719    -0.26179      4.0946
0.011448      8.7719    -0.17453     0.91771
0.011658      8.7719   -0.087264      4.3602
0.011729      8.7719           0      3.9307
0.011658      8.7719    0.087264     0.27471
0.011448      8.7719     0.17453      5.0134
0.011105      8.7719     0.26179      6.1964
0.01064      8.7719     0.34906      2.7441
0.010432      8.6957    -0.34906      2.1661
0.010877      8.6957    -0.26179     0.30665
0.011206      8.6957    -0.17453      1.4149
0.011408      8.6957   -0.087264      3.6505
0.011476      8.6957           0      3.7784
0.011408      8.6957    0.087264      1.5866
0.011206      8.6957     0.17453      4.1112
0.010877      8.6957     0.26179     0.37758
0.010432      8.6957     0.34906      5.9092
