
[NumberOfWaves] 294
=================================
7.326234e-05      214.2857             0      5.118909
7.508267e-05      214.2857             0      5.691091
7.674658e-05      214.2857             0     0.7978582
7.824285e-05      214.2857             0      5.738741
7.956129e-05      214.2857             0      3.973113
8.069284e-05      214.2857             0     0.6128464
8.162965e-05      214.2857             0      1.749804
8.236519e-05      214.2857             0      3.436057
8.28943e-05      214.2857             0      6.016015
8.321327e-05      214.2857             0      6.062395
8.331985e-05      214.2857             0      0.990283
8.321327e-05      214.2857             0      6.098234
8.28943e-05      214.2857             0       6.01388
8.236519e-05      214.2857             0      3.049615
8.162965e-05      214.2857             0      5.028162
8.069284e-05      214.2857             0     0.8914719
7.956129e-05      214.2857             0      2.649926
7.824285e-05      214.2857             0      5.753566
7.674658e-05      214.2857             0      4.977439
7.508267e-05      214.2857             0      6.028491
7.326234e-05      214.2857             0      4.120019
0.000143344         187.5             0     0.2243765
0.0001503699         187.5             0      5.335079
0.0001569352         187.5             0       5.86828
0.0001629557         187.5             0      4.264493
0.0001683521         187.5             0      4.760881
0.0001730518         187.5             0      4.669101
0.0001769904         187.5             0      2.464362
0.0001801131         187.5             0      4.118368
0.0001823758         187.5             0      1.075566
0.0001837465         187.5             0      4.436088
0.0001842056         187.5             0     0.2000058
0.0001837465         187.5             0      1.739907
0.0001823758         187.5             0     0.2900948
0.0001801131         187.5             0      0.610279
0.0001769904         187.5             0      5.173786
0.0001730518         187.5             0      4.365608
0.0001683521         187.5             0      1.992336
0.0001629557         187.5             0      5.970245
0.0001569352         187.5             0     0.2164247
0.0001503699         187.5             0      2.756631
0.000143344         187.5             0      2.397332
0.000201897      166.6667             0      4.809742
0.000220079      166.6667             0      4.996241
0.0002376968      166.6667             0      1.174121
0.0002543813      166.6667             0       3.07719
0.0002697629      166.6667             0      2.799618
0.000283485      166.6667             0      4.060785
0.0002952177      166.6667             0      4.456939
0.0003046699      166.6667             0      4.741696
0.000311602      166.6667             0      1.734266
0.000315835      166.6667             0      4.270572
0.0003172584      166.6667             0      4.115981
0.000315835      166.6667             0       1.02169
0.000311602      166.6667             0     0.7476624
0.0003046699      166.6667             0      3.131221
0.0002952177      166.6667             0      6.030071
0.000283485      166.6667             0      2.138644
0.0002697629      166.6667             0      3.677237
0.0002543813      166.6667             0       1.40621
0.0002376968      166.6667             0      4.720211
0.000220079      166.6667             0      1.602763
0.000201897      166.6667             0      3.178928
0.000249657           150             0      4.392299
0.0002889106           150             0      5.597545
0.0003291565           150             0      6.027228
0.0003692294           150             0      3.438155
0.0004078267           150             0     0.8709774
0.0004435753           150             0     0.9380142
0.0004751096           150             0      1.617924
0.0005011563           150             0      5.282227
0.0005206188           150             0      1.597655
0.0005326523           150             0      5.116152
0.0005367242           150             0      1.530067
0.0005326523           150             0      5.838563
0.0005206188           150             0      2.198948
0.0005011563           150             0      1.235208
0.0004751096           150             0       1.57756
0.0004435753           150             0      3.870609
0.0004078267           150             0      2.973674
0.0003692294           150             0      2.209477
0.0003291565           150             0      5.220096
0.0002889106           150             0      3.677214
0.000249657           150             0      3.453913
0.0002059882      136.3636             0      5.762728
0.0002311086      136.3636             0      1.795927
0.000256122      136.3636             0      4.757489
0.00028039      136.3636             0       4.73568
0.0003032405      136.3636             0      2.390341
0.0003239979      136.3636             0      3.567623
0.0003420148      136.3636             0     0.4765925
0.0003567057      136.3636             0     0.3389686
0.0003675772      136.3636             0      3.335001
0.0003742558      136.3636             0      4.895508
0.0003765083      136.3636             0      5.868389
0.0003742558      136.3636             0     0.8162007
0.0003675772      136.3636             0      3.573919
0.0003567057      136.3636             0      2.949181
0.0003420148      136.3636             0     0.0747807
0.0003239979      136.3636             0      2.118142
0.0003032405      136.3636             0      1.018991
0.00028039      136.3636             0       4.99049
0.000256122      136.3636             0      1.955364
0.0002311086      136.3636             0      3.320774
0.0002059882      136.3636             0      1.040771
0.0001561861           125             0      3.782253
0.0001713352           125             0      1.652249
0.0001861025           125             0      4.109579
0.0002001621           125             0      4.330335
0.0002131841           125             0      4.700636
0.0002248476           125             0      2.830753
0.0002348532           125             0     0.5266497
0.0002429354           125             0      1.438662
0.0002488745           125             0      5.738499
0.0002525059           125             0     0.9573911
0.0002537278           125             0      5.188608
0.0002525059           125             0      3.382406
0.0002488745           125             0      6.258714
0.0002429354           125             0     0.4911768
0.0002348532           125             0      2.781348
0.0002248476           125             0     0.6700994
0.0002131841           125             0      6.043606
0.0002001621           125             0    0.02911683
0.0001861025           125             0      4.868762
0.0001713352           125             0      5.135116
0.0001561861           125             0      5.458009
0.0001409696      115.3846             0     0.5305104
0.0001520682      115.3846             0      2.511834
0.0001627167      115.3846             0      1.632766
0.0001727132      115.3846             0       5.02683
0.0001818588      115.3846             0      2.710573
0.0001899645      115.3846             0      5.721599
0.0001968573      115.3846             0      1.142545
0.0002023862      115.3846             0      1.657474
0.0002064277      115.3846             0     0.9144214
0.0002088903      115.3846             0     0.8549188
0.0002097175      115.3846             0      5.461763
0.0002088903      115.3846             0      3.642284
0.0002064277      115.3846             0      3.454772
0.0002023862      115.3846             0      0.910751
0.0001968573      115.3846             0      5.359595
0.0001899645      115.3846             0      3.908372
0.0001818588      115.3846             0      2.205034
0.0001727132      115.3846             0      3.224747
0.0001627167      115.3846             0       2.52456
0.0001520682      115.3846             0     0.4772987
0.0001409696      115.3846             0      1.507393
0.0001296083      107.1429             0     0.7748129
0.0001380319      107.1429             0      1.155493
0.0001460166      107.1429             0      1.507622
0.0001534322      107.1429             0      2.621689
0.0001601532      107.1429             0     0.3119788
0.0001660622      107.1429             0      5.671765
0.0001710535      107.1429             0      5.936098
0.0001750358      107.1429             0      3.084099
0.0001779352      107.1429             0      3.073974
0.0001796971      107.1429             0      2.121891
0.0001802882      107.1429             0      5.655038
0.0001796971      107.1429             0      2.319978
0.0001779352      107.1429             0     0.6986869
0.0001750358      107.1429             0      4.902324
0.0001710535      107.1429             0      2.448729
0.0001660622      107.1429             0      1.518546
0.0001601532      107.1429             0       2.53778
0.0001534322      107.1429             0     0.6060238
0.0001460166      107.1429             0     0.8291882
0.0001380319      107.1429             0      5.918904
0.0001296083      107.1429             0      6.007393
0.0001176312           100             0      3.614036
0.0001240329           100             0     0.3755949
0.000130044           100             0      1.475122
0.0001355802           100             0      2.218895
0.0001405612           100             0      5.159562
0.0001449132           100             0     0.0967798
0.0001485701           100             0     0.2703185
0.0001514757           100             0      1.061764
0.0001535846           100             0      4.078393
0.0001548634           100             0      4.597412
0.000155292           100             0      4.069788
0.0001548634           100             0      2.833154
0.0001535846           100             0      3.436857
0.0001514757           100             0      1.861784
0.0001485701           100             0      4.678905
0.0001449132           100             0      1.187204
0.0001405612           100             0       4.31501
0.0001355802           100             0      1.153001
0.000130044           100             0      2.315189
0.0001240329           100             0      3.930761
0.0001176312           100             0      4.902169
0.000105919        93.75            0     0.509713
0.000110805        93.75            0      5.83933
0.000115359        93.75            0       4.8738
0.000119525        93.75            0      3.05851
0.000123252        93.75            0       2.7385
0.000126492        93.75            0      2.80714
0.000129204        93.75            0      1.92479
0.000131351        93.75            0      3.19496
0.000132905        93.75            0      3.20918
0.000133847        93.75            0      5.13715
0.000134162        93.75            0      4.99393
0.000133847        93.75            0      4.04825
0.000132905        93.75            0       2.3788
0.000131351        93.75            0      5.09916
0.000129204        93.75            0      3.34774
0.000126492        93.75            0      2.20362
0.000123252        93.75            0      5.89975
0.000119525        93.75            0      5.50355
0.000115359        93.75            0      3.45663
0.000110805        93.75            0      3.91101
0.000105919        93.75            0       3.6884
9.5032e-05      88.2353            0      1.30524
9.87871e-05      88.2353            0      1.89273
0.000102266      88.2353            0      2.95881
0.000105432      88.2353            0      1.44816
0.000108251      88.2353            0      5.30479
0.000110692      88.2353            0       1.2237
0.000112728      88.2353            0      1.41947
0.000114336      88.2353            0      1.07256
0.000115498      88.2353            0      1.43041
0.000116201      88.2353            0      2.73749
0.000116436      88.2353            0      1.95466
0.000116201      88.2353            0      5.80159
0.000115498      88.2353            0      2.70299
0.000114336      88.2353            0       1.1612
0.000112728      88.2353            0      5.68537
0.000110692      88.2353            0      6.15576
0.000108251      88.2353            0      2.75742
0.000105432      88.2353            0     0.698162
0.000102266      88.2353            0      1.62142
9.87871e-05      88.2353            0      2.56799
9.5032e-05      88.2353            0      3.73773
8.51836e-05      83.3333            0      1.64748
8.80938e-05      83.3333            0      3.78766
9.07769e-05      83.3333            0      4.46857
9.3208e-05      83.3333            0      1.39323
9.53645e-05      83.3333            0     0.737735
9.72258e-05      83.3333            0      1.86401
9.87741e-05      83.3333            0      2.00288
9.99943e-05      83.3333            0      2.66504
0.000100875      83.3333            0      3.19087
0.000101406      83.3333            0     0.537296
0.000101584      83.3333            0      1.64918
0.000101406      83.3333            0      5.03277
0.000100875      83.3333            0     0.183591
9.99943e-05      83.3333            0      5.83599
9.87741e-05      83.3333            0      4.58867
9.72258e-05      83.3333            0      3.06993
9.53645e-05      83.3333            0      3.63487
9.3208e-05      83.3333            0      1.49085
9.07769e-05      83.3333            0      2.88295
8.80938e-05      83.3333            0      6.05109
8.51836e-05      83.3333            0      3.43558
7.64082e-05      78.9474            0       3.2743
7.86837e-05      78.9474            0      1.45511
8.07732e-05      78.9474            0      3.07174
8.26597e-05      78.9474            0      3.92097
8.43279e-05      78.9474            0      4.26701
8.5764e-05      78.9474            0      2.48502
8.69558e-05      78.9474            0       2.3086
8.78936e-05      78.9474            0      6.20749
8.85691e-05      78.9474            0     0.237113
8.89768e-05      78.9474            0      5.56151
8.9113e-05      78.9474            0      5.73818
8.89768e-05      78.9474            0      5.00242
8.85691e-05      78.9474            0     0.620209
8.78936e-05      78.9474            0      1.64534
8.69558e-05      78.9474            0      2.10705
8.5764e-05      78.9474            0      4.27073
8.43279e-05      78.9474            0     0.857963
8.26597e-05      78.9474            0      4.53147
8.07732e-05      78.9474            0     0.670785
7.86837e-05      78.9474            0      4.10756
7.64082e-05      78.9474            0      3.10489
6.86514e-05           75            0      4.89478
7.04467e-05           75            0      4.49258
7.20897e-05           75            0      5.67808
7.35687e-05           75            0      5.59767
7.48732e-05           75            0      2.09955
7.59937e-05           75            0      4.39022
7.69219e-05           75            0      1.24284
7.76511e-05           75            0     0.191889
7.81758e-05           75            0      4.67502
7.84923e-05           75            0      3.14164
7.8598e-05           75            0      3.01535
7.84923e-05           75            0      5.68437
7.81758e-05           75            0      3.83179
7.76511e-05           75            0       3.8808
7.69219e-05           75            0      5.39988
7.59937e-05           75            0      5.06089
7.48732e-05           75            0      3.62354
7.35687e-05           75            0       1.1493
7.20897e-05           75            0      1.50749
7.04467e-05           75            0      5.56995
6.86514e-05           75            0      0.18016
