
[NumberOfWaves] 819
=================================
0.0159224      26.3158    -0.349056        3.876
0.0167435      26.3158    -0.261792      4.33459
0.0173533      26.3158    -0.174528       1.4729
0.0177289      26.3158   -0.0872639       1.2996
0.0178557      26.3158            0     0.234772
0.0177289      26.3158    0.0872639      4.16792
0.0173533      26.3158     0.174528      3.18708
0.0167435      26.3158     0.261792      3.05228
0.0159224      26.3158     0.349056      5.41403
0.0195863       25.641    -0.349056      6.06633
0.0207404       25.641    -0.261792      4.77312
0.0216028       25.641    -0.174528      1.54989
0.022136       25.641   -0.0872639      4.24899
0.0223164       25.641            0      4.77072
0.022136       25.641    0.0872639      3.68303
0.0216028       25.641     0.174528      5.16739
0.0207404       25.641     0.261792      5.82331
0.0195863       25.641     0.349056      4.00583
0.0233037           25    -0.349056     0.118987
0.0248682           25    -0.261792      1.15821
0.026045           25    -0.174528     0.168012
0.0267758           25   -0.0872639       5.8746
0.0270236           25            0      3.04391
0.0267758           25    0.0872639      4.99364
0.026045           25     0.174528       2.8703
0.0248682           25     0.261792      3.10512
0.0233037           25     0.349056      2.67476
0.0269449      24.3902    -0.349056        5.603
0.0290005      24.3902    -0.261792      5.49313
0.0305579      24.3902    -0.174528      3.97808
0.0315297      24.3902   -0.0872639      1.83639
0.03186      24.3902            0      1.83262
0.0315297      24.3902    0.0872639      1.54248
0.0305579      24.3902     0.174528      4.42542
0.0290005      24.3902     0.261792      4.86689
0.0269449      24.3902     0.349056      5.16873
0.030401      23.8095    -0.349056      5.06529
0.0330298      23.8095    -0.261792      1.59444
0.0350375      23.8095    -0.174528      5.02954
0.036297      23.8095   -0.0872639      3.95646
0.0367262      23.8095            0      1.45452
0.036297      23.8095    0.0872639      2.39431
0.0350375      23.8095     0.174528      2.84747
0.0330298      23.8095     0.261792      3.14502
0.030401      23.8095     0.349056      3.39641
0.0335962      23.2558    -0.349056      2.16855
0.0368811      23.2558    -0.261792      1.83105
0.0394122      23.2558    -0.174528      4.42027
0.0410094      23.2558   -0.0872639      5.86881
0.0415553      23.2558            0       3.7332
0.0410094      23.2558    0.0872639      3.72639
0.0394122      23.2558     0.174528      4.64145
0.0368811      23.2558     0.261792      2.34132
0.0335962      23.2558     0.349056       2.8479
0.0364995      22.7273    -0.349056      3.20041
0.0405261      22.7273    -0.261792      5.83509
0.043659      22.7273    -0.174528       2.8323
0.0456487      22.7273   -0.0872639        4.005
0.046331      22.7273            0      2.88618
0.0456487      22.7273    0.0872639      3.47936
0.043659      22.7273     0.174528     0.259065
0.0405261      22.7273     0.261792      5.04024
0.0364995      22.7273     0.349056      4.21911
0.0391375      22.2222    -0.349056      1.25866
0.0439994      22.2222    -0.261792    0.0916462
0.0478224      22.2222    -0.174528      4.79497
0.0502675      22.2222   -0.0872639      3.56568
0.0511089      22.2222            0      4.11043
0.0502675      22.2222    0.0872639      3.98807
0.0478224      22.2222     0.174528       4.6138
0.0439994      22.2222     0.261792      5.57507
0.0391375      22.2222     0.349056      4.18391
0.0416041      21.7391    -0.349056     0.758199
0.047413      21.7391    -0.261792       4.4844
0.0520338      21.7391    -0.174528      2.80993
0.0550119      21.7391   -0.0872639      4.02729
0.0560406      21.7391            0      4.07701
0.0550119      21.7391    0.0872639      4.26223
0.0520338      21.7391     0.174528     0.369614
0.047413      21.7391     0.261792       1.4071
0.0416041      21.7391     0.349056      1.05543
0.0440604      21.2766    -0.349056      5.83395
0.0509628      21.2766    -0.261792       3.2372
0.0565231      21.2766    -0.174528      4.23074
0.0601369      21.2766   -0.0872639      4.19579
0.0613906      21.2766            0     0.511822
0.0601369      21.2766    0.0872639      1.41414
0.0565231      21.2766     0.174528      1.78556
0.0509628      21.2766     0.261792      5.74118
0.0440604      21.2766     0.349056      1.43945
0.0467182      20.8333    -0.349056      1.56208
0.0549171      20.8333    -0.261792      4.24913
0.061613      20.8333    -0.174528      4.07447
0.0660048      20.8333   -0.0872639       4.4212
0.0675352      20.8333            0      5.25952
0.0660048      20.8333    0.0872639       4.5696
0.061613      20.8333     0.174528     0.122106
0.0549171      20.8333     0.261792      3.66768
0.0467182      20.8333     0.349056      5.78587
0.0497978      20.4082    -0.349056     0.576013
0.059574      20.4082    -0.261792       3.4843
0.0676781      20.4082    -0.174528      5.84823
0.0730464      20.4082   -0.0872639      1.25316
0.0749264      20.4082            0      3.30058
0.0730464      20.4082    0.0872639     0.796302
0.0676781      20.4082     0.174528      4.70425
0.059574      20.4082     0.261792      1.97706
0.0497978      20.4082     0.349056      1.17602
0.0534517           20    -0.349056      6.15982
0.0651752           20    -0.261792      4.47869
0.0750519           20    -0.174528      5.18756
0.0816649           20   -0.0872639      4.29267
0.0839933           20            0      4.33151
0.0816649           20    0.0872639      3.33549
0.0750519           20     0.174528      1.18657
0.0651752           20     0.261792      3.09762
0.0534517           20     0.349056      3.51559
0.0576527      19.6078    -0.349056      5.20408
0.0717635      19.6078    -0.261792      1.27462
0.0838612      19.6078    -0.174528      3.31583
0.092056      19.6078   -0.0872639      5.07548
0.0949581      19.6078            0      2.23112
0.092056      19.6078    0.0872639      3.44154
0.0838612      19.6078     0.174528      4.50766
0.0717635      19.6078     0.261792      1.27239
0.0576527      19.6078     0.349056      4.04472
0.0620622      19.2308    -0.349056  0.000559287
0.0789963      19.2308    -0.261792      3.22429
0.0937913      19.2308    -0.174528      3.58024
0.10394      19.2308   -0.0872639    0.0442116
0.107556      19.2308            0       5.6074
0.10394      19.2308    0.0872639      5.23496
0.0937913      19.2308     0.174528      4.87036
0.0789963      19.2308     0.261792      4.95186
0.0620622      19.2308     0.349056      2.34751
0.0659464      18.8679    -0.349056     0.956976
0.0859885      18.8679    -0.261792      2.21325
0.103859      18.8679    -0.174528      4.05315
0.116285      18.8679   -0.0872639      5.85536
0.120743      18.8679            0     0.586336
0.116285      18.8679    0.0872639      4.64174
0.103859      18.8679     0.174528     0.347245
0.0859885      18.8679     0.261792      4.75723
0.0659464      18.8679     0.349056       2.9121
0.068263      18.5185    -0.349056     0.282763
0.0913535      18.5185    -0.261792      5.29047
0.112399      18.5185    -0.174528      1.03488
0.127248      18.5185   -0.0872639      0.72301
0.132614      18.5185            0      1.70622
0.127248      18.5185    0.0872639      1.97529
0.112399      18.5185     0.174528      3.80806
0.0913535      18.5185     0.261792      4.25652
0.068263      18.5185     0.349056      6.20536
0.0680149      18.1818    -0.349056      6.24066
0.0936058      18.1818    -0.261792       4.7596
0.117488      18.1818    -0.174528       1.7282
0.134604      18.1818   -0.0872639      5.99407
0.140838      18.1818            0      2.58283
0.134604      18.1818    0.0872639      1.36104
0.117488      18.1818     0.174528      3.95282
0.0936058      18.1818     0.261792    0.0934222
0.0680149      18.1818     0.349056     0.272053
0.067148      17.8571    -0.349056      1.13259
0.0933261      17.8571    -0.261792      1.25952
0.11796      17.8571    -0.174528      4.51972
0.135711      17.8571   -0.0872639      2.78254
0.142195      17.8571            0      5.31223
0.135711      17.8571    0.0872639      2.44905
0.11796      17.8571     0.174528      5.26234
0.0933261      17.8571     0.261792      4.70231
0.067148      17.8571     0.349056       3.6684
0.067101      17.5439    -0.349056      1.00888
0.0919413      17.5439    -0.261792       3.3227
0.115037      17.5439    -0.174528      2.90696
0.131548      17.5439   -0.0872639      2.38467
0.137555      17.5439            0     0.585764
0.131548      17.5439    0.0872639      1.62821
0.115037      17.5439     0.174528      2.11006
0.0919413      17.5439     0.261792      2.35683
0.067101      17.5439     0.349056     0.918949
0.0653909      17.2414    -0.349056      1.99027
0.0884055      17.2414    -0.261792      1.76694
0.109563      17.2414    -0.174528      5.15284
0.124576      17.2414   -0.0872639      2.14935
0.130017      17.2414            0      5.47879
0.124576      17.2414    0.0872639      1.68403
0.109563      17.2414     0.174528      4.87204
0.0884055      17.2414     0.261792      3.82766
0.0653909      17.2414     0.349056     0.112898
0.0624706      16.9492    -0.349056       4.4076
0.0833986      16.9492    -0.261792    0.0989717
0.102434      16.9492    -0.174528       4.2969
0.115846      16.9492   -0.0872639      5.51586
0.12069      16.9492            0      2.71304
0.115846      16.9492    0.0872639      3.96673
0.102434      16.9492     0.174528      3.68209
0.0833986      16.9492     0.261792      1.42882
0.0624706      16.9492     0.349056      4.92999
0.0588903      16.6667    -0.349056      1.80722
0.0776897      16.6667    -0.261792      5.80785
0.0946186      16.6667    -0.174528      1.87532
0.106467      16.6667   -0.0872639      3.36959
0.110732      16.6667            0      2.09631
0.106467      16.6667    0.0872639      1.49092
0.0946186      16.6667     0.174528      3.42574
0.0776897      16.6667     0.261792     0.676589
0.0588903      16.6667     0.349056     0.861747
0.0551533      16.3934    -0.349056     0.593288
0.0719483      16.3934    -0.261792      1.95328
0.0869297      16.3934    -0.174528      5.10579
0.0973489      16.3934   -0.0872639      3.22668
0.101088      16.3934            0      5.44407
0.0973489      16.3934    0.0872639       6.1604
0.0869297      16.3934     0.174528      2.05236
0.0719483      16.3934     0.261792      1.37985
0.0551533      16.3934     0.349056        3.256
0.0516299       16.129    -0.349056      2.21794
0.0666425       16.129    -0.261792      5.40009
0.0799147       16.129    -0.174528      1.63371
0.0890905       16.129   -0.0872639       5.3011
0.0923732       16.129            0      3.66174
0.0890905       16.129    0.0872639      4.52002
0.0799147       16.129     0.174528      2.15836
0.0666425       16.129     0.261792     0.058268
0.0516299       16.129     0.349056      1.20914
0.0485366       15.873    -0.349056      3.18792
0.0620259       15.873    -0.261792     0.152311
0.0738508       15.873    -0.174528      3.45591
0.0819802       15.873   -0.0872639      1.73526
0.0848804       15.873            0      4.37448
0.0819802       15.873    0.0872639      5.53754
0.0738508       15.873     0.174528     0.155073
0.0620259       15.873     0.261792       2.1438
0.0485366       15.873     0.349056      2.64769
0.0459582       15.625    -0.349056      0.50271
0.0581775       15.625    -0.261792      0.49858
0.0688037       15.625    -0.174528      0.45474
0.0760702       15.625   -0.0872639      5.65684
0.0786557       15.625            0      6.09016
0.0760702       15.625    0.0872639      2.45858
0.0688037       15.625     0.174528      1.97026
0.0581775       15.625     0.261792      3.47647
0.0459582       15.625     0.349056      4.97644
0.0438877      15.3846    -0.349056      5.01581
0.0550607      15.3846    -0.261792      5.42385
0.0647036      15.3846    -0.174528       5.0136
0.0712646      15.3846   -0.0872639     0.040063
0.0735932      15.3846            0      5.77974
0.0712646      15.3846    0.0872639     0.112857
0.0647036      15.3846     0.174528     0.184824
0.0550607      15.3846     0.261792      4.47005
0.0438877      15.3846     0.349056      3.38286
0.042264      15.1515    -0.349056      3.29599
0.0525752      15.1515    -0.261792      3.15557
0.0614105      15.1515    -0.174528      0.41262
0.0673934      15.1515   -0.0872639      1.44535
0.0695117      15.1515            0     0.735364
0.0673934      15.1515    0.0872639      6.21873
0.0614105      15.1515     0.174528     0.443055
0.0525752      15.1515     0.261792     0.377129
0.042264      15.1515     0.349056      4.15669
0.041002      14.9254    -0.349056      2.16171
0.0505961      14.9254    -0.261792     0.807449
0.0587612      14.9254    -0.174528      4.00312
0.064265      14.9254   -0.0872639      4.69019
0.0662094      14.9254            0      5.05949
0.064265      14.9254    0.0872639       1.6903
0.0587612      14.9254     0.174528      2.72669
0.0505961      14.9254     0.261792      2.52455
0.041002      14.9254     0.349056      3.82096
0.0400127      14.7059    -0.349056      4.83846
0.0489992      14.7059    -0.261792      5.91308
0.0565978      14.7059    -0.174528     0.825993
0.0616979      14.7059   -0.0872639      1.60671
0.0634958      14.7059            0      2.37693
0.0616979      14.7059    0.0872639      6.24364
0.0565978      14.7059     0.174528       2.1422
0.0489992      14.7059     0.261792      5.65189
0.0400127      14.7059     0.349056       1.4921
0.0392149      14.4928    -0.349056      1.38227
0.0476749      14.4928    -0.261792      6.22693
0.0547843      14.4928    -0.174528      5.97579
0.0595366      14.4928   -0.0872639      4.00992
0.0612084      14.4928            0      3.16745
0.0595366      14.4928    0.0872639      2.25006
0.0547843      14.4928     0.174528      4.82818
0.0476749      14.4928     0.261792      4.92815
0.0392149      14.4928     0.349056     0.181692
0.0385419      14.2857    -0.349056     0.329488
0.0465344      14.2857    -0.261792      2.03204
0.0532118      14.2857    -0.174528      5.02443
0.057658      14.2857   -0.0872639      3.95973
0.0592191      14.2857            0      6.17492
0.057658      14.2857    0.0872639     0.994283
0.0532118      14.2857     0.174528      3.87458
0.0465344      14.2857     0.261792      1.93967
0.0385419      14.2857     0.349056     0.534548
0.0379431      14.0845    -0.349056      5.50912
0.0455116      14.0845    -0.261792      3.71138
0.0517997      14.0845    -0.174528      1.90452
0.0559711      14.0845   -0.0872639      1.05598
0.0574331      14.0845            0      2.13545
0.0559711      14.0845    0.0872639     0.423764
0.0517997      14.0845     0.174528      4.10588
0.0455116      14.0845     0.261792      1.53485
0.0379431      14.0845     0.349056        4.762
0.0373827      13.8889    -0.349056      1.87871
0.0445601      13.8889    -0.261792      2.63142
0.0504917      13.8889    -0.174528     0.350794
0.0544128      13.8889   -0.0872639      0.19387
0.0557846      13.8889            0      1.17228
0.0544128      13.8889    0.0872639       1.7021
0.0504917      13.8889     0.174528     0.416207
0.0445601      13.8889     0.261792      2.09534
0.0373827      13.8889     0.349056     0.313557
0.0368378      13.6986    -0.349056     0.636521
0.04365      13.6986    -0.261792     0.451558
0.0492513      13.6986    -0.174528      5.68306
0.0529417      13.6986   -0.0872639      1.95903
0.0542306      13.6986            0      3.71808
0.0529417      13.6986    0.0872639      2.37262
0.0492513      13.6986     0.174528      5.97868
0.04365      13.6986     0.261792      4.66447
0.0368378      13.6986     0.349056      5.57361
0.0362948      13.5135    -0.349056      3.76286
0.0427632      13.5135    -0.261792      4.33294
0.0480563      13.5135    -0.174528      2.45738
0.0515325      13.5135   -0.0872639      1.40283
0.0527447      13.5135            0     0.824707
0.0515325      13.5135    0.0872639      1.08368
0.0480563      13.5135     0.174528      5.89721
0.0427632      13.5135     0.261792      0.21665
0.0362948      13.5135     0.349056      5.52626
0.0357467      13.3333    -0.349056      3.28178
0.0418901      13.3333    -0.261792      5.07822
0.0468942      13.3333    -0.174528      2.81214
0.0501706      13.3333   -0.0872639       2.1773
0.0513113      13.3333            0      4.75718
0.0501706      13.3333    0.0872639      2.26322
0.0468942      13.3333     0.174528      3.49716
0.0418901      13.3333     0.261792      5.58384
0.0357467      13.3333     0.349056      5.27875
0.035191      13.1579    -0.349056      1.53322
0.0410264      13.1579    -0.261792      2.73699
0.0457588      13.1579    -0.174528       5.2058
0.0488483      13.1579   -0.0872639     0.959435
0.0499224      13.1579            0      4.76222
0.0488483      13.1579    0.0872639       5.5071
0.0457588      13.1579     0.174528      3.15484
0.0410264      13.1579     0.261792      3.58299
0.035191      13.1579     0.349056      5.34986
0.0346273       12.987    -0.349056      6.18651
0.0401705       12.987    -0.261792      4.96491
0.0446472       12.987    -0.174528      2.20334
0.0475617       12.987   -0.0872639      3.15347
0.0485735       12.987            0       1.6035
0.0475617       12.987    0.0872639      3.20352
0.0446472       12.987     0.174528     0.493969
0.0401705       12.987     0.261792     0.351215
0.0346273       12.987     0.349056      3.98963
0.0340567      12.8205    -0.349056        3.876
0.0393228      12.8205    -0.261792     0.511898
0.0435587      12.8205    -0.174528      3.82962
0.046309      12.8205   -0.0872639      3.42217
0.0472626      12.8205            0      5.37776
0.046309      12.8205    0.0872639      4.03802
0.0435587      12.8205     0.174528      1.70667
0.0393228      12.8205     0.261792     0.670714
0.0340567      12.8205     0.349056     0.380206
0.0334809      12.6582    -0.349056      3.90729
0.0384841      12.6582    -0.261792      4.39226
0.0424932      12.6582    -0.174528      1.72745
0.0450896      12.6582   -0.0872639      2.65123
0.0459887      12.6582            0      2.29846
0.0450896      12.6582    0.0872639     0.516203
0.0424932      12.6582     0.174528     0.438364
0.0384841      12.6582     0.261792     0.759549
0.0334809      12.6582     0.349056      4.25895
0.0329017         12.5    -0.349056      1.37558
0.0376557         12.5    -0.261792      1.49083
0.0414511         12.5    -0.174528    0.0542513
0.0439032         12.5   -0.0872639      4.56844
0.0447513         12.5            0      3.52498
0.0439032         12.5    0.0872639      3.46804
0.0414511         12.5     0.174528      4.66358
0.0376557         12.5     0.261792      5.18117
0.0329017         12.5     0.349056       2.4717
0.0323209      12.3457    -0.349056     0.854134
0.0368387      12.3457    -0.261792      1.22985
0.0404328      12.3457    -0.174528      4.52564
0.0427494      12.3457   -0.0872639      4.20732
0.0435498      12.3457            0     0.376035
0.0427494      12.3457    0.0872639      2.41441
0.0404328      12.3457     0.174528      3.08644
0.0368387      12.3457     0.261792      4.86406
0.0323209      12.3457     0.349056     0.928697
0.0317402      12.1951    -0.349056      3.05061
0.0360341      12.1951    -0.261792     0.451339
0.0394387      12.1951    -0.174528      4.94751
0.0416282      12.1951   -0.0872639      2.47382
0.0423838      12.1951            0       1.4838
0.0416282      12.1951    0.0872639     0.506207
0.0394387      12.1951     0.174528     0.496387
0.0360341      12.1951     0.261792      5.82703
0.0317402      12.1951     0.349056      1.28623
0.0311611      12.0482    -0.349056       6.0102
0.0352429      12.0482    -0.261792       2.1346
0.0384689      12.0482    -0.174528      6.03147
0.0405392      12.0482   -0.0872639      2.15599
0.0412528      12.0482            0     0.398486
0.0405392      12.0482    0.0872639      3.84817
0.0384689      12.0482     0.174528      3.49092
0.0352429      12.0482     0.261792      5.69523
0.0311611      12.0482     0.349056       1.2643
0.0305848      11.9048    -0.349056      4.94908
0.0344658      11.9048    -0.261792      2.18472
0.0375236      11.9048    -0.174528      6.10802
0.0394819      11.9048   -0.0872639      5.25292
0.0401562      11.9048            0      4.47227
0.0394819      11.9048    0.0872639      1.35021
0.0375236      11.9048     0.174528    0.0970576
0.0344658      11.9048     0.261792       1.3197
0.0305848      11.9048     0.349056      3.37063
0.0300126      11.7647    -0.349056     0.681442
0.0337034      11.7647    -0.261792      5.36418
0.0366027      11.7647    -0.174528      5.72288
0.0384559      11.7647   -0.0872639       2.0968
0.0390934      11.7647            0      2.94763
0.0384559      11.7647    0.0872639     0.018201
0.0366027      11.7647     0.174528      1.95344
0.0337034      11.7647     0.261792      3.04865
0.0300126      11.7647     0.349056      1.64719
0.0294454      11.6279    -0.349056      4.29199
0.0329561      11.6279    -0.261792      5.72498
0.0357062      11.6279    -0.174528      3.58446
0.0374606      11.6279   -0.0872639      1.66674
0.0380636      11.6279            0      5.83359
0.0374606      11.6279    0.0872639      0.40365
0.0357062      11.6279     0.174528      3.93505
0.0329561      11.6279     0.261792      5.95804
0.0294454      11.6279     0.349056       3.2445
0.0288842      11.4943    -0.349056      6.01097
0.0322243      11.4943    -0.261792      1.70911
0.0348337      11.4943    -0.174528      3.31108
0.0364954      11.4943   -0.0872639      5.72502
0.037066      11.4943            0      1.34887
0.0364954      11.4943    0.0872639      5.19469
0.0348337      11.4943     0.174528     0.869113
0.0322243      11.4943     0.261792      2.75039
0.0288842      11.4943     0.349056       5.4994
0.0283295      11.3636    -0.349056      4.42519
0.0315083      11.3636    -0.261792      3.12279
0.0339851      11.3636    -0.174528       3.8301
0.0355596      11.3636   -0.0872639     0.488996
0.0360997      11.3636            0      1.51692
0.0355596      11.3636    0.0872639     0.162002
0.0339851      11.3636     0.174528      5.31841
0.0315083      11.3636     0.261792    0.0933829
0.0283295      11.3636     0.349056      3.45826
0.0277822       11.236    -0.349056     0.751894
0.0308081       11.236    -0.261792      3.69408
0.0331599       11.236    -0.174528      3.90935
0.0346524       11.236   -0.0872639      4.69351
0.035164       11.236            0      1.94728
0.0346524       11.236    0.0872639       5.7584
0.0331599       11.236     0.174528      4.91498
0.0308081       11.236     0.261792     0.634877
0.0277822       11.236     0.349056      1.76618
0.0272426      11.1111    -0.349056      5.70186
0.0301239      11.1111    -0.261792     0.697961
0.0323578      11.1111    -0.174528      4.96244
0.0337732      11.1111   -0.0872639     0.642622
0.034258      11.1111            0      4.82499
0.0337732      11.1111    0.0872639      4.15969
0.0323578      11.1111     0.174528      4.85737
0.0301239      11.1111     0.261792      5.85564
0.0272426      11.1111     0.349056      1.11136
0.0267113       10.989    -0.349056      0.12831
0.0294556       10.989    -0.261792      5.23775
0.0315783       10.989    -0.174528      2.97308
0.0329212       10.989   -0.0872639     0.682625
0.0333808       10.989            0     0.559529
0.0329212       10.989    0.0872639     0.723359
0.0315783       10.989     0.174528      1.05537
0.0294556       10.989     0.261792      6.11028
0.0267113       10.989     0.349056      1.79696
0.0261885      10.8696    -0.349056      3.76367
0.0288031      10.8696    -0.261792      5.35443
0.0308209      10.8696    -0.174528      1.53798
0.0320956      10.8696   -0.0872639       4.5688
0.0325315      10.8696            0      2.51817
0.0320956      10.8696    0.0872639       1.9515
0.0308209      10.8696     0.174528      4.10782
0.0288031      10.8696     0.261792      2.46184
0.0261885      10.8696     0.349056     0.749788
0.0256746      10.7527    -0.349056      6.14816
0.0281663      10.7527    -0.261792      3.25618
0.0300852      10.7527    -0.174528      3.19031
0.0312956      10.7527   -0.0872639      2.04211
0.0317092      10.7527            0      1.23946
0.0312956      10.7527    0.0872639      5.42156
0.0300852      10.7527     0.174528      1.68302
0.0281663      10.7527     0.261792      3.38453
0.0256746      10.7527     0.349056      3.46486
0.0251698      10.6383    -0.349056      6.05214
0.0275452      10.6383    -0.261792      1.69374
0.0293706      10.6383    -0.174528       1.6695
0.0305204      10.6383   -0.0872639      1.94767
0.0309131      10.6383            0       3.5015
0.0305204      10.6383    0.0872639      2.37616
0.0293706      10.6383     0.174528      1.54414
0.0275452      10.6383     0.261792      4.24843
0.0251698      10.6383     0.349056      1.64171
0.0246743      10.5263    -0.349056      6.04102
0.0269394      10.5263    -0.261792      3.12627
0.0286766      10.5263    -0.174528      2.68769
0.0297694      10.5263   -0.0872639      3.56744
0.0301424      10.5263            0      3.85172
0.0297694      10.5263    0.0872639      5.07034
0.0286766      10.5263     0.174528      5.53396
0.0269394      10.5263     0.261792      1.00514
0.0246743      10.5263     0.349056     0.560299
0.0241882      10.4167    -0.349056      1.96742
0.0263488      10.4167    -0.261792        3.816
0.0280027      10.4167    -0.174528      2.37961
0.0290417      10.4167   -0.0872639      5.81519
0.0293961      10.4167            0     0.358216
0.0290417      10.4167    0.0872639       6.2454
0.0280027      10.4167     0.174528       4.1905
0.0263488      10.4167     0.261792      3.87755
0.0241882      10.4167     0.349056     0.929166
0.0237116      10.3093    -0.349056     0.182183
0.0257731      10.3093    -0.261792      3.59683
0.0273482      10.3093    -0.174528     0.188374
0.0283366      10.3093   -0.0872639      4.47057
0.0286735      10.3093            0       1.3448
0.0283366      10.3093    0.0872639      1.60334
0.0273482      10.3093     0.174528      6.02284
0.0257731      10.3093     0.261792      1.14282
0.0237116      10.3093     0.349056       5.0167
0.0232444      10.2041    -0.349056     0.251588
0.0252121      10.2041    -0.261792      1.94245
0.0267128      10.2041    -0.174528      6.07624
0.0276533      10.2041   -0.0872639       1.6775
0.0279737      10.2041            0     0.765744
0.0276533      10.2041    0.0872639      3.81615
0.0267128      10.2041     0.174528      4.05475
0.0252121      10.2041     0.261792      5.49401
0.0232444      10.2041     0.349056      5.63792
0.0227868       10.101    -0.349056     0.334115
0.0246654       10.101    -0.261792      4.77202
0.0260958       10.101    -0.174528      5.39649
0.0269911       10.101   -0.0872639      3.02667
0.027296       10.101            0     0.471831
0.0269911       10.101    0.0872639     0.570001
0.0260958       10.101     0.174528      1.25796
0.0246654       10.101     0.261792      4.88998
0.0227868       10.101     0.349056      2.55894
0.0223387           10    -0.349056       5.1963
0.0241329           10    -0.261792     0.929683
0.0254966           10    -0.174528       4.6049
0.0263494           10   -0.0872639      0.94177
0.0266396           10            0      5.26786
0.0263494           10    0.0872639      3.42654
0.0254966           10     0.174528      6.03902
0.0241329           10     0.261792     0.474337
0.0223387           10     0.349056      5.86728
0.0219       9.901    -0.34906      2.2583
0.023614       9.901    -0.26179     0.42052
0.024915       9.901    -0.17453       6.069
0.025727       9.901   -0.087264      4.0805
0.026004       9.901           0      2.6427
0.025727       9.901    0.087264      3.7474
0.024915       9.901     0.17453      2.1808
0.023614       9.901     0.26179      1.3673
0.0219       9.901     0.34906     0.23776
0.021471      9.8039    -0.34906     0.96397
0.023109      9.8039    -0.26179       2.346
0.02435      9.8039    -0.17453       5.509
0.025124      9.8039   -0.087264      2.7717
0.025388      9.8039           0      4.0071
0.025124      9.8039    0.087264      2.4366
0.02435      9.8039     0.17453      5.2601
0.023109      9.8039     0.26179      4.8148
0.021471      9.8039     0.34906     0.78905
0.021051      9.7087    -0.34906     0.58219
0.022617      9.7087    -0.26179      4.1488
0.023801      9.7087    -0.17453      2.3729
0.02454      9.7087   -0.087264     0.67726
0.024791      9.7087           0      3.9194
0.02454      9.7087    0.087264      3.9055
0.023801      9.7087     0.17453      5.7278
0.022617      9.7087     0.26179      3.8083
0.021051      9.7087     0.34906      3.0494
0.02064      9.6154    -0.34906      3.6237
0.022137      9.6154    -0.26179      6.1705
0.023269      9.6154    -0.17453      3.2582
0.023973      9.6154   -0.087264      2.1909
0.024212      9.6154           0      6.1754
0.023973      9.6154    0.087264      6.2328
0.023269      9.6154     0.17453      5.6306
0.022137      9.6154     0.26179      4.6593
0.02064      9.6154     0.34906      4.1765
0.020238      9.5238    -0.34906      4.6077
0.021671      9.5238    -0.26179      2.7389
0.022751      9.5238    -0.17453      2.5109
0.023423      9.5238   -0.087264       1.369
0.023652      9.5238           0      5.5393
0.023423      9.5238    0.087264       5.919
0.022751      9.5238     0.17453      5.9623
0.021671      9.5238     0.26179     0.66878
0.020238      9.5238     0.34906     0.36426
0.019845       9.434    -0.34906      1.0287
0.021216       9.434    -0.26179      3.3141
0.022249       9.434    -0.17453     0.43823
0.02289       9.434   -0.087264    0.063746
0.023108       9.434           0     0.57603
0.02289       9.434    0.087264      3.8165
0.022249       9.434     0.17453     0.35239
0.021216       9.434     0.26179      4.1348
0.019845       9.434     0.34906      3.6179
0.019461      9.3458    -0.34906     0.46391
0.020773      9.3458    -0.26179      1.5178
0.02176      9.3458    -0.17453      2.2066
0.022373      9.3458   -0.087264      0.7963
0.022581      9.3458           0      4.6457
0.022373      9.3458    0.087264      2.8002
0.02176      9.3458     0.17453     0.11065
0.020773      9.3458     0.26179      4.2832
0.019461      9.3458     0.34906      5.5343
0.019086      9.2593    -0.34906      0.8785
0.020342      9.2593    -0.26179      5.0946
0.021286      9.2593    -0.17453      1.5887
0.021872      9.2593   -0.087264     0.15322
0.02207      9.2593           0      3.3345
0.021872      9.2593    0.087264      5.8737
0.021286      9.2593     0.17453      4.8337
0.020342      9.2593     0.26179      2.5431
0.019086      9.2593     0.34906        4.51
0.018719      9.1743    -0.34906      3.0242
0.019922      9.1743    -0.26179      2.7719
0.020825      9.1743    -0.17453      5.9209
0.021385      9.1743   -0.087264      3.6365
0.021575      9.1743           0      4.9234
0.021385      9.1743    0.087264      4.4911
0.020825      9.1743     0.17453     0.89323
0.019922      9.1743     0.26179      4.3536
0.018719      9.1743     0.34906      2.4733
0.018361      9.0909    -0.34906     0.80277
0.019514      9.0909    -0.26179      4.0268
0.020377      9.0909    -0.17453      3.1258
0.020913      9.0909   -0.087264     0.40194
0.021094      9.0909           0      3.2894
0.020913      9.0909    0.087264      1.9763
0.020377      9.0909     0.17453      5.3713
0.019514      9.0909     0.26179    0.056642
0.018361      9.0909     0.34906      1.2728
0.018011       9.009    -0.34906      5.5328
0.019115       9.009    -0.26179        1.37
0.019942       9.009    -0.17453       1.996
0.020454       9.009   -0.087264      2.1611
0.020627       9.009           0      5.0269
0.020454       9.009    0.087264      3.5881
0.019942       9.009     0.17453      5.1096
0.019115       9.009     0.26179     0.54147
0.018011       9.009     0.34906      1.2072
0.017669      8.9286    -0.34906      3.9552
0.018728      8.9286    -0.26179     0.40125
0.019519      8.9286    -0.17453       4.668
0.020009      8.9286   -0.087264      3.7911
0.020175      8.9286           0      5.0166
0.020009      8.9286    0.087264       1.009
0.019519      8.9286     0.17453      4.6364
0.018728      8.9286     0.26179      4.7565
0.017669      8.9286     0.34906      5.5373
0.017335      8.8496    -0.34906      2.6969
0.01835      8.8496    -0.26179       1.178
0.019108      8.8496    -0.17453      1.9039
0.019577      8.8496   -0.087264      2.0153
0.019736      8.8496           0      2.7771
0.019577      8.8496    0.087264      2.2737
0.019108      8.8496     0.17453      3.9306
0.01835      8.8496     0.26179      5.8986
0.017335      8.8496     0.34906      1.8026
0.017008      8.7719    -0.34906      1.5368
0.017982      8.7719    -0.26179      5.7857
0.018708      8.7719    -0.17453      5.8194
0.019157      8.7719   -0.087264      1.9474
0.019309      8.7719           0     0.48049
0.019157      8.7719    0.087264      4.9063
0.018708      8.7719     0.17453     0.82147
0.017982      8.7719     0.26179      2.8995
0.017008      8.7719     0.34906      2.7656
0.016689      8.6957    -0.34906      3.8012
0.017623      8.6957    -0.26179     0.79807
0.01832      8.6957    -0.17453      3.7638
0.01875      8.6957   -0.087264     0.83015
0.018895      8.6957           0     0.72466
0.01875      8.6957    0.087264      2.7713
0.01832      8.6957     0.17453      1.7033
0.017623      8.6957     0.26179      5.9318
0.016689      8.6957     0.34906      3.2461
0.016377      8.6207    -0.34906      2.7978
0.017274      8.6207    -0.26179      1.9389
0.017942      8.6207    -0.17453      2.9505
0.018354      8.6207   -0.087264      4.8972
0.018493      8.6207           0      1.0607
0.018354      8.6207    0.087264     0.14106
0.017942      8.6207     0.17453      4.4529
0.017274      8.6207     0.26179      3.8022
0.016377      8.6207     0.34906      2.5992
0.016073       8.547    -0.34906      5.7475
0.016934       8.547    -0.26179      2.9981
0.017574       8.547    -0.17453      5.7566
0.017969       8.547   -0.087264      3.1221
0.018103       8.547           0      5.8278
0.017969       8.547    0.087264       4.421
0.017574       8.547     0.17453      4.3644
0.016934       8.547     0.26179    0.028862
0.016073       8.547     0.34906      3.3942
0.015776      8.4746    -0.34906      2.5947
0.016602      8.4746    -0.26179      3.9465
0.017217      8.4746    -0.17453       3.415
0.017595      8.4746   -0.087264      1.3571
0.017723      8.4746           0      3.4689
0.017595      8.4746    0.087264      5.4207
0.017217      8.4746     0.17453    0.031034
0.016602      8.4746     0.26179      0.7859
0.015776      8.4746     0.34906      4.8698
0.015485      8.4034    -0.34906     0.12809
0.016279      8.4034    -0.26179     0.89616
0.016869      8.4034    -0.17453      2.0131
0.017232      8.4034   -0.087264      5.6845
0.017355      8.4034           0      3.8587
0.017232      8.4034    0.087264    0.099887
0.016869      8.4034     0.17453      1.9565
0.016279      8.4034     0.26179      1.2112
0.015485      8.4034     0.34906      1.7308
0.015201      8.3333    -0.34906     0.16782
0.015964      8.3333    -0.26179      5.2189
0.01653      8.3333    -0.17453       4.802
0.016879      8.3333   -0.087264       4.531
0.016996      8.3333           0      5.1691
0.016879      8.3333    0.087264      4.8036
0.01653      8.3333     0.17453     0.75752
0.015964      8.3333     0.26179      2.4148
0.015201      8.3333     0.34906     0.17544
0.014924      8.2645    -0.34906   0.0081961
0.015657      8.2645    -0.26179    0.043968
0.016201      8.2645    -0.17453      1.0542
0.016535      8.2645   -0.087264     0.94519
0.016648      8.2645           0      3.2388
0.016535      8.2645    0.087264      2.6318
0.016201      8.2645     0.17453      3.7309
0.015657      8.2645     0.26179      1.7403
0.014924      8.2645     0.34906      3.7247
0.014653      8.1967    -0.34906      3.6764
0.015358      8.1967    -0.26179     0.76395
0.01588      8.1967    -0.17453      0.4938
0.016201      8.1967   -0.087264     0.20147
0.01631      8.1967           0      1.0566
0.016201      8.1967    0.087264      3.2934
0.01588      8.1967     0.17453      5.2863
0.015358      8.1967     0.26179      1.9252
0.014653      8.1967     0.34906      1.2011
0.014389      8.1301    -0.34906     0.40915
0.015067      8.1301    -0.26179      5.9438
0.015568      8.1301    -0.17453      1.5379
0.015877      8.1301   -0.087264      3.9294
0.015981      8.1301           0      1.2985
0.015877      8.1301    0.087264      1.5189
0.015568      8.1301     0.17453      4.6709
0.015067      8.1301     0.26179     0.98017
0.014389      8.1301     0.34906       5.172
0.01413      8.0645    -0.34906     0.59051
0.014782      8.0645    -0.26179      6.1561
0.015265      8.0645    -0.17453      4.1042
0.015561      8.0645   -0.087264      1.7851
0.015661      8.0645           0      5.4488
0.015561      8.0645    0.087264     0.18937
0.015265      8.0645     0.17453       4.781
0.014782      8.0645     0.26179      5.6307
0.01413      8.0645     0.34906      3.8884
0.013878           8    -0.34906      4.5284
0.014505           8    -0.26179      2.9144
0.014969           8    -0.17453      4.7681
0.015253           8   -0.087264    0.044873
0.015349           8           0      1.2157
0.015253           8    0.087264     0.57459
0.014969           8     0.17453      1.0551
0.014505           8     0.26179      5.9201
0.013878           8     0.34906       5.337
0.013631      7.9365    -0.34906     0.86255
0.014235      7.9365    -0.26179      4.1513
0.014681      7.9365    -0.17453     0.24183
0.014954      7.9365   -0.087264     0.93091
0.015046      7.9365           0      1.1609
0.014954      7.9365    0.087264      4.0548
0.014681      7.9365     0.17453      5.3817
0.014235      7.9365     0.26179      5.3618
0.013631      7.9365     0.34906       3.104
0.01339       7.874    -0.34906      4.9063
0.013971       7.874    -0.26179      1.7256
0.0144       7.874    -0.17453       6.078
0.014663       7.874   -0.087264      6.2235
0.014752       7.874           0     0.53059
0.014663       7.874    0.087264      2.0721
0.0144       7.874     0.17453      1.6857
0.013971       7.874     0.26179      1.3566
0.01339       7.874     0.34906      4.8192
0.013154      7.8125    -0.34906      2.2936
0.013714      7.8125    -0.26179     0.96769
0.014127      7.8125    -0.17453      1.0368
0.01438      7.8125   -0.087264       5.613
0.014465      7.8125           0      5.9424
0.01438      7.8125    0.087264      3.2512
0.014127      7.8125     0.17453     0.11544
0.013714      7.8125     0.26179      2.6345
0.013154      7.8125     0.34906     0.76706
