
[NumberOfWaves] 294
=================================
7.326234e-05      214.2857             0     0.9162786
7.508267e-05      214.2857             0      1.173933
7.674658e-05      214.2857             0      1.493497
7.824285e-05      214.2857             0      5.778003
7.956129e-05      214.2857             0      0.513072
8.069284e-05      214.2857             0      4.372431
8.162965e-05      214.2857             0      1.185497
8.236519e-05      214.2857             0      5.133652
8.28943e-05      214.2857             0      2.038086
8.321327e-05      214.2857             0      5.028924
8.331985e-05      214.2857             0      5.126541
8.321327e-05      214.2857             0      1.991991
8.28943e-05      214.2857             0      1.277221
8.236519e-05      214.2857             0      1.014573
8.162965e-05      214.2857             0      5.726088
8.069284e-05      214.2857             0      4.443824
7.956129e-05      214.2857             0     0.7582213
7.824285e-05      214.2857             0      4.023524
7.674658e-05      214.2857             0     0.9358521
7.508267e-05      214.2857             0     0.5120709
7.326234e-05      214.2857             0      4.679498
0.000143344         187.5             0      1.212057
0.0001503699         187.5             0    0.00444453
0.0001569352         187.5             0     0.1359117
0.0001629557         187.5             0      2.527009
0.0001683521         187.5             0      3.713942
0.0001730518         187.5             0     0.2961402
0.0001769904         187.5             0    0.01990098
0.0001801131         187.5             0      3.621385
0.0001823758         187.5             0      2.202479
0.0001837465         187.5             0      1.019743
0.0001842056         187.5             0      3.915826
0.0001837465         187.5             0      3.462185
0.0001823758         187.5             0      5.336922
0.0001801131         187.5             0      2.521963
0.0001769904         187.5             0     0.3394185
0.0001730518         187.5             0      6.271336
0.0001683521         187.5             0     0.2717879
0.0001629557         187.5             0     0.7914988
0.0001569352         187.5             0      2.878398
0.0001503699         187.5             0         5.041
0.000143344         187.5             0      2.536748
0.000201897      166.6667             0      4.742277
0.000220079      166.6667             0       2.13498
0.0002376968      166.6667             0      2.160998
0.0002543813      166.6667             0      3.846058
0.0002697629      166.6667             0      5.909837
0.000283485      166.6667             0      1.113087
0.0002952177      166.6667             0     0.7386266
0.0003046699      166.6667             0      2.882143
0.000311602      166.6667             0      6.134623
0.000315835      166.6667             0      4.985577
0.0003172584      166.6667             0     0.9867045
0.000315835      166.6667             0      4.963743
0.000311602      166.6667             0      4.506104
0.0003046699      166.6667             0      1.920052
0.0002952177      166.6667             0     0.9020876
0.000283485      166.6667             0      6.238355
0.0002697629      166.6667             0      4.857252
0.0002543813      166.6667             0      3.224664
0.0002376968      166.6667             0      2.376171
0.000220079      166.6667             0      1.673218
0.000201897      166.6667             0      3.749842
0.000249657           150             0     0.6778417
0.0002889106           150             0      4.294057
0.0003291565           150             0      1.295803
0.0003692294           150             0      5.581749
0.0004078267           150             0      3.886617
0.0004435753           150             0      0.224007
0.0004751096           150             0      5.336937
0.0005011563           150             0     0.8790567
0.0005206188           150             0      1.449644
0.0005326523           150             0      2.359882
0.0005367242           150             0      1.276045
0.0005326523           150             0      4.193049
0.0005206188           150             0     0.7870815
0.0005011563           150             0      5.261108
0.0004751096           150             0      4.415697
0.0004435753           150             0       1.84772
0.0004078267           150             0      4.731082
0.0003692294           150             0      5.250382
0.0003291565           150             0      1.706773
0.0002889106           150             0      3.297156
0.000249657           150             0    0.06277678
0.0002059882      136.3636             0      4.663687
0.0002311086      136.3636             0      6.078503
0.000256122      136.3636             0      6.132805
0.00028039      136.3636             0      4.168819
0.0003032405      136.3636             0      2.637289
0.0003239979      136.3636             0    0.05324607
0.0003420148      136.3636             0      2.280371
0.0003567057      136.3636             0      4.333035
0.0003675772      136.3636             0      2.542336
0.0003742558      136.3636             0      1.488176
0.0003765083      136.3636             0      6.011225
0.0003742558      136.3636             0      1.549058
0.0003675772      136.3636             0     0.2392003
0.0003567057      136.3636             0      1.654351
0.0003420148      136.3636             0      5.070823
0.0003239979      136.3636             0      5.005122
0.0003032405      136.3636             0     0.7968975
0.00028039      136.3636             0     0.8062051
0.000256122      136.3636             0     0.4097821
0.0002311086      136.3636             0      5.214671
0.0002059882      136.3636             0      3.685635
0.0001561861           125             0      2.131928
0.0001713352           125             0      4.760607
0.0001861025           125             0      4.260639
0.0002001621           125             0      1.698855
0.0002131841           125             0      3.855653
0.0002248476           125             0      2.992003
0.0002348532           125             0      1.261493
0.0002429354           125             0      3.697516
0.0002488745           125             0      5.402502
0.0002525059           125             0      4.646821
0.0002537278           125             0      5.330455
0.0002525059           125             0      3.233123
0.0002488745           125             0      2.143147
0.0002429354           125             0      1.138474
0.0002348532           125             0     0.5141353
0.0002248476           125             0      2.909465
0.0002131841           125             0     0.5739437
0.0002001621           125             0      3.703959
0.0001861025           125             0      5.279847
0.0001713352           125             0     0.2547907
0.0001561861           125             0      2.418012
0.0001409696      115.3846             0      3.329398
0.0001520682      115.3846             0      4.073544
0.0001627167      115.3846             0      0.686442
0.0001727132      115.3846             0      4.760867
0.0001818588      115.3846             0      2.475884
0.0001899645      115.3846             0     0.2218905
0.0001968573      115.3846             0     0.3931536
0.0002023862      115.3846             0    0.06277207
0.0002064277      115.3846             0      3.618416
0.0002088903      115.3846             0       4.78329
0.0002097175      115.3846             0     0.5470096
0.0002088903      115.3846             0     0.3952657
0.0002064277      115.3846             0      4.021975
0.0002023862      115.3846             0      5.685385
0.0001968573      115.3846             0      2.576182
0.0001899645      115.3846             0      4.911378
0.0001818588      115.3846             0      3.179161
0.0001727132      115.3846             0      1.648699
0.0001627167      115.3846             0      2.382513
0.0001520682      115.3846             0      2.968979
0.0001409696      115.3846             0      4.522337
0.0001296083      107.1429             0       3.64082
0.0001380319      107.1429             0      2.937716
0.0001460166      107.1429             0       1.62577
0.0001534322      107.1429             0      4.042203
0.0001601532      107.1429             0      0.240612
0.0001660622      107.1429             0     0.3809914
0.0001710535      107.1429             0      4.647253
0.0001750358      107.1429             0     0.1371044
0.0001779352      107.1429             0      4.078342
0.0001796971      107.1429             0      5.579588
0.0001802882      107.1429             0      5.653427
0.0001796971      107.1429             0      1.847713
0.0001779352      107.1429             0      5.106729
0.0001750358      107.1429             0      3.565568
0.0001710535      107.1429             0      5.862332
0.0001660622      107.1429             0      5.017041
0.0001601532      107.1429             0       1.73833
0.0001534322      107.1429             0      6.273196
0.0001460166      107.1429             0       4.56631
0.0001380319      107.1429             0      1.800775
0.0001296083      107.1429             0      3.716721
0.0001176312           100             0      4.706684
0.0001240329           100             0      2.828834
0.000130044           100             0     0.2582462
0.0001355802           100             0      6.004612
0.0001405612           100             0      3.035357
0.0001449132           100             0     0.5227694
0.0001485701           100             0     0.3343387
0.0001514757           100             0      3.963848
0.0001535846           100             0      1.915477
0.0001548634           100             0      4.650853
0.000155292           100             0      3.536905
0.0001548634           100             0       4.47643
0.0001535846           100             0      4.056713
0.0001514757           100             0      1.927955
0.0001485701           100             0      3.415312
0.0001449132           100             0      5.010733
0.0001405612           100             0      4.260318
0.0001355802           100             0      6.119032
0.000130044           100             0      4.148313
0.0001240329           100             0      1.549085
0.0001176312           100             0      2.832387
0.000105919        93.75            0      1.58295
0.000110805        93.75            0      4.77821
0.000115359        93.75            0      3.28105
0.000119525        93.75            0     0.682422
0.000123252        93.75            0      4.31202
0.000126492        93.75            0      4.16283
0.000129204        93.75            0      5.69079
0.000131351        93.75            0      3.07745
0.000132905        93.75            0      2.91117
0.000133847        93.75            0      4.16825
0.000134162        93.75            0      5.89037
0.000133847        93.75            0       2.0537
0.000132905        93.75            0     0.145844
0.000131351        93.75            0      4.85728
0.000129204        93.75            0     0.533237
0.000126492        93.75            0      3.36548
0.000123252        93.75            0      5.01613
0.000119525        93.75            0      3.44009
0.000115359        93.75            0      5.04414
0.000110805        93.75            0      1.98277
0.000105919        93.75            0      2.49121
9.5032e-05      88.2353            0      2.95717
9.87871e-05      88.2353            0      1.65889
0.000102266      88.2353            0      4.88401
0.000105432      88.2353            0      3.10436
0.000108251      88.2353            0       3.9389
0.000110692      88.2353            0      3.21841
0.000112728      88.2353            0      5.30589
0.000114336      88.2353            0      5.03269
0.000115498      88.2353            0      3.11431
0.000116201      88.2353            0      5.44822
0.000116436      88.2353            0      3.12335
0.000116201      88.2353            0      6.04298
0.000115498      88.2353            0      0.45761
0.000114336      88.2353            0      2.37137
0.000112728      88.2353            0      3.71277
0.000110692      88.2353            0      1.35619
0.000108251      88.2353            0      4.25005
0.000105432      88.2353            0      4.19144
0.000102266      88.2353            0      4.74306
9.87871e-05      88.2353            0      4.90853
9.5032e-05      88.2353            0      3.86932
8.51836e-05      83.3333            0      5.08866
8.80938e-05      83.3333            0       1.8226
9.07769e-05      83.3333            0      1.63485
9.3208e-05      83.3333            0     0.378526
9.53645e-05      83.3333            0      4.53587
9.72258e-05      83.3333            0      2.80257
9.87741e-05      83.3333            0     0.778329
9.99943e-05      83.3333            0      4.45162
0.000100875      83.3333            0      6.16941
0.000101406      83.3333            0      2.75932
0.000101584      83.3333            0      1.07867
0.000101406      83.3333            0    0.0500141
0.000100875      83.3333            0      1.74163
9.99943e-05      83.3333            0      2.80972
9.87741e-05      83.3333            0     0.253318
9.72258e-05      83.3333            0     0.358535
9.53645e-05      83.3333            0     0.275742
9.3208e-05      83.3333            0      4.11769
9.07769e-05      83.3333            0     0.197572
8.80938e-05      83.3333            0      5.41113
8.51836e-05      83.3333            0      1.23206
7.64082e-05      78.9474            0      1.45132
7.86837e-05      78.9474            0     0.588518
8.07732e-05      78.9474            0      5.75212
8.26597e-05      78.9474            0      1.02321
8.43279e-05      78.9474            0      2.22072
8.5764e-05      78.9474            0     0.511583
8.69558e-05      78.9474            0      3.74833
8.78936e-05      78.9474            0      2.42717
8.85691e-05      78.9474            0      2.96015
8.89768e-05      78.9474            0      6.19941
8.9113e-05      78.9474            0      1.02885
8.89768e-05      78.9474            0      5.93584
8.85691e-05      78.9474            0      2.90307
8.78936e-05      78.9474            0      5.91948
8.69558e-05      78.9474            0      2.07655
8.5764e-05      78.9474            0      5.58521
8.43279e-05      78.9474            0     0.199838
8.26597e-05      78.9474            0      4.47447
8.07732e-05      78.9474            0      5.37903
7.86837e-05      78.9474            0      1.81665
7.64082e-05      78.9474            0      3.89849
6.86514e-05           75            0      6.15913
7.04467e-05           75            0      3.18901
7.20897e-05           75            0      5.09918
7.35687e-05           75            0      4.32969
7.48732e-05           75            0     0.230225
7.59937e-05           75            0     0.707965
7.69219e-05           75            0      6.20106
7.76511e-05           75            0      1.63118
7.81758e-05           75            0     0.450904
7.84923e-05           75            0     0.100135
7.8598e-05           75            0      3.13679
7.84923e-05           75            0      1.33728
7.81758e-05           75            0      5.04352
7.76511e-05           75            0      3.57811
7.69219e-05           75            0      2.07222
7.59937e-05           75            0      3.24311
7.48732e-05           75            0      2.59734
7.35687e-05           75            0      3.41165
7.20897e-05           75            0      6.09117
7.04467e-05           75            0     0.470217
6.86514e-05           75            0      0.29656
