
[NumberOfWaves] 990
=================================
0.00647705      22.2222      1.24697      4.20537
0.00678913      22.2222      1.57075      3.96944
0.00702031      22.2222      1.57075      3.11068
0.00716241      22.2222      1.57075      3.65513
0.00721035      22.2222      1.89453      4.33107
0.00716241      22.2222      1.89453      1.15578
0.00702031      22.2222      1.89453      4.20745
0.00678913      22.2222      1.89453      4.64107
0.00647705      22.2222      2.26046       0.5575
0.00783875      21.7391      1.25431      2.17163
0.00826148      21.7391      1.57075      3.04263
0.00857608      21.7391      1.57075      5.19124
0.00877006      21.7391      1.57075      5.07753
0.00883561      21.7391      1.88719      2.44454
0.00877006      21.7391      1.88719      4.76697
0.00857608      21.7391      1.88719      3.39681
0.00826148      21.7391      1.88719      3.24575
0.00783875      21.7391      2.24252      3.23613
0.00924665      21.2766      1.26133      5.67344
0.00980358      21.2766      1.57075       3.1236
0.0102202      21.2766      1.57075      0.87377
0.0104779      21.2766      1.57075      5.98859
0.0105652      21.2766      1.88017    0.0899468
0.0104779      21.2766      1.88017      3.74798
0.0102202      21.2766      1.88017      3.15478
0.00980358      21.2766      1.88017      2.18026
0.00924665      21.2766      2.22557      0.25202
0.0106643      20.8333      1.26805      1.21862
0.0113803      20.8333      1.57075      1.79989
0.0119188      20.8333      1.57075    0.0457853
0.0122532      20.8333      1.57075      5.35319
0.0123666      20.8333      1.87345      2.25117
0.0122532      20.8333      1.87345      1.31854
0.0119188      20.8333      1.87345      5.41389
0.0113803      20.8333      1.87345      3.85971
0.0106643      20.8333      2.20952      2.87829
0.0120576      20.4082      1.27448      3.17613
0.0129582      20.4082      1.57075      3.43942
0.0136397      20.4082      1.57075     0.890963
0.0140646      20.4082      1.57075     0.507566
0.014209      20.4082      1.86702      4.06296
0.0140646      20.4082      1.86702       4.4209
0.0136397      20.4082      1.86702     0.493311
0.0129582      20.4082      1.86702      1.39861
0.0120576      20.4082      2.19429       5.2767
0.0133969           20      1.28065      4.77714
0.0145083           20      1.57075      1.58135
0.0153547           20      1.57075      4.96951
0.0158847           20      1.57075      3.14887
0.0160652           20      1.86085      2.62364
0.0158847           20      1.86085      1.39151
0.0153547           20      1.86085      2.97694
0.0145083           20      1.86085      2.78543
0.0133969           20      2.17982      1.76518
0.0146597      19.6078      1.28657       1.9054
0.016008      19.6078      1.57075      5.85636
0.0170422      19.6078      1.57075      4.96116
0.0176929      19.6078      1.57075      3.62998
0.0179149      19.6078      1.85493      4.71074
0.0176929      19.6078      1.85493      4.52854
0.0170422      19.6078      1.85493      5.98515
0.016008      19.6078      2.16604      2.57608
0.0146597      19.6078      2.16604      6.02907
0.0158321      19.2308      1.29225      5.35506
0.017444      19.2308      1.57075      3.23072
0.01869      19.2308      1.57075      4.04077
0.0194778      19.2308      1.57075      1.89148
0.0197474      19.2308      1.84925       5.6721
0.0194778      19.2308      1.84925     0.404155
0.01869      19.2308      1.84925      5.40337
0.017444      19.2308      2.15291      3.05998
0.0158321      19.2308      2.15291      1.40294
0.0169118      18.8679      1.29772      1.41093
0.0188151      18.8679      1.57075      1.49601
0.0202985      18.8679      1.57075     0.922045
0.0212416      18.8679      1.57075      2.70551
0.0215652      18.8679      1.84378      6.02954
0.0212416      18.8679      1.84378      2.92295
0.0202985      18.8679      1.84378      2.41024
0.0188151      18.8679      2.14036      4.63568
0.0169118      18.8679      2.14036     0.128024
0.0179102      18.5185      1.30298      1.27076
0.0201351      18.5185      1.57075      4.90162
0.0218846      18.5185      1.57075     0.421438
0.0230035      18.5185      1.57075      6.08509
0.0233886      18.5185      1.83852      4.02323
0.0230035      18.5185      1.83852      2.03584
0.0218846      18.5185      1.83852    0.0203177
0.0201351      18.5185      2.12837      5.77855
0.0179102      18.5185      2.12837      2.68435
0.0188535      18.1818      1.30805      6.02526
0.0214354      18.1818      1.57075      3.47411
0.0234852      18.1818      1.57075      1.07361
0.0248045      18.1818      1.57075      6.01584
0.02526      18.1818      1.83345      2.88266
0.0248045      18.1818      1.83345       4.1331
0.0234852      18.1818      1.83345      1.18388
0.0214354      18.1818      2.11688       3.8114
0.0188535      18.1818      2.11688       4.9706
0.0197832      17.8571      1.31293      2.02765
0.0227663      17.8571      1.57075     0.102335
0.0251589      17.8571      1.57075      3.07232
0.0267095      17.8571      1.57075      1.59868
0.0272467      17.8571      1.82857      0.93674
0.0267095      17.8571      1.82857      1.92768
0.0251589      17.8571      1.82857      5.22284
0.0227663      17.8571      2.10588      4.06375
0.0197832      17.8571      2.10588      0.80199
0.0207531      17.5439      1.31764      2.18289
0.0241948      17.5439      1.57075      3.24063
0.026986      17.5439      1.57075      3.68092
0.0288082      17.5439      1.57075    0.0982081
0.0294417      17.5439      1.82386      4.29461
0.0288082      17.5439      1.82386     0.692412
0.026986      17.5439      1.82386      1.93707
0.0241948      17.5439      2.09531      1.41888
0.0207531      17.5439      2.09531      4.44943
0.0218231      17.2414      1.32219      2.28787
0.0257994      17.2414      1.57075       1.6094
0.0290626      17.2414      1.57075      4.38234
0.0312097      17.2414      1.57075      2.52654
0.0319592      17.2414      1.81931      1.38771
0.0312097      17.2414      1.81931     0.372292
0.0290626      17.2414      1.81931       5.9367
0.0257994      17.2414      2.08516      4.80108
0.0218231      17.2414      2.08516      0.59532
0.023048      16.9492      1.32658     0.820922
0.0276575      16.9492      1.57075      5.84127
0.0314886      16.9492      1.57075      6.17563
0.0340307      16.9492      1.57075     0.287782
0.0349218      16.9492      1.81492     0.205135
0.0340307      16.9492      1.81492    0.0276214
0.0314886      16.9492      1.81492     0.113871
0.0276575      16.9492       2.0754      2.74972
0.023048      16.9492       2.0754      6.03782
0.0244607      16.6667      1.33083      2.87992
0.0298256      16.6667      1.57075      3.08865
0.0343454      16.6667      1.57075        4.092
0.0373717      16.6667      1.57075      6.14891
0.0384372      16.6667      1.81067      1.42501
0.0373717      16.6667      1.81067      1.42499
0.0343454      16.6667      1.81067     0.938679
0.0298256      16.6667      2.06601      5.20657
0.0244607      16.6667      2.06601      2.89072
0.0260498      16.3934      1.33493     0.984584
0.0323106      16.3934      1.57075      1.08876
0.037662      16.3934      1.57075      4.00141
0.0412798      16.3934      1.57075      2.00116
0.0425597      16.3934      1.80657      2.25468
0.0412798      16.3934      1.80657      1.68948
0.037662      16.3934      1.80657      5.02528
0.0323106      16.3934      2.05696      6.12623
0.0260498      16.3934      2.05696      3.63275
0.0277348       16.129      1.33891      5.16998
0.0350339       16.129      1.57075     0.967575
0.04137       16.129      1.57075      4.96615
0.0456975       16.129      1.57075      2.09515
0.0472364       16.129      1.80259      5.99226
0.0456975       16.129      1.80259      2.77591
0.04137       16.129      1.80259      3.92028
0.0350339       16.129      2.04823      5.41912
0.0277348       16.129      2.04823      3.19552
0.0293476       15.873      1.34276      2.80392
0.0377997       15.873      1.57075      1.97233
0.0452582       15.873      1.57075      3.23563
0.0504085       15.873      1.57075      2.72092
0.05225       15.873      1.79874      2.57006
0.0504085       15.873      1.79874      1.69525
0.0452582       15.873       2.0398      1.82033
0.0377997       15.873       2.0398      4.77031
0.0293476       15.873       2.0398     0.806924
0.0306368       15.625      1.34649      2.91515
0.0402867       15.625      1.57075      1.14328
0.048953       15.625      1.57075      3.01433
0.0550072       15.625      1.57075      1.69418
0.0571845       15.625      1.79501      2.90519
0.0550072       15.625      1.79501      5.45357
0.048953       15.625      2.03167      5.63379
0.0402867       15.625      2.03167      2.13538
0.0306368       15.625      2.03167      4.02871
0.0313111      15.3846      1.35011      2.78367
0.0420923      15.3846      1.57075      2.14428
0.0519566      15.3846      1.57075      5.47055
0.0589336      15.3846      1.57075      4.97785
0.0614583      15.3846      1.79139      1.47215
0.0589336      15.3846      1.79139     0.968997
0.0519566      15.3846       2.0238      5.21432
0.0420923      15.3846       2.0238      3.41233
0.0313111      15.3846       2.0238      3.94301
0.0311251      15.1515      1.35362      3.71948
0.0428361      15.1515      1.57075      1.46626
0.0537651      15.1515      1.57075      5.07319
0.0615977      15.1515      1.57075      5.52642
0.0644506      15.1515      1.78788    0.0970366
0.0615977      15.1515      1.78788     0.102643
0.0537651      15.1515      2.01619       2.1426
0.0428361      15.1515      2.01619     0.766577
0.0311251      15.1515      2.01619      2.18182
0.0306493      14.9254      1.35703      4.35978
0.0427031      14.9254      1.57075      1.18175
0.0540693      14.9254      1.57075      4.13322
0.0622714      14.9254      1.57075      4.95918
0.0652693      14.9254      1.78447     0.628015
0.0622714      14.9254      1.78447     0.723871
0.0540693      14.9254      2.00882     0.422439
0.0427031      14.9254      2.00882      2.19013
0.0306493      14.9254      2.00882     0.309303
0.0308062      14.7059      1.36034      5.02635
0.0424072      14.7059      1.57075      3.71638
0.0532358      14.7059      1.57075      5.87778
0.0609974      14.7059      1.57075      5.50118
0.0638248      14.7059      1.78116      1.01852
0.0609974      14.7059      1.78116      2.74879
0.0532358      14.7059      2.00168      4.56034
0.0424072      14.7059      2.00168      2.06076
0.0308062      14.7059      2.00168      3.83263
0.0303997      14.4928      1.36356      2.62395
0.0413711      14.4928      1.57075      4.51963
0.0515136      14.4928      1.57075      5.84106
0.0587369      14.4928      1.57075     0.926415
0.0613598      14.4928      1.77794      5.08147
0.0587369      14.4928      1.77794      4.55215
0.0515136      14.4928      1.99476      3.76795
0.0413711      14.4928      1.99476     0.628565
0.0303997      14.4928      1.99476     0.490411
0.0295282      14.2857      1.36669     0.985382
0.0397499      14.2857      1.57075      2.16777
0.049113      14.2857      1.57075      5.55299
0.0557406      14.2857      1.57075      5.05662
0.0581399      14.2857      1.77481      4.51711
0.0557406      14.2857      1.77481      6.23329
0.049113      14.2857      1.98805      4.00908
0.0397499      14.2857      1.98805     0.408348
0.0295282      14.2857      1.98805      1.67447
0.0283291      14.0845      1.36974      2.88536
0.0377428      14.0845      1.57075      2.07146
0.0462907      14.0845      1.57075      2.72818
0.0523063      14.0845      1.57075      3.48956
0.0544776      14.0845      1.77176     0.482021
0.0523063      14.0845      1.77176      5.01352
0.0462907      14.0845      1.98153     0.154483
0.0377428      14.0845      1.98153      1.57719
0.0283291      14.0845      2.21299      4.55304
0.0269495      13.8889       1.3727      1.30542
0.0355525      13.8889      1.57075       1.2563
0.0432996      13.8889      1.57075     0.273175
0.0487216      13.8889      1.57075      4.47201
0.0506732      13.8889       1.7688      4.48096
0.0487216      13.8889       1.7688      4.82498
0.0432996      13.8889       1.9752      3.56861
0.0355525      13.8889       1.9752       5.7826
0.0269495      13.8889      2.20215      5.22497
0.0255213      13.6986      1.37559      5.36925
0.0333537      13.6986      1.57075      3.11527
0.0403511      13.6986      1.57075      5.39681
0.0452227      13.6986      1.57075       2.9112
0.0469716      13.6986      1.76591       2.8827
0.0452227      13.6986      1.76591      2.44447
0.0403511      13.6986      1.96906       4.8543
0.0333537      13.6986      1.96906     0.474193
0.0255213      13.6986      2.19167      5.73049
0.0241461      13.5135       1.3784      6.04971
0.0312753      13.5135      1.57075      1.11571
0.0375964      13.5135      1.57075       5.9871
0.0419751      13.5135      1.57075     0.427565
0.0435431      13.5135       1.7631      4.60419
0.0419751      13.5135       1.7631      2.59403
0.0375964      13.5135      1.96308      5.42904
0.0312753      13.5135      1.96308      3.60447
0.0241461      13.5135      2.18153      4.36731
0.022891      13.3333      1.38114      5.59992
0.0293975      13.3333      1.57075       5.8211
0.0351251      13.3333      1.57075      6.20737
0.0390737      13.3333      1.57075      4.14378
0.0404843      13.3333      1.76036      1.13075
0.0390737      13.3333      1.76036      1.67028
0.0351251      13.3333      1.95726       4.1762
0.0293975      13.3333      1.95726     0.394299
0.022891      13.3333      2.17171      4.65236
0.0217914      13.1579      1.38381      2.95947
0.0277583      13.1579      1.57075      1.64635
0.0329748      13.1579      1.57075      4.45294
0.0365546      13.1579      1.57075     0.171404
0.0378305      13.1579      1.75769      1.09964
0.0365546      13.1579      1.75769      3.62232
0.0329748      13.1579       1.9516      4.87891
0.0277583      13.1579       1.9516        4.671
0.0217914      13.1579       2.1622      6.03438
0.020858       12.987      1.38642      6.13072
0.0263634       12.987      1.57075      2.61121
0.0311448       12.987      1.57075     0.272977
0.0344116       12.987      1.57075      1.84919
0.0355735       12.987      1.75508      3.00337
0.0344116       12.987      1.75508      3.29652
0.0311448       12.987      1.94608      6.16494
0.0263634       12.987      1.94608      1.55939
0.020858       12.987      2.15296      1.45039
0.020084      12.8205      1.38896      1.16699
0.025197      12.8205      1.57075      2.35126
0.0296098      12.8205      1.57075      3.77169
0.0326123      12.8205      1.57075      1.39627
0.0336779      12.8205      1.75254       5.1546
0.0326123      12.8205      1.75254      5.86735
0.0296098      12.8205      1.94071      2.13344
0.025197      12.8205      1.94071      2.84651
0.020084      12.8205        2.144      3.44207
0.0194522      12.6582      1.39145      3.63174
0.0242315      12.6582      1.57075      5.67751
0.0283315      12.6582      1.57075     0.440894
0.03111      12.6582      1.57075      3.93277
0.0320942      12.6582      1.75005      5.20177
0.03111      12.6582      1.75005      5.28283
0.0283315      12.6582      1.93547      1.22486
0.0242315      12.6582      1.93547     0.299433
0.0194522      12.6582       2.1353      1.47872
0.0189401         12.5      1.39387      3.45743
0.0234337         12.5      1.57075      4.15511
0.0272664         12.5      1.57075      1.40129
0.0298539         12.5      1.57075      5.42151
0.0307686         12.5      1.74763     0.729459
0.0298539         12.5      1.74763     0.214749
0.0272664         12.5      1.93037     0.901203
0.0234337         12.5      1.93037     0.211638
0.0189401         12.5      2.12684      3.76839
0.0185239      12.3457      1.39624       5.5821
0.02277      12.3457      1.39624      5.88942
0.0263718      12.3457      1.57075      4.29333
0.0287944      12.3457      1.74526     0.871596
0.0296493      12.3457      1.74526      1.22885
0.0287944      12.3457      1.74526      4.48823
0.0263718      12.3457      1.92538      5.98699
0.02277      12.3457      1.92538       1.8867
0.0185239      12.3457      2.11862       2.5394
0.0181809      12.1951      1.39856       6.1382
0.0222095      12.1951      1.39856     0.889203
0.0256087      12.1951      1.57075      1.35508
0.0278871      12.1951      1.74294     0.326142
0.0286897      12.1951      1.74294      5.86136
0.0278871      12.1951      1.92052       5.5489
0.0256087      12.1951      1.92052        5.551
0.0222095      12.1951      1.92052      3.70508
0.0181809      12.1951      2.11061      2.77384
0.017891      12.0482      1.40083     0.713131
0.0217252      12.0482      1.40083       4.3784
0.0249441      12.0482      1.57075      5.02362
0.0270943      12.0482      1.74067      2.41161
0.0278505      12.0482      1.74067      5.83009
0.0270943      12.0482      1.91577      1.06767
0.0249441      12.0482      1.91577      1.87384
0.0217252      12.0482      1.91577        4.029
0.017891      12.0482      2.10282      5.93787
0.0176377      11.9048      1.40305        3.719
0.0212952      11.9048      1.40305      2.07062
0.0243509      11.9048      1.57075      1.70147
0.0263856      11.9048      1.73845      4.18381
0.0271      11.9048      1.73845      6.14444
0.0263856      11.9048      1.91112      1.92226
0.0243509      11.9048      1.91112       5.5826
0.0212952      11.9048      2.09523      1.56568
0.0176377      11.9048      2.09523      4.76237
0.0174077      11.7647      1.40522      1.42081
0.0209024      11.7647      1.40522      3.71153
0.0238085      11.7647      1.57075      5.38209
0.0257376      11.7647      1.73628      3.63289
0.0264139      11.7647      1.73628      2.08709
0.0257376      11.7647      1.90659      5.56037
0.0238085      11.7647      1.90659      1.20168
0.0209024      11.7647      2.08782      4.86124
0.0174077      11.7647      2.08782      2.45486
0.0171915      11.6279      1.40734      4.14304
0.0205342      11.6279      1.40734     0.880512
0.0233016      11.6279      1.57075     0.926349
0.025133      11.6279      1.73416      4.00405
0.0257742      11.6279      1.73416       4.3279
0.025133      11.6279      1.90215      2.40794
0.0233016      11.6279      1.90215      3.50653
0.0205342      11.6279      2.08061      2.71464
0.0171915      11.6279      2.08061      2.88364
0.0169821      11.4943      1.40942      4.73349
0.0201817      11.4943      1.40942      2.15607
0.0228192      11.4943      1.57075      3.24938
0.0245598      11.4943      1.73208      3.40798
0.0251682      11.4943      1.73208      1.33232
0.0245598      11.4943      1.89781      2.62735
0.0228192      11.4943      1.89781      0.51344
0.0201817      11.4943      2.07356      2.94898
0.0169821      11.4943      2.07356      5.38983
0.0167751      11.3636      1.41146      5.39736
0.019839      11.3636      1.41146      2.30595
0.0223543      11.3636      1.57075      5.42857
0.0240096      11.3636      1.73004      2.93241
0.0245875      11.3636      1.73004      1.40345
0.0240096      11.3636      1.89356      5.40353
0.0223543      11.3636      1.89356      2.50099
0.019839      11.3636      2.06669      2.09502
0.0167751      11.3636      2.06669      5.93953
0.0165677       11.236      1.41346       3.1346
0.0195024       11.236      1.41346      6.05195
0.0219021       11.236      1.57075      5.08652
0.0234772       11.236      1.72804      5.74607
0.0240263       11.236      1.72804      4.08757
0.0234772       11.236      1.88941      2.62151
0.0219021       11.236      1.88941      5.33688
0.0195024       11.236      2.05997     0.946223
0.0165677       11.236      2.05997     0.132679
0.0163585      11.1111      1.41541       3.6599
0.0191699      11.1111      1.41541      1.17494
0.0214598      11.1111      1.57075      2.98263
0.0229592      11.1111      1.72609      3.96375
0.0234812      11.1111      1.72609      5.30434
0.0229592      11.1111      1.88534      5.59085
0.0214598      11.1111      1.88534     0.881454
0.0191699      11.1111      2.05341      5.10819
0.0163585      11.1111      2.05341     0.210412
0.0161468       10.989      1.41733     0.106322
0.0188402       10.989      1.41733      5.21898
0.0210261       10.989      1.57075    0.0304405
0.0224538       10.989      1.72417      2.80289
0.0229502       10.989      1.72417      4.77462
0.0224538       10.989      1.88135      2.07775
0.0210261       10.989      1.88135      4.66679
0.0188402       10.989        2.047      5.56319
0.0161468       10.989        2.047      4.76382
0.0159326      10.8696      1.41922      2.62644
0.0185131      10.8696      1.41922       4.2261
0.0206      10.8696      1.57075     0.540335
0.0219598      10.8696      1.72228     0.892378
0.0224321      10.8696      1.72228      0.97958
0.0219598      10.8696      1.87744      4.79124
0.0206      10.8696      1.87744      0.20646
0.0185131      10.8696      2.04072      1.83033
0.0159326      10.8696      2.04072      3.05843
0.015716      10.7527      1.42106    0.0211672
0.0181885      10.7527      1.42106     0.908059
0.0201812      10.7527      1.57075     0.659896
0.0214768      10.7527      1.72044      1.29447
0.0219262      10.7527      1.72044     0.477991
0.0214768      10.7527      1.87361      1.72893
0.0201812      10.7527      1.87361      5.83217
0.0181885      10.7527      2.03459      1.71769
0.015716      10.7527      2.03459      5.39937
0.0154975      10.6383      1.42288      2.32381
0.0178666      10.6383      1.42288     0.993043
0.0197697      10.6383      1.57075      3.72373
0.0210044      10.6383      1.71862      3.05519
0.0214323      10.6383      1.71862      4.80644
0.0210044      10.6383      1.86986     0.384623
0.0197697      10.6383      1.86986     0.709263
0.0178666      10.6383      2.02858      5.64613
0.0154975      10.6383      2.02858      4.79415
0.0152775      10.5263      1.42466      3.95973
0.0175477      10.5263      1.42466      5.35655
0.0193656      10.5263      1.57075      1.61434
0.0205425      10.5263      1.71684      6.12203
0.0209499      10.5263      1.71684      2.84635
0.0205425      10.5263      1.86617      3.37211
0.0193656      10.5263      1.86617      1.39994
0.0175477      10.5263       2.0227      2.14361
0.0152775      10.5263       2.0227      3.32889
0.0150566      10.4167      1.42641      2.43889
0.0172321      10.4167      1.42641      3.62387
0.018969      10.4167      1.57075     0.250839
0.0200911      10.4167      1.71509      5.76596
0.0204792      10.4167      1.71509      2.77372
0.0200911      10.4167      1.86256      1.82625
0.018969      10.4167      1.86256    0.0655669
0.0172321      10.4167      2.01694      4.36121
0.0150566      10.4167      2.01694      2.04427
0.0148351      10.3093      1.42812      4.34774
0.0169201      10.3093      1.42812       1.9837
0.0185799      10.3093      1.57075       1.5232
0.0196501      10.3093      1.71338      1.56894
0.0200198      10.3093      1.71338      1.40571
0.0196501      10.3093      1.85901     0.184237
0.0185799      10.3093      1.85901      3.98406
0.0169201      10.3093      2.01129      2.24339
0.0148351      10.3093      2.17552      2.09969
0.0146136      10.2041      1.42981      3.35075
0.0166121      10.2041      1.42981     0.914487
0.0181984      10.2041      1.57075      4.48046
0.0192194      10.2041      1.71169      5.73813
0.0195718      10.2041      1.71169      3.53376
0.0192194      10.2041      1.85553      1.67811
0.0181984      10.2041      1.85553     0.428507
0.0166121      10.2041      2.00576      5.02004
0.0146136      10.2041      2.16742      3.63193
0.0143924       10.101      1.43147     0.641142
0.0163082       10.101      1.43147    0.0463503
0.0178247       10.101      1.57075     0.851415
0.018799       10.101      1.71003      4.42829
0.019135       10.101      1.71003      1.06051
0.018799       10.101      1.85211      4.66281
0.0178247       10.101      1.85211     0.452777
0.0163082       10.101      2.00033      2.90822
0.0143924       10.101       2.1595      4.18503
0.0141719           10       1.4331      1.19755
0.0160087           10       1.4331      2.45538
0.0174588           10      1.57075      5.80906
0.0183887           10       1.7084      3.18012
0.0187092           10       1.7084    0.0456806
0.0183887           10      1.84875      2.86165
0.0174588           10      1.84875      4.11894
0.0160087           10      1.99501     0.891481
0.0141719           10      2.15175      4.27429
0.013953       9.901      1.4347      3.1298
0.015714       9.901      1.4347      6.2095
0.017101       9.901      1.5708      5.3448
0.017989       9.901      1.7068      5.2265
0.018294       9.901      1.7068      3.7709
0.017989       9.901      1.8454      4.5892
0.017101       9.901      1.9898     0.73212
0.015714       9.901      1.9898      5.7632
0.013953       9.901      2.1442      4.7223
0.013734      9.8039      1.4363      3.7156
0.015423      9.8039      1.4363     0.14682
0.01675      9.8039      1.5708     0.15979
0.017598      9.8039      1.7052       6.148
0.01789      9.8039      1.7052      1.0102
0.017598      9.8039      1.8422      5.8593
0.01675      9.8039      1.9847     0.86511
0.015423      9.8039      1.9847      3.7466
0.013734      9.8039      2.1368      3.3071
0.013518      9.7087      1.4378      4.8118
0.015138      9.7087      1.4378      1.7554
0.016408      9.7087      1.5708      5.6159
0.017218      9.7087      1.7037      1.4246
0.017496      9.7087      1.7037      4.9899
0.017218      9.7087       1.839      4.6045
0.016408      9.7087      1.9796      1.4574
0.015138      9.7087      1.9796      5.3493
0.013518      9.7087      2.1295      3.0069
0.013303      9.6154      1.4394      1.2358
0.014857      9.6154      1.4394      2.0137
0.016073      9.6154      1.5708      4.7377
0.016847      9.6154      1.7021      1.9306
0.017113      9.6154      1.7021      3.2527
0.016847      9.6154      1.8359      5.7006
0.016073      9.6154      1.9747      6.2266
0.014857      9.6154      1.9747     0.21908
0.013303      9.6154      2.1224      2.3453
0.013091      9.5238      1.4409      4.5137
0.014582      9.5238      1.4409      3.4688
0.015745      9.5238      1.5708     0.39873
0.016485      9.5238      1.7006      2.7594
0.016739      9.5238      1.7006      6.1126
0.016485      9.5238      1.8328      5.5668
0.015745      9.5238      1.9698       3.736
0.014582      9.5238      1.9698      4.3119
0.013091      9.5238      2.1154      6.1568
0.01288       9.434      1.4423      5.0296
0.014311       9.434      1.4423      5.8413
0.015425       9.434      1.5708      3.3483
0.016133       9.434      1.6992      5.8485
0.016376       9.434      1.6992      4.7984
0.016133       9.434      1.8298       4.981
0.015425       9.434      1.9651      5.6125
0.014311       9.434      1.9651      5.7451
0.01288       9.434      2.1085      2.3147
0.012672      9.3458      1.4438     0.12405
0.014046      9.3458      1.4438       3.559
0.015113      9.3458      1.5708      1.7441
0.01579      9.3458      1.6977      5.2163
0.016022      9.3458      1.6977      2.2521
0.01579      9.3458      1.8268      2.1817
0.015113      9.3458      1.9604      5.6051
0.014046      9.3458      1.9604      4.9022
0.012672      9.3458      2.1018      6.1117
0.012467      9.2593      1.4452      4.7863
0.013785      9.2593      1.4452      3.9481
0.014808      9.2593      1.5708      1.9424
0.015455      9.2593      1.6963      4.8061
0.015677      9.2593      1.6963      3.2001
0.015455      9.2593      1.8238      6.1795
0.014808      9.2593      1.9558      5.4835
0.013785      9.2593      1.9558      5.0409
0.012467      9.2593      2.0952     0.14829
0.012264      9.1743      1.4466      4.7666
0.01353      9.1743      1.4466      1.9183
0.01451      9.1743      1.5708      4.2492
0.01513      9.1743      1.6949     0.37997
0.015342      9.1743      1.6949      4.9756
0.01513      9.1743      1.8209      3.4055
0.01451      9.1743      1.9512      1.0103
0.01353      9.1743      1.9512      2.4897
0.012264      9.1743      2.0888      5.3752
0.012064      9.0909       1.448     0.35684
0.01328      9.0909       1.448       1.091
0.014219      9.0909      1.5708      3.1194
0.014812      9.0909      1.6935     0.65084
0.015015      9.0909      1.6935      3.5135
0.014812      9.0909      1.8181      0.9344
0.014219      9.0909      1.9468      5.1077
0.01328      9.0909      1.9468      1.8007
0.012064      9.0909      2.0824     0.52527
0.011866       9.009      1.4494      1.5798
0.013034       9.009      1.4494     0.38412
0.013935       9.009      1.5708      5.7199
0.014503       9.009      1.6921      3.5885
0.014697       9.009      1.6921      6.1858
0.014503       9.009      1.8153      3.3025
0.013935       9.009      1.9424     0.72464
0.013034       9.009      1.9424      4.8949
0.011866       9.009      2.0762      1.3411
0.011672      8.9286      1.4508      1.7275
0.012794      8.9286      1.4508      2.5743
0.013658      8.9286      1.5708      5.5867
0.014202      8.9286      1.6907      2.1416
0.014388      8.9286      1.6907       4.544
0.014202      8.9286      1.8125      4.8689
0.013658      8.9286      1.9381      3.6439
0.012794      8.9286      2.0701      4.2698
0.011672      8.9286      2.0701      5.3703
0.01148      8.8496      1.4521       4.373
0.012559      8.8496      1.4521     0.15384
0.013387      8.8496      1.5708      1.1248
0.013909      8.8496      1.6894      1.4691
0.014087      8.8496      1.6894      5.2128
0.013909      8.8496      1.8098      3.0625
0.013387      8.8496      1.9338      2.1606
0.012559      8.8496      2.0641     0.18929
0.01148      8.8496      2.0641       2.045
0.011292      8.7719      1.4534      5.3607
0.012328      8.7719      1.4534     0.23383
0.013123      8.7719      1.5708     0.64494
0.013623      8.7719      1.6881      6.1162
0.013794      8.7719      1.6881     0.40466
0.013623      8.7719      1.8071      2.9727
0.013123      8.7719      1.9297        1.56
0.012328      8.7719      2.0582      1.6585
0.011292      8.7719      2.0582      5.2049
0.011106      8.6957      1.4547     0.96925
0.012102      8.6957      1.4547     0.26651
0.012865      8.6957      1.5708      4.2566
0.013345      8.6957      1.6868      2.3137
0.013508      8.6957      1.6868      5.7988
0.013345      8.6957      1.8045      5.1062
0.012865      8.6957      1.9255      4.1428
0.012102      8.6957      2.0524      1.9925
0.011106      8.6957      2.0524      4.1415
0.010923      8.6207      1.3396      2.7477
0.011881      8.6207       1.456      2.5854
0.012614      8.6207      1.5708      3.0576
0.013074      8.6207      1.6855     0.81276
0.013231      8.6207      1.8019      2.5495
0.013074      8.6207      1.8019      6.1142
0.012614      8.6207      1.9215     0.55293
0.011881      8.6207      2.0466      6.0162
0.010923      8.6207      2.0466      5.5215
0.010744       8.547      1.3422      3.9699
0.011665       8.547      1.4572      2.0492
0.012369       8.547      1.5708      3.4963
0.01281       8.547      1.6843      3.3013
0.01296       8.547      1.7993      1.8488
0.01281       8.547      1.7993       5.783
0.012369       8.547      1.9175      5.3503
0.011665       8.547       2.041      5.3902
0.010744       8.547       2.041      0.9355
0.010567      8.4746      1.3447      3.1413
0.011454      8.4746      1.4585      3.7267
0.012129      8.4746      1.5708      5.0682
0.012553      8.4746       1.683      3.2884
0.012697      8.4746      1.7968     0.84397
0.012553      8.4746      1.7968      1.8357
0.012129      8.4746      1.9136      5.2012
0.011454      8.4746      2.0355      3.3643
0.010567      8.4746      2.0355     0.10009
0.010393      8.4034      1.3472      4.6692
0.011246      8.4034      1.4597      1.0706
0.011896      8.4034      1.5708      1.3782
0.012302      8.4034      1.6818    0.019861
0.012441      8.4034      1.7943      4.5726
0.012302      8.4034      1.7943      2.2873
0.011896      8.4034      1.9097      5.3833
0.011246      8.4034      2.0301       3.463
0.010393      8.4034      2.1581     0.52197
0.010223      8.3333      1.3497      2.5242
0.011044      8.3333      1.4609      1.3185
0.011668      8.3333      1.5708     0.96004
0.012058      8.3333      1.6806      5.1799
0.012191      8.3333      1.7918      6.2299
0.012058      8.3333      1.7918      6.1846
0.011668      8.3333      1.9059      3.5084
0.011044      8.3333      2.0247      1.3665
0.010223      8.3333      2.1509      6.1662
0.010055      8.2645      1.3521      1.5998
0.010845      8.2645      1.4621      2.0911
0.011445      8.2645      1.5708     0.23073
0.01182      8.2645      1.6794      5.1603
0.011948      8.2645      1.7894      5.1932
0.01182      8.2645      1.7894      5.3725
0.011445      8.2645      1.9021      5.9753
0.010845      8.2645      2.0194      2.1564
0.010055      8.2645      2.1438      5.2527
0.0098905      8.1967      1.3545       5.346
0.010652      8.1967      1.4633      1.5464
0.011228      8.1967      1.5708      1.4798
0.011589      8.1967      1.6782      5.9858
0.011711      8.1967       1.787      5.0729
0.011589      8.1967       1.787      6.0623
0.011228      8.1967      1.8984      6.2264
0.010652      8.1967      2.0142      4.6858
0.0098905      8.1967      2.1369      1.1368
0.0097288      8.1301      1.3569      2.3087
0.010462      8.1301      1.4644      2.6748
0.011017      8.1301      1.5708      2.2823
0.011363      8.1301      1.6771      1.8154
0.01148      8.1301      1.7846      5.2558
0.011363      8.1301      1.7846      6.0045
0.011017      8.1301      1.8947       1.628
0.010462      8.1301      2.0091      1.7051
0.0097288      8.1301      2.1301      1.8606
0.0095701      8.0645      1.3592      4.0258
0.010276      8.0645      1.4656      4.8846
0.01081      8.0645      1.5708    0.058139
0.011143      8.0645      1.6759      6.1933
0.011256      8.0645      1.7823      4.2141
0.011143      8.0645      1.7823      6.2469
0.01081      8.0645      1.8911      6.2231
0.010276      8.0645      2.0041       1.004
0.0095701      8.0645      2.1233      1.9924
0.0094144           8      1.3615      1.1506
0.010095           8      1.4667      5.4092
0.010608           8      1.5708      1.7763
0.010928           8      1.6748      4.4554
0.011037           8        1.78      1.5349
0.010928           8        1.78      6.1947
0.010608           8      1.8876     0.81616
0.010095           8      1.9991    0.063248
0.0094144           8      2.1167      1.1385
0.0092615      7.9365      1.3638      6.1009
0.0099169      7.9365      1.4678      3.6953
0.010411      7.9365      1.5708     0.10105
0.010719      7.9365      1.6737      1.9805
0.010824      7.9365      1.7777      3.6984
0.010719      7.9365      1.8841      1.1116
0.010411      7.9365      1.8841     0.62867
0.0099169      7.9365      1.9943      2.2854
0.0092615      7.9365      2.1103      2.5499
0.0091114       7.874       1.366      1.5882
0.0097432       7.874      1.4689      2.7033
0.010219       7.874      1.5708      0.7081
0.010515       7.874      1.6726     0.15827
0.010616       7.874      1.7755      5.6775
0.010515       7.874      1.8806      5.8086
0.010219       7.874      1.8806      5.5192
0.0097432       7.874      1.9895      3.7421
0.0091114       7.874      2.1039      2.8053
0.0089641      7.8125      1.3683      3.0373
0.0095733      7.8125        1.47      3.6683
0.010032      7.8125      1.5708      5.5361
0.010317      7.8125      1.6715     0.90659
0.010413      7.8125      1.7732     0.30533
0.010317      7.8125      1.8772       1.872
0.010032      7.8125      1.8772     0.45177
0.0095733      7.8125      1.9847      4.0252
0.0089641      7.8125      2.0976      1.2486
0.0088197      7.7519      1.3704      3.7962
0.0094071      7.7519      1.4711      6.2704
0.0098487      7.7519      1.5708      2.0379
0.010123      7.7519      1.6704      5.0164
0.010216      7.7519      1.7711      2.8897
0.010123      7.7519      1.8738      3.2712
0.0098487      7.7519      1.8738      2.0917
0.0094071      7.7519        1.98      1.1222
0.0088197      7.7519      2.0914      2.1501
0.0086779      7.6923      1.3726     0.18349
0.0092445      7.6923      1.4722      4.2632
0.00967      7.6923      1.5708      1.3547
0.009934      7.6923      1.6693      5.0745
0.010023      7.6923      1.7689    0.071001
0.009934      7.6923      1.8705      5.7214
0.00967      7.6923      1.8705       6.061
0.0092445      7.6923      1.9754      5.3146
0.0086779      7.6923      2.0853      5.2626
0.0085388      7.6336      1.3747      2.0224
0.0090854      7.6336      1.4732      2.0443
0.0094955      7.6336      1.5708      1.1022
0.0097497      7.6336      1.6683      2.7016
0.0098359      7.6336      1.7668      1.9298
0.0097497      7.6336      1.8672      1.0687
0.0094955      7.6336      1.9709      6.1269
0.0090854      7.6336      1.9709      1.1958
0.0085388      7.6336      2.0793        6.15
0.0084024      7.5758      1.3768     0.98983
0.0089298      7.5758      1.4742      6.0876
0.0093252      7.5758      1.5708      1.1964
0.0095701      7.5758      1.6673     0.36081
0.009653      7.5758      1.7647      3.6423
0.0095701      7.5758       1.864     0.17078
0.0093252      7.5758      1.9664     0.12049
0.0089298      7.5758      1.9664      1.2332
0.0084024      7.5758      2.0734      5.1014
0.0082686      7.5188      1.3789      0.2039
0.0087777      7.5188      1.4753      5.2125
0.0091588      7.5188      1.5708      4.3167
0.0093948      7.5188      1.6662      5.8098
0.0094747      7.5188      1.7626      2.1336
0.0093948      7.5188      1.8608      5.1834
0.0091588      7.5188       1.962      2.7782
0.0087777      7.5188       1.962      5.5466
0.0082686      7.5188      2.0676      1.9379
0.0081374      7.4627       1.381      1.3788
0.0086288      7.4627      1.4763     0.13789
0.0089964      7.4627      1.5708       6.193
0.0092238      7.4627      1.6652      5.5098
0.0093008      7.4627      1.7605     0.93868
0.0092238      7.4627      1.8576      2.5448
0.0089964      7.4627      1.9576      5.1718
0.0086288      7.4627      1.9576      4.9295
0.0081374      7.4627      2.0619       2.386
0.0080087      7.4074       1.383      4.7948
0.0084831      7.4074      1.4773     0.78524
0.0088377      7.4074      1.5708      1.3462
0.009057      7.4074      1.6642      1.0684
0.0091312      7.4074      1.7585      1.7873
0.009057      7.4074      1.8545       3.611
0.0088377      7.4074      1.9533      1.9899
0.0084831      7.4074      2.0563      3.9317
0.0080087      7.4074      2.0563      2.3949
0.0078825      7.3529       1.385      5.8617
0.0083406      7.3529      1.4783      3.7936
0.0086828      7.3529      1.5708    0.068556
0.0088942      7.3529      1.6632     0.86358
0.0089657      7.3529      1.7565      3.9671
0.0088942      7.3529      1.8515      3.9631
0.0086828      7.3529      1.9491      5.0623
0.0083406      7.3529      2.0507        2.61
0.0078825      7.3529      2.0507     0.46279
0.0077587      7.2993       1.387      5.8237
0.0082012      7.2993      1.4792      4.3484
0.0085314      7.2993      1.5708      3.8406
0.0087353      7.2993      1.6623      1.6286
0.0088043      7.2993      1.7545      6.1913
0.0087353      7.2993      1.8484       1.984
0.0085314      7.2993      1.9449     0.31834
0.0082012      7.2993      2.0452     0.53565
0.0077587      7.2993      2.0452      5.1612
0.0076372      7.2464      1.3889     0.16306
0.0080648      7.2464      1.4802      4.2514
0.0083835      7.2464      1.5708      5.4407
0.0085803      7.2464      1.6613     0.61184
0.0086468      7.2464      1.7526      4.8625
0.0085803      7.2464      1.8454     0.77434
0.0083835      7.2464      1.9408      3.5156
0.0080648      7.2464      2.0398      2.4798
0.0076372      7.2464      2.1441      3.3753
0.0075182      7.1942      1.3909      1.7716
0.0079313      7.1942      1.4812      4.1734
0.0082391      7.1942      1.5708       3.569
0.0084289      7.1942      1.6603      2.5275
0.0084931      7.1942      1.7506      4.3129
0.0084289      7.1942      1.8425     0.93108
0.0082391      7.1942      1.9367      4.5864
0.0079313      7.1942      2.0345     0.13656
0.0075182      7.1942      2.1374      2.4495
0.0074014      7.1429      1.3928      2.3647
0.0078007      7.1429      1.4821      5.6134
0.0080979      7.1429      1.5708      5.9705
0.0082812      7.1429      1.6594      6.1741
0.0083431      7.1429      1.7487      1.9637
0.0082812      7.1429      1.8396      5.1019
0.0080979      7.1429      1.9327      3.7497
0.0078007      7.1429      2.0293      4.0294
0.0074014      7.1429      2.1307      1.3525
0.0072869      7.0922      1.3946      3.9393
0.0076729      7.0922       1.483      1.3087
0.00796      7.0922      1.5708     0.22415
0.0081369      7.0922      1.6585      2.8642
0.0081967      7.0922      1.7469      1.8277
0.0081369      7.0922      1.8367      2.3914
0.00796      7.0922      1.9287      3.8994
0.0076729      7.0922      2.0241      5.4756
0.0072869      7.0922      2.1242    0.086154
0.0071746      7.0423      1.3965       2.135
0.0075479      7.0423       1.484       3.864
0.0078252      7.0423      1.5708      1.1817
0.0079961      7.0423      1.6575      4.7311
0.0080538      7.0423       1.745      5.2931
0.0079961      7.0423      1.8338      4.6336
0.0078252      7.0423      1.9248      5.3701
0.0075479      7.0423       2.019      4.1443
0.0071746      7.0423      2.1177      1.3131
0.0070645       6.993      1.3983      4.0344
0.0074254       6.993      1.4849     0.78409
0.0076935       6.993      1.5708     0.63604
0.0078585       6.993      1.6566      3.8364
0.0079142       6.993      1.7432      1.4719
0.0078585       6.993       1.831      6.0281
0.0076935       6.993       1.921      1.6982
0.0074254       6.993       2.014      6.1191
0.0070645       6.993      2.1114      5.1613
0.0069564      6.9444      1.4002      2.7718
0.0073056      6.9444      1.4858      3.3888
0.0075647      6.9444      1.5708      3.1924
0.0077241      6.9444      1.6557      2.6632
0.0077779      6.9444      1.7413       2.538
0.0077241      6.9444      1.8282     0.48942
0.0075647      6.9444      1.9172      2.9536
0.0073056      6.9444      2.0091      2.3519
0.0069564      6.9444      2.1051      3.3791
0.0068505      6.8966       1.402      3.5468
0.0071883      6.8966      1.4867      1.9485
0.0074388      6.8966      1.5708      5.9216
0.0075929      6.8966      1.6548     0.70911
0.0076449      6.8966      1.7395      2.2229
0.0075929      6.8966      1.8255      2.2943
0.0074388      6.8966      1.9134      5.1847
0.0071883      6.8966      2.0042      4.4119
0.0068505      6.8966       2.099      4.8482
0.0067466      6.8493      1.4037      2.6604
0.0070735      6.8493      1.4875      2.5648
0.0073157      6.8493      1.5708      6.1247
0.0074646      6.8493       1.654      4.6925
0.0075149      6.8493      1.7378      5.1528
0.0074646      6.8493      1.8228      1.8334
0.0073157      6.8493      1.9097      0.5645
0.0070735      6.8493      1.9994      0.7702
0.0067466      6.8493      2.0929      2.9152
0.0066448      6.8027      1.4055     0.45857
0.0069611      6.8027      1.4884      5.0569
0.0071954      6.8027      1.5708      3.8388
0.0073393      6.8027      1.6531      1.0934
0.0073879      6.8027       1.736     0.38392
0.0073393      6.8027      1.8201      3.7398
0.0071954      6.8027       1.906      4.1874
0.0069611      6.8027      1.9946      2.8684
0.0066448      6.8027      2.0869      5.6021
0.0065448      6.7568      1.4072      4.0688
0.0068511      6.7568      1.4893       1.728
0.0070777      6.7568      1.5708      6.1865
0.0072169      6.7568      1.6522     0.33233
0.0072638      6.7568      1.7343      5.7246
0.0072169      6.7568      1.8175      5.4731
0.0070777      6.7568      1.9024      4.3538
0.0068511      6.7568        1.99      4.0878
0.0065448      6.7568      2.0811      2.2753
0.0064468      6.7114      1.4089      5.1073
0.0067433      6.7114      1.4901      5.1041
0.0069626      6.7114      1.5708      3.9773
0.0070972      6.7114      1.6514      1.7861
0.0071426      6.7114      1.7326      3.6794
0.0070972      6.7114      1.8149      1.4995
0.0069626      6.7114      1.8989      4.5109
0.0067433      6.7114      1.9853      1.9484
0.0064468      6.7114      2.0753      1.8338
0.0063507      6.6667      1.4106      3.5433
0.0066378      6.6667      1.4909      2.7262
0.00685      6.6667      1.5708      1.8893
0.0069803      6.6667      1.6506      4.0597
0.0070242      6.6667      1.7309     0.51408
0.0069803      6.6667      1.8123      3.5985
0.00685      6.6667      1.8953      5.3683
0.0066378      6.6667      1.9808      5.0673
0.0063507      6.6667      2.0696      4.2462
0.0062564      6.6225      1.4123      3.6101
0.0065345      6.6225      1.4918     0.16673
0.0067399      6.6225      1.5708      6.1646
0.0068659      6.6225      1.6497     0.49992
0.0069084      6.6225      1.7292      3.4844
0.0068659      6.6225      1.8097      5.2148
0.0067399      6.6225      1.8919      5.8061
0.0065345      6.6225      1.9763      1.4783
0.0062564      6.6225      2.0639      6.0962
0.0061639      6.5789      1.4139      5.8624
0.0064333      6.5789      1.4926     0.79688
0.0066322      6.5789      1.5708      2.2583
0.0067541      6.5789      1.6489      3.7185
0.0067952      6.5789      1.7276      2.8933
0.0067541      6.5789      1.8072      3.7281
0.0066322      6.5789      1.8884      3.6577
0.0064333      6.5789      1.9719     0.49113
0.0061639      6.5789      2.0584    0.007058
0.0060732      6.5359      1.4156      5.1313
0.0063342      6.5359      1.4934      3.6593
0.0065268      6.5359      1.5708      4.7358
0.0066448      6.5359      1.6481      2.7761
0.0066846      6.5359      1.7259     0.20019
0.0066448      6.5359      1.8047      3.6823
0.0065268      6.5359       1.885      3.2548
0.0063342      6.5359      1.9675      4.5689
0.0060732      6.5359      2.0529      2.7347
0.0059842      6.4935      1.4172      1.8264
0.0062372      6.4935      1.4942      5.3938
0.0064237      6.4935      1.5708       4.214
0.0065379      6.4935      1.6473      4.7803
0.0065764      6.4935      1.7243    0.016823
0.0065379      6.4935      1.8023      2.9415
0.0064237      6.4935      1.8817      1.2534
0.0062372      6.4935      2.0475      4.0268
0.0059842      6.4935      2.1358      5.6767
