
[NumberOfWaves] 37
=================================
0.576      44714.1647               0      5.84713874
0.137           43200               0      1.94080613
0.122      45570.0529               0      0.61074769
0.37      86164.0885               0       4.5840995
0.022      22357.0816               0     0.543773124
0.23       92949.634               0      5.20050203
0.002      14904.7202               0     0.534799601
0.018      29437.7037               0      5.02944421
0           21600               0      2.61799388
0.008      22569.0267               0      1.56881496
0.026       45453.616               0      1.81370133
0           14400               0     0.785398163
0.007      46338.3281               0      1.72495679
0.013      46459.3478               0      1.56571004
0.012      80301.8706               0      4.26225339
0.007      43998.3859               0      3.39077144
0.007           86400               0      4.01600261
0.011      89399.6935               0      6.27210015
0.019      83154.5153               0      3.43399555
0      2380713.1375                 0      4.8044762754
0.03      15778458.7514                  0      1.59777916328
0.044      31556955.9225                  0      5.05805008262
0       1275721.388                 0      2.2359642017
0.015      1180292.2881                 0      1.7533108966
0.009      96202.9883               0      1.34616298
0.041      96726.0833               0     0.295723536
0.009      43259.2175               0     0.184544247
0.001      43140.9444               0      1.93428546
0.006      100822.4027                0       1.88074975
0.114      86637.2069               0      1.39365318
0.003      41785.0253               0      1.05563845
0.003      29809.4404               0     0.859939081
0.018      43889.8326               0       4.7438234
0.014      30190.6906               0      5.39210344
0.04      43082.0442               0        4.895633
0.001      11178.5408               0      4.48919296
0.01      21972.0215               0      2.98130811
