
[NumberOfWaves] 990
=================================
0.00647705      22.2222    -0.456242      4.26775
0.00678913      22.2222    -0.456242      5.39575
0.00702031      22.2222    -0.456242      0.50214
0.00716241      22.2222    -0.456242       3.5637
0.00721035      22.2222            0     0.285733
0.00716241      22.2222            0     0.572242
0.00702031      22.2222            0      5.43749
0.00678913      22.2222            0      2.11288
0.00647705      22.2222            0      1.25483
0.00783875      21.7391    -0.445554      1.99717
0.00826148      21.7391    -0.445554      2.06605
0.00857608      21.7391    -0.445554      5.67633
0.00877006      21.7391    -0.445554      4.11703
0.00883561      21.7391            0     0.421476
0.00877006      21.7391            0      3.70472
0.00857608      21.7391            0      5.89554
0.00826148      21.7391            0     0.177822
0.00783875      21.7391            0      4.65902
0.00924665      21.2766    -0.435367       2.6796
0.00980358      21.2766    -0.435367       1.9293
0.0102202      21.2766    -0.435367      3.76015
0.0104779      21.2766    -0.435367      4.14759
0.0105652      21.2766            0      5.76119
0.0104779      21.2766            0     0.476518
0.0102202      21.2766            0       4.0492
0.00980358      21.2766            0      4.50237
0.00924665      21.2766            0      1.18041
0.0106643      20.8333    -0.425648      3.65513
0.0113803      20.8333    -0.425648      4.10451
0.0119188      20.8333    -0.425648       2.4241
0.0122532      20.8333    -0.425648      2.93385
0.0123666      20.8333            0      3.08536
0.0122532      20.8333            0      3.84168
0.0119188      20.8333            0      2.51153
0.0113803      20.8333            0      1.52517
0.0106643      20.8333            0      4.55107
0.0120576      20.4082    -0.416362      2.79453
0.0129582      20.4082    -0.416362      5.01794
0.0136397      20.4082    -0.416362      4.81318
0.0140646      20.4082    -0.416362      2.09951
0.014209      20.4082            0      1.51419
0.0140646      20.4082            0     0.958969
0.0136397      20.4082            0    0.0950283
0.0129582      20.4082            0      4.14231
0.0120576      20.4082            0      5.62167
0.0133969           20    -0.407479       5.3843
0.0145083           20    -0.407479      4.47651
0.0153547           20    -0.407479      6.11288
0.0158847           20    -0.407479      3.16628
0.0160652           20            0      6.19437
0.0158847           20            0     0.787747
0.0153547           20            0      1.35487
0.0145083           20            0     0.727878
0.0133969           20            0      1.82402
0.0146597      19.6078    -0.398974       3.5296
0.016008      19.6078    -0.398974      1.28289
0.0170422      19.6078    -0.398974     0.533846
0.0176929      19.6078    -0.398974      1.07607
0.0179149      19.6078            0       4.9704
0.0176929      19.6078            0      5.74537
0.0170422      19.6078            0      1.31959
0.016008      19.6078            0      5.30226
0.0146597      19.6078            0      2.38895
0.0158321      19.2308    -0.390822      5.41701
0.017444      19.2308    -0.390822      1.09622
0.01869      19.2308    -0.390822      4.33189
0.0194778      19.2308    -0.390822     0.349821
0.0197474      19.2308            0      2.93316
0.0194778      19.2308            0      1.77969
0.01869      19.2308            0      4.13504
0.017444      19.2308            0     0.318194
0.0158321      19.2308            0      2.98114
0.0169118      18.8679    -0.382999       1.1323
0.0188151      18.8679    -0.382999       6.1678
0.0202985      18.8679    -0.382999      2.91586
0.0212416      18.8679    -0.382999      2.20367
0.0215652      18.8679            0      4.83255
0.0212416      18.8679            0      4.03254
0.0202985      18.8679            0      2.58079
0.0188151      18.8679            0     0.504904
0.0169118      18.8679            0      4.93872
0.0179102      18.5185    -0.375486      2.87061
0.0201351      18.5185    -0.375486       5.0177
0.0218846      18.5185    -0.375486      5.26059
0.0230035      18.5185    -0.375486     0.766159
0.0233886      18.5185            0      2.35721
0.0230035      18.5185            0      6.03025
0.0218846      18.5185            0      3.63051
0.0201351      18.5185            0      2.06537
0.0179102      18.5185            0      2.05802
0.0188535      18.1818    -0.368263     0.650321
0.0214354      18.1818    -0.368263      4.83577
0.0234852      18.1818    -0.368263      2.14148
0.0248045      18.1818    -0.368263      1.75883
0.02526      18.1818            0      5.05556
0.0248045      18.1818            0     0.892005
0.0234852      18.1818            0      2.03116
0.0214354      18.1818            0      4.64008
0.0188535      18.1818            0     0.546756
0.0197832      17.8571    -0.361314      2.06076
0.0227663      17.8571    -0.361314      6.28288
0.0251589      17.8571    -0.361314      3.33176
0.0267095      17.8571    -0.361314      1.43652
0.0272467      17.8571            0      3.42796
0.0267095      17.8571            0      5.89683
0.0251589      17.8571            0      1.68174
0.0227663      17.8571            0      3.55245
0.0197832      17.8571            0     0.779093
0.0207531      17.5439    -0.354623      5.37356
0.0241948      17.5439    -0.354623      4.38469
0.026986      17.5439    -0.354623      4.16255
0.0288082      17.5439    -0.354623       6.0283
0.0294417      17.5439            0      5.07969
0.0288082      17.5439            0      5.71053
0.026986      17.5439            0      5.00287
0.0241948      17.5439            0      2.31622
0.0207531      17.5439     0.354623      1.33463
0.0218231      17.2414    -0.348174      5.07785
0.0257994      17.2414    -0.348174      6.13363
0.0290626      17.2414    -0.348174      5.74698
0.0312097      17.2414    -0.348174      5.17695
0.0319592      17.2414    -0.348174    0.0477448
0.0312097      17.2414            0     0.561794
0.0290626      17.2414            0      2.53121
0.0257994      17.2414            0      1.21285
0.0218231      17.2414     0.348174      4.97596
0.023048      16.9492    -0.341954      1.42995
0.0276575      16.9492    -0.341954      2.74533
0.0314886      16.9492    -0.341954      2.11475
0.0340307      16.9492    -0.341954      2.57585
0.0349218      16.9492    -0.341954      3.79123
0.0340307      16.9492            0      2.95303
0.0314886      16.9492            0       4.2359
0.0276575      16.9492            0     0.407522
0.023048      16.9492     0.341954      4.28013
0.0244607      16.6667    -0.719938       5.0728
0.0298256      16.6667    -0.335952      6.26778
0.0343454      16.6667    -0.335952     0.728056
0.0373717      16.6667    -0.335952      4.66116
0.0384372      16.6667    -0.335952      3.00503
0.0373717      16.6667            0      2.28117
0.0343454      16.6667            0      5.02557
0.0298256      16.6667            0      5.15572
0.0244607      16.6667     0.335952      4.43256
0.0260498      16.3934    -0.705454      4.22961
0.0323106      16.3934    -0.330154      3.10577
0.037662      16.3934    -0.330154      1.99583
0.0412798      16.3934    -0.330154     0.656989
0.0425597      16.3934    -0.330154      5.40311
0.0412798      16.3934            0      5.51197
0.037662      16.3934            0      4.88519
0.0323106      16.3934            0      1.91104
0.0260498      16.3934     0.330154      1.40933
0.0277348       16.129    -0.691595      5.57571
0.0350339       16.129     -0.32455      3.13179
0.04137       16.129     -0.32455      1.12481
0.0456975       16.129     -0.32455       5.1308
0.0472364       16.129     -0.32455      5.82964
0.0456975       16.129            0      3.23127
0.04137       16.129            0      1.27805
0.0350339       16.129            0      4.40226
0.0277348       16.129      0.32455      4.48786
0.0293476       15.873    -0.678317      1.97905
0.0377997       15.873     -0.31913      4.78313
0.0452582       15.873     -0.31913     0.792902
0.0504085       15.873     -0.31913      2.02329
0.05225       15.873     -0.31913       2.5557
0.0504085       15.873            0      0.68323
0.0452582       15.873            0      4.92443
0.0377997       15.873            0      5.76346
0.0293476       15.873      0.31913      4.86452
0.0306368       15.625    -0.665579      4.81609
0.0402867       15.625    -0.313885      3.54903
0.048953       15.625    -0.313885      1.90337
0.0550072       15.625    -0.313885      4.22291
0.0571845       15.625    -0.313885     0.824779
0.0550072       15.625            0      3.64089
0.048953       15.625            0     0.688327
0.0402867       15.625            0      1.50164
0.0306368       15.625     0.313885      6.21516
0.0313111      15.3846    -0.653343      2.98785
0.0420923      15.3846    -0.308806      5.79252
0.0519566      15.3846    -0.308806      2.36889
0.0589336      15.3846    -0.308806      1.02752
0.0614583      15.3846    -0.308806     0.148179
0.0589336      15.3846            0     0.519059
0.0519566      15.3846            0      1.99581
0.0420923      15.3846            0      2.45221
0.0313111      15.3846     0.308806      3.53771
0.0311251      15.1515    -0.641577      4.34396
0.0428361      15.1515    -0.303884      6.17473
0.0537651      15.1515    -0.303884      4.13154
0.0615977      15.1515    -0.303884      5.21477
0.0644506      15.1515    -0.303884      3.76705
0.0615977      15.1515            0     0.613674
0.0537651      15.1515            0      5.58073
0.0428361      15.1515            0       6.2297
0.0311251      15.1515     0.303884      5.36361
0.0306493      14.9254    -0.630251      2.97241
0.0427031      14.9254    -0.299113      1.02891
0.0540693      14.9254    -0.299113     0.814196
0.0622714      14.9254    -0.299113      2.26826
0.0652693      14.9254    -0.299113      3.13069
0.0622714      14.9254            0      1.09456
0.0540693      14.9254            0      1.68041
0.0427031      14.9254            0      5.88973
0.0306493      14.9254     0.299113     0.539325
0.0308062      14.7059    -0.619337      1.39139
0.0424072      14.7059    -0.294485        4.238
0.0532358      14.7059    -0.294485      1.98232
0.0609974      14.7059    -0.294485      3.71654
0.0638248      14.7059    -0.294485      3.71135
0.0609974      14.7059            0      5.07023
0.0532358      14.7059            0       4.1511
0.0424072      14.7059            0      4.91192
0.0308062      14.7059     0.294485        4.385
0.0303997      14.4928     -0.60881      3.54116
0.0413711      14.4928    -0.289992      2.60504
0.0515136      14.4928    -0.289992      5.34354
0.0587369      14.4928    -0.289992      2.77461
0.0613598      14.4928    -0.289992      5.72734
0.0587369      14.4928            0      4.30827
0.0515136      14.4928            0      4.07041
0.0413711      14.4928            0      4.25003
0.0303997      14.4928     0.289992      4.93955
0.0295282      14.2857    -0.598647      1.87502
0.0397499      14.2857     -0.28563      2.04595
0.049113      14.2857     -0.28563      5.60745
0.0557406      14.2857     -0.28563      3.25648
0.0581399      14.2857     -0.28563      1.67592
0.0557406      14.2857            0     0.862152
0.049113      14.2857            0     0.785779
0.0397499      14.2857            0     0.503629
0.0295282      14.2857      0.28563     0.878022
0.0283291      14.0845    -0.588828        4.239
0.0377428      14.0845    -0.588828      2.60414
0.0462907      14.0845    -0.281392      3.20308
0.0523063      14.0845    -0.281392      3.80119
0.0544776      14.0845    -0.281392     0.148775
0.0523063      14.0845            0        4.153
0.0462907      14.0845            0      2.12209
0.0377428      14.0845            0      5.82665
0.0283291      14.0845     0.281392      4.68373
0.0269495      13.8889    -0.579334     0.869478
0.0355525      13.8889    -0.579334   0.00488185
0.0432996      13.8889    -0.277272     0.639765
0.0487216      13.8889    -0.277272      3.47232
0.0506732      13.8889    -0.277272      2.53758
0.0487216      13.8889            0      4.32896
0.0432996      13.8889            0     0.729534
0.0355525      13.8889            0      2.68818
0.0269495      13.8889     0.277272      4.56172
0.0255213      13.6986    -0.570145      4.40255
0.0333537      13.6986    -0.570145      2.21708
0.0403511      13.6986    -0.273265      6.25805
0.0452227      13.6986    -0.273265    0.0275547
0.0469716      13.6986    -0.273265      2.13701
0.0452227      13.6986            0      5.79605
0.0403511      13.6986            0      6.26904
0.0333537      13.6986            0      4.12662
0.0255213      13.6986     0.273265      2.57857
0.0241461      13.5135    -0.561247      2.83459
0.0312753      13.5135    -0.561247      3.25732
0.0375964      13.5135    -0.269366      2.71261
0.0419751      13.5135    -0.269366      3.07938
0.0435431      13.5135    -0.269366      4.94199
0.0419751      13.5135            0      3.64886
0.0375964      13.5135            0    0.0824828
0.0312753      13.5135            0      1.20867
0.0241461      13.5135     0.269366      2.43449
0.022891      13.3333    -0.552624     0.394029
0.0293975      13.3333    -0.552624      5.49307
0.0351251      13.3333    -0.265571      3.92626
0.0390737      13.3333    -0.265571      4.27574
0.0404843      13.3333    -0.265571      4.57213
0.0390737      13.3333            0      5.70103
0.0351251      13.3333            0      1.92569
0.0293975      13.3333            0      4.44072
0.022891      13.3333     0.265571      3.77116
0.0217914      13.1579    -0.544261      1.35455
0.0277583      13.1579    -0.544261      3.35497
0.0329748      13.1579    -0.261875      6.02367
0.0365546      13.1579    -0.261875      5.59419
0.0378305      13.1579    -0.261875     0.433558
0.0365546      13.1579            0      3.46488
0.0329748      13.1579            0      1.79546
0.0277583      13.1579            0     0.263062
0.0217914      13.1579     0.261875       3.0876
0.020858       12.987    -0.536146      2.84137
0.0263634       12.987    -0.536146      3.54886
0.0311448       12.987    -0.258274      5.23224
0.0344116       12.987    -0.258274      1.98306
0.0355735       12.987    -0.258274      4.54608
0.0344116       12.987            0      5.24808
0.0311448       12.987            0      3.19815
0.0263634       12.987            0      3.67532
0.020858       12.987     0.258274      2.11417
0.020084      12.8205    -0.528266     0.168989
0.025197      12.8205    -0.528266      3.84168
0.0296098      12.8205    -0.254765      1.09813
0.0326123      12.8205    -0.254765      2.58903
0.0336779      12.8205    -0.254765      5.32666
0.0326123      12.8205            0      2.13298
0.0296098      12.8205            0     0.569323
0.025197      12.8205            0      3.35942
0.020084      12.8205     0.254765      4.13914
0.0194522      12.6582     -0.52061     0.674544
0.0242315      12.6582     -0.52061      1.58574
0.0283315      12.6582    -0.251342      3.96457
0.03111      12.6582    -0.251342      4.82733
0.0320942      12.6582    -0.251342      1.31484
0.03111      12.6582            0      4.26914
0.0283315      12.6582            0       5.3863
0.0242315      12.6582            0      1.66536
0.0194522      12.6582     0.251342     0.523429
0.0189401         12.5    -0.513167      3.04666
0.0234337         12.5    -0.513167     0.410631
0.0272664         12.5    -0.248004      1.64778
0.0298539         12.5    -0.248004      4.98974
0.0307686         12.5    -0.248004    0.0784711
0.0298539         12.5            0      2.86529
0.0272664         12.5            0        3.929
0.0234337         12.5            0      4.08534
0.0189401         12.5     0.248004      1.73264
0.0185239      12.3457    -0.505928      3.38179
0.02277      12.3457    -0.505928      5.12604
0.0263718      12.3457    -0.244745      2.26048
0.0287944      12.3457    -0.244745      5.36388
0.0296493      12.3457    -0.244745       4.1573
0.0287944      12.3457            0     0.245608
0.0263718      12.3457            0       3.4192
0.02277      12.3457            0      4.13075
0.0185239      12.3457     0.244745      2.47541
0.0181809      12.1951    -0.498883      3.60573
0.0222095      12.1951    -0.498883      2.33927
0.0256087      12.1951    -0.241565      3.72385
0.0278871      12.1951    -0.241565      4.55412
0.0286897      12.1951    -0.241565     0.794523
0.0278871      12.1951            0      0.71039
0.0256087      12.1951            0       1.0888
0.0222095      12.1951            0      4.25178
0.0181809      12.1951     0.241565      2.30397
0.017891      12.0482    -0.492024       4.8018
0.0217252      12.0482    -0.492024     0.168694
0.0249441      12.0482    -0.238458     0.244808
0.0270943      12.0482    -0.238458      5.51766
0.0278505      12.0482    -0.238458       1.0521
0.0270943      12.0482            0       1.8536
0.0249441      12.0482            0      0.74821
0.0217252      12.0482            0      1.35492
0.017891      12.0482     0.238458      3.58313
0.0176377      11.9048    -0.485341     0.501503
0.0212952      11.9048    -0.485341      4.49471
0.0243509      11.9048    -0.235423      1.52428
0.0263856      11.9048    -0.235423      2.25778
0.0271      11.9048    -0.235423      3.56151
0.0263856      11.9048            0      3.10019
0.0243509      11.9048            0      5.04818
0.0212952      11.9048            0      2.21068
0.0176377      11.9048     0.235423      1.69176
0.0174077      11.7647    -0.478828       5.2324
0.0209024      11.7647    -0.478828      5.04194
0.0238085      11.7647    -0.232457      4.02205
0.0257376      11.7647    -0.232457      5.48825
0.0264139      11.7647    -0.232457       3.2372
0.0257376      11.7647            0      6.23631
0.0238085      11.7647            0      4.47676
0.0209024      11.7647            0      3.69932
0.0174077      11.7647     0.232457     0.246888
0.0171915      11.6279    -0.472477      5.88105
0.0205342      11.6279    -0.472477     0.346171
0.0233016      11.6279    -0.472477     0.330603
0.025133      11.6279    -0.229557      4.84951
0.0257742      11.6279    -0.229557      3.84398
0.025133      11.6279            0      4.79742
0.0233016      11.6279            0      1.34241
0.0205342      11.6279            0      1.08412
0.0171915      11.6279     0.229557     0.601826
0.0169821      11.4943    -0.466282      1.39704
0.0201817      11.4943    -0.466282      5.85999
0.0228192      11.4943    -0.466282      1.72702
0.0245598      11.4943    -0.226721      6.07415
0.0251682      11.4943    -0.226721      2.78027
0.0245598      11.4943            0       5.9784
0.0228192      11.4943            0      3.59898
0.0201817      11.4943            0      3.37019
0.0169821      11.4943     0.226721      4.21621
0.0167751      11.3636    -0.460235      2.61513
0.019839      11.3636    -0.460235      1.16794
0.0223543      11.3636    -0.460235      5.98885
0.0240096      11.3636    -0.223946    0.0293141
0.0245875      11.3636    -0.223946      3.05566
0.0240096      11.3636            0       4.4719
0.0223543      11.3636            0      3.85839
0.019839      11.3636            0      2.99635
0.0167751      11.3636     0.223946       1.5086
0.0165677       11.236    -0.454331      3.34975
0.0195024       11.236    -0.454331      4.82698
0.0219021       11.236    -0.454331      5.31274
0.0234772       11.236    -0.221231     0.657725
0.0240263       11.236    -0.221231     0.460735
0.0234772       11.236            0       3.7987
0.0219021       11.236            0      5.63388
0.0195024       11.236            0      3.89794
0.0165677       11.236     0.221231       5.7969
0.0163585      11.1111    -0.448565      3.60284
0.0191699      11.1111    -0.448565     0.427729
0.0214598      11.1111    -0.448565      4.73508
0.0229592      11.1111    -0.218572     0.706718
0.0234812      11.1111    -0.218572      1.44219
0.0229592      11.1111            0     0.304745
0.0214598      11.1111            0      5.65348
0.0191699      11.1111            0      4.69465
0.0163585      11.1111     0.218572      1.48016
0.0161468       10.989    -0.442929      1.94166
0.0188402       10.989    -0.442929      4.35419
0.0210261       10.989    -0.442929      2.28538
0.0224538       10.989    -0.215969      5.90885
0.0229502       10.989    -0.215969      5.00898
0.0224538       10.989            0     0.570829
0.0210261       10.989            0     0.403517
0.0188402       10.989            0      3.43956
0.0161468       10.989     0.215969     0.788605
0.0159326      10.8696     -0.43742      5.64738
0.0185131      10.8696     -0.43742      5.52128
0.0206      10.8696     -0.43742      1.26466
0.0219598      10.8696    -0.213418      4.63195
0.0224321      10.8696    -0.213418     0.505839
0.0219598      10.8696            0     0.169816
0.0206      10.8696            0      3.70194
0.0185131      10.8696            0      5.44506
0.0159326      10.8696     0.213418      2.97684
0.015716      10.7527    -0.432033     0.686508
0.0181885      10.7527    -0.432033      3.46531
0.0201812      10.7527    -0.432033      2.76111
0.0214768      10.7527    -0.210919      1.09718
0.0219262      10.7527    -0.210919      4.57264
0.0214768      10.7527            0      3.14648
0.0201812      10.7527            0      4.77264
0.0181885      10.7527            0     0.430773
0.015716      10.7527     0.210919      2.76818
0.0154975      10.6383    -0.426763     0.566118
0.0178666      10.6383    -0.426763      1.78265
0.0197697      10.6383    -0.426763    0.0691439
0.0210044      10.6383    -0.208469     0.462724
0.0214323      10.6383    -0.208469      5.49258
0.0210044      10.6383            0      1.63193
0.0197697      10.6383            0      5.99708
0.0178666      10.6383            0      1.32482
0.0154975      10.6383     0.208469      1.72287
0.0152775      10.5263    -0.421605       1.3327
0.0175477      10.5263    -0.421605      1.82615
0.0193656      10.5263    -0.421605      3.52083
0.0205425      10.5263    -0.206068      6.22024
0.0209499      10.5263    -0.206068      4.83286
0.0205425      10.5263            0      2.49544
0.0193656      10.5263            0      2.54673
0.0175477      10.5263            0      5.06333
0.0152775      10.5263     0.206068      2.47008
0.0150566      10.4167    -0.416555     0.683525
0.0172321      10.4167    -0.416555      5.24191
0.018969      10.4167    -0.416555      5.65644
0.0200911      10.4167    -0.203712      5.46246
0.0204792      10.4167    -0.203712      2.52682
0.0200911      10.4167            0      2.74421
0.018969      10.4167            0     0.570687
0.0172321      10.4167            0      3.93525
0.0150566      10.4167     0.203712      3.04237
0.0148351      10.3093     -0.41161      1.41539
0.0169201      10.3093     -0.41161      2.30973
0.0185799      10.3093     -0.41161      1.42028
0.0196501      10.3093    -0.201401      5.01072
0.0200198      10.3093    -0.201401      2.66377
0.0196501      10.3093            0      5.39178
0.0185799      10.3093            0      2.07658
0.0169201      10.3093            0      5.32018
0.0148351      10.3093     0.201401      4.08445
0.0146136      10.2041    -0.635353      6.19655
0.0166121      10.2041    -0.406765      2.89286
0.0181984      10.2041    -0.406765     0.272549
0.0192194      10.2041    -0.199133     0.859173
0.0195718      10.2041    -0.199133      4.35872
0.0192194      10.2041            0      4.73814
0.0181984      10.2041            0      2.47116
0.0166121      10.2041            0       1.1224
0.0146136      10.2041     0.199133     0.350594
0.0143924       10.101    -0.627243      5.85655
0.0163082       10.101    -0.402017       3.4859
0.0178247       10.101    -0.402017      4.91466
0.018799       10.101    -0.196908      3.06503
0.019135       10.101    -0.196908      0.91667
0.018799       10.101            0     0.861106
0.0178247       10.101            0      1.71814
0.0163082       10.101            0      1.25274
0.0143924       10.101     0.196908      1.12035
0.0141719           10    -0.619322      5.51836
0.0160087           10    -0.397363      2.04878
0.0174588           10    -0.397363      3.77889
0.0183887           10    -0.194722      3.00253
0.0187092           10    -0.194722     0.552999
0.0183887           10            0      2.11854
0.0174588           10            0      1.46421
0.0160087           10            0       3.9887
0.0141719           10     0.194722       5.8252
0.013953       9.901    -0.61158      4.0394
0.015714       9.901     -0.3928      2.1019
0.017101       9.901     -0.3928     0.22575
0.017989       9.901    -0.19258      1.5846
0.018294       9.901    -0.19258      1.1887
0.017989       9.901           0     0.85208
0.017101       9.901           0      1.4088
0.015714       9.901           0      4.2073
0.013953       9.901     0.19258      5.3573
0.013734      9.8039    -0.60402      2.6894
0.015423      9.8039    -0.38832      5.9899
0.01675      9.8039    -0.38832      2.9714
0.017598      9.8039    -0.19047      4.2625
0.01789      9.8039    -0.19047      3.9616
0.017598      9.8039           0      3.7205
0.01675      9.8039           0      5.0287
0.015423      9.8039           0     0.91899
0.013734      9.8039     0.19047      4.5432
0.013518      9.7087    -0.59662      6.1466
0.015138      9.7087    -0.38393      2.8156
0.016408      9.7087    -0.38393      4.6994
0.017218      9.7087     -0.1884      2.0921
0.017496      9.7087     -0.1884      3.2014
0.017218      9.7087           0    0.068335
0.016408      9.7087           0      3.3208
0.015138      9.7087           0       3.768
0.013518      9.7087      0.1884      4.0807
0.013303      9.6154    -0.58939      1.4221
0.014857      9.6154    -0.37962      4.4837
0.016073      9.6154    -0.37962      4.2642
0.016847      9.6154    -0.18636      1.5392
0.017113      9.6154    -0.18636       4.653
0.016847      9.6154           0      4.1074
0.016073      9.6154           0    0.052856
0.014857      9.6154           0      5.8433
0.013303      9.6154     0.18636      1.9072
0.013091      9.5238     -0.5823      0.5392
0.014582      9.5238    -0.37539      3.0059
0.015745      9.5238    -0.37539      2.4663
0.016485      9.5238    -0.18436      2.5167
0.016739      9.5238    -0.18436     0.92354
0.016485      9.5238           0      1.6638
0.015745      9.5238           0      4.6298
0.014582      9.5238           0      4.2463
0.013091      9.5238     0.18436      4.2983
0.01288       9.434    -0.57537       1.884
0.014311       9.434    -0.37123      2.5556
0.015425       9.434    -0.37123    0.063417
0.016133       9.434    -0.18239      3.1381
0.016376       9.434    -0.18239      5.4233
0.016133       9.434           0      3.4812
0.015425       9.434           0     0.75687
0.014311       9.434           0      3.3821
0.01288       9.434     0.18239      5.3804
0.012672      9.3458    -0.56858      3.1238
0.014046      9.3458    -0.36715       4.709
0.015113      9.3458    -0.36715      0.8234
0.01579      9.3458    -0.18045    0.045248
0.016022      9.3458    -0.18045      3.7302
0.01579      9.3458           0      2.1098
0.015113      9.3458           0     0.30465
0.014046      9.3458           0      0.7008
0.012672      9.3458     0.18045      1.5268
0.012467      9.2593    -0.56192      3.0557
0.013785      9.2593    -0.36314      5.7129
0.014808      9.2593    -0.36314      1.6392
0.015455      9.2593    -0.17855     0.51354
0.015677      9.2593    -0.17855    0.060421
0.015455      9.2593           0      2.4994
0.014808      9.2593           0      2.5693
0.013785      9.2593           0      5.0206
0.012467      9.2593     0.17855      2.7295
0.012264      9.1743     -0.5554      6.2207
0.01353      9.1743    -0.35919     0.27026
0.01451      9.1743    -0.35919      4.3369
0.01513      9.1743    -0.17668     0.77135
0.015342      9.1743    -0.17668      5.0509
0.01513      9.1743           0     0.16433
0.01451      9.1743           0      5.0527
0.01353      9.1743           0         3.2
0.012264      9.1743     0.17668      4.0075
0.012064      9.0909      -0.549       1.318
0.01328      9.0909    -0.35532      5.4821
0.014219      9.0909    -0.35532       1.995
0.014812      9.0909    -0.17483      4.3147
0.015015      9.0909    -0.17483      2.0572
0.014812      9.0909    -0.17483       4.892
0.014219      9.0909           0      3.6704
0.01328      9.0909     0.17483      3.6275
0.012064      9.0909     0.17483      3.7495
0.011866       9.009    -0.54273      3.4002
0.013034       9.009    -0.35151      3.3418
0.013935       9.009    -0.35151      3.4801
0.014503       9.009    -0.35151      5.7691
0.014697       9.009    -0.17302      4.8987
0.014503       9.009    -0.17302      4.4248
0.013935       9.009           0     0.22163
0.013034       9.009     0.17302      2.1331
0.011866       9.009     0.17302      5.2678
0.011672      8.9286    -0.53657      6.2523
0.012794      8.9286    -0.34776     0.60981
0.013658      8.9286    -0.34776      1.2344
0.014202      8.9286    -0.34776     0.56517
0.014388      8.9286    -0.17123      1.3017
0.014202      8.9286    -0.17123      3.3772
0.013658      8.9286           0      3.6676
0.012794      8.9286     0.17123      4.4131
0.011672      8.9286     0.17123      4.2426
0.01148      8.8496    -0.53053      5.8165
0.012559      8.8496    -0.53053      3.6765
0.013387      8.8496    -0.34407      2.2525
0.013909      8.8496    -0.34407      1.0544
0.014087      8.8496    -0.16947      3.9196
0.013909      8.8496    -0.16947      1.0521
0.013387      8.8496           0      1.9009
0.012559      8.8496     0.16947      2.0899
0.01148      8.8496     0.16947      1.4845
0.011292      8.7719     -0.5246      4.0261
0.012328      8.7719     -0.5246     0.99412
0.013123      8.7719    -0.34045      1.7507
0.013623      8.7719    -0.34045     0.93587
0.013794      8.7719    -0.16774       4.357
0.013623      8.7719    -0.16774      3.4919
0.013123      8.7719           0      4.9724
0.012328      8.7719     0.16774      1.8358
0.011292      8.7719     0.16774      2.8327
0.011106      8.6957    -0.51877      4.4433
0.012102      8.6957    -0.51877      2.2153
0.012865      8.6957    -0.33688      0.7752
0.013345      8.6957    -0.33688      3.9265
0.013508      8.6957    -0.16603     0.38127
0.013345      8.6957    -0.16603       1.435
0.012865      8.6957           0       2.512
0.012102      8.6957     0.16603      4.7821
0.011106      8.6957     0.16603      4.5731
0.010923      8.6207    -0.51305         5.1
0.011881      8.6207    -0.51305       1.824
0.012614      8.6207    -0.33336      1.1301
0.013074      8.6207    -0.33336       5.146
0.013231      8.6207    -0.16435     0.73573
0.013074      8.6207    -0.16435      5.1596
0.012614      8.6207           0      2.2532
0.011881      8.6207     0.16435      1.7651
0.010923      8.6207     0.16435      1.7645
0.010744       8.547    -0.50742     0.81077
0.011665       8.547    -0.50742      5.5668
0.012369       8.547     -0.3299     0.67241
0.01281       8.547     -0.3299      5.1246
0.01296       8.547    -0.16269      4.0147
0.01281       8.547    -0.16269      2.5659
0.012369       8.547           0      4.5016
0.011665       8.547     0.16269      3.7638
0.010744       8.547     0.16269      1.2241
0.010567      8.4746     -0.5019      5.9902
0.011454      8.4746     -0.5019     0.79238
0.012129      8.4746    -0.32649      5.4551
0.012553      8.4746    -0.32649      1.8365
0.012697      8.4746    -0.16106      4.1084
0.012553      8.4746    -0.16106      1.0144
0.012129      8.4746           0      4.4558
0.011454      8.4746     0.16106      1.4846
0.010567      8.4746     0.16106      3.3786
0.010393      8.4034    -0.49646      5.3449
0.011246      8.4034    -0.49646      4.2314
0.011896      8.4034    -0.32314      2.7069
0.012302      8.4034    -0.32314      4.7027
0.012441      8.4034    -0.15945       1.722
0.012302      8.4034    -0.15945      5.6111
0.011896      8.4034           0      2.3848
0.011246      8.4034     0.15945      6.2058
0.010393      8.4034     0.15945      5.5661
0.010223      8.3333    -0.49112      2.4049
0.011044      8.3333    -0.49112      5.3974
0.011668      8.3333    -0.31983      5.5288
0.012058      8.3333    -0.31983      5.5836
0.012191      8.3333    -0.15786      4.5362
0.012058      8.3333    -0.15786      4.4808
0.011668      8.3333           0      5.3803
0.011044      8.3333     0.15786      1.0564
0.010223      8.3333     0.15786      1.5649
0.010055      8.2645    -0.48586      4.8524
0.010845      8.2645    -0.48586      3.3903
0.011445      8.2645    -0.31657      5.6336
0.01182      8.2645    -0.31657      6.1988
0.011948      8.2645    -0.15629      4.1925
0.01182      8.2645    -0.15629      1.5462
0.011445      8.2645           0      0.5465
0.010845      8.2645     0.15629     0.86424
0.010055      8.2645     0.15629      5.2877
0.0098905      8.1967    -0.48069      1.0095
0.010652      8.1967    -0.48069      1.1928
0.011228      8.1967    -0.31336      5.8038
0.011589      8.1967    -0.31336      5.4217
0.011711      8.1967    -0.15475      4.7014
0.011589      8.1967    -0.15475      2.7278
0.011228      8.1967           0      3.5455
0.010652      8.1967     0.15475      3.8799
0.0098905      8.1967     0.15475      1.1915
0.0097288      8.1301     -0.4756      1.8255
0.010462      8.1301     -0.4756      5.3376
0.011017      8.1301     -0.3102      1.0752
0.011363      8.1301     -0.3102      1.5283
0.01148      8.1301    -0.15322      1.8829
0.011363      8.1301    -0.15322       5.788
0.011017      8.1301           0      3.5307
0.010462      8.1301     0.15322      2.6788
0.0097288      8.1301     0.15322      2.6808
0.0095701      8.0645    -0.47059      4.9749
0.010276      8.0645    -0.47059      1.0076
0.01081      8.0645    -0.30708      1.1093
0.011143      8.0645    -0.30708      0.5984
0.011256      8.0645    -0.15172      5.0639
0.011143      8.0645    -0.15172      2.9795
0.01081      8.0645           0     0.71207
0.010276      8.0645     0.15172      2.0959
0.0095701      8.0645     0.15172      3.5713
0.0094144           8    -0.46566      4.8892
0.010095           8    -0.46566      1.0901
0.010608           8      -0.304      1.2298
0.010928           8      -0.304      4.1802
0.011037           8    -0.15023      4.6899
0.010928           8    -0.15023      1.4918
0.010608           8           0    0.089168
0.010095           8     0.15023      2.7025
0.0094144           8     0.15023      4.1013
0.0092615      7.9365     -0.4608      4.1256
0.0099169      7.9365     -0.4608       5.844
0.010411      7.9365    -0.30097     0.82486
0.010719      7.9365    -0.30097      2.7245
0.010824      7.9365    -0.14877      6.2596
0.010719      7.9365    -0.14877      1.5783
0.010411      7.9365           0      2.6046
0.0099169      7.9365     0.14877      6.1712
0.0092615      7.9365     0.14877     0.20676
0.0091114       7.874    -0.45602      4.4413
0.0097432       7.874    -0.45602      2.5261
0.010219       7.874    -0.29797      3.1795
0.010515       7.874    -0.29797      5.3004
0.010616       7.874    -0.14732      4.8007
0.010515       7.874    -0.14732      3.8229
0.010219       7.874           0      4.4744
0.0097432       7.874     0.14732      1.6252
0.0091114       7.874     0.14732      6.2388
0.0089641      7.8125     -0.4513       3.722
0.0095733      7.8125     -0.4513      5.2804
0.010032      7.8125    -0.29502      1.6131
0.010317      7.8125    -0.29502      5.2219
0.010413      7.8125     -0.1459     0.42467
0.010317      7.8125     -0.1459      4.7675
0.010032      7.8125           0      6.1456
0.0095733      7.8125      0.1459      5.6128
0.0089641      7.8125      0.1459      4.7388
0.0088197      7.7519    -0.44666      5.8422
0.0094071      7.7519    -0.44666      4.9151
0.0098487      7.7519    -0.29211       2.449
0.010123      7.7519    -0.29211      2.0123
0.010216      7.7519    -0.14449      2.5952
0.010123      7.7519    -0.14449      3.8086
0.0098487      7.7519           0      4.0397
0.0094071      7.7519     0.14449      4.8161
0.0088197      7.7519     0.14449      5.2895
0.0086779      7.6923    -0.60703      5.4966
0.0092445      7.6923    -0.44208      2.8193
0.00967      7.6923    -0.28923      3.6761
0.009934      7.6923    -0.28923      2.3385
0.010023      7.6923     -0.1431     0.68548
0.009934      7.6923     -0.1431      4.0532
0.00967      7.6923           0     0.51063
0.0092445      7.6923      0.1431       6.232
0.0086779      7.6923      0.1431      5.0416
0.0085388      7.6336    -0.60042      3.7645
0.0090854      7.6336    -0.43757      4.7987
0.0094955      7.6336    -0.28639     0.19057
0.0097497      7.6336    -0.28639      5.8965
0.0098359      7.6336    -0.14172     0.87751
0.0097497      7.6336    -0.14172      2.1122
0.0094955      7.6336           0      3.4955
0.0090854      7.6336     0.14172      6.2486
0.0085388      7.6336     0.14172      2.1824
0.0084024      7.5758    -0.59392     0.66841
0.0089298      7.5758    -0.43313     0.16779
0.0093252      7.5758    -0.28359      2.5453
0.0095701      7.5758    -0.28359      3.1132
0.009653      7.5758    -0.14036       4.992
0.0095701      7.5758    -0.14036     0.71799
0.0093252      7.5758           0      4.4671
0.0089298      7.5758     0.14036      3.5951
0.0084024      7.5758     0.14036      2.5451
0.0082686      7.5188    -0.58753      3.7729
0.0087777      7.5188    -0.42874      6.2735
0.0091588      7.5188    -0.28083      5.0693
0.0093948      7.5188    -0.28083      1.1807
0.0094747      7.5188    -0.13902      3.4451
0.0093948      7.5188    -0.13902       5.839
0.0091588      7.5188           0      5.5817
0.0087777      7.5188     0.13902      2.1916
0.0082686      7.5188     0.13902     0.32299
0.0081374      7.4627    -0.58124      3.0413
0.0086288      7.4627    -0.42442     0.91303
0.0089964      7.4627     -0.2781     0.83377
0.0092238      7.4627     -0.2781      6.0536
0.0093008      7.4627     -0.1377      2.6311
0.0092238      7.4627     -0.1377      2.2609
0.0089964      7.4627           0      1.1567
0.0086288      7.4627      0.1377      2.7042
0.0081374      7.4627      0.1377      2.5202
0.0080087      7.4074    -0.57504      2.9327
0.0084831      7.4074    -0.42016    0.035097
0.0088377      7.4074    -0.42016     0.50114
0.009057      7.4074     -0.2754      5.4123
0.0091312      7.4074    -0.13639      5.1594
0.009057      7.4074    -0.13639      6.0222
0.0088377      7.4074           0     0.50177
0.0084831      7.4074     0.13639     0.12515
0.0080087      7.4074     0.13639      2.1668
0.0078825      7.3529    -0.56895     0.57251
0.0083406      7.3529    -0.41595      2.6455
0.0086828      7.3529    -0.41595      3.8714
0.0088942      7.3529    -0.27274       3.355
0.0089657      7.3529     -0.1351     0.16396
0.0088942      7.3529     -0.1351      3.0228
0.0086828      7.3529           0      1.5392
0.0083406      7.3529      0.1351      4.1015
0.0078825      7.3529      0.1351      2.1369
0.0077587      7.2993    -0.56294      4.4422
0.0082012      7.2993     -0.4118      1.8239
0.0085314      7.2993     -0.4118      6.1894
0.0087353      7.2993    -0.27011       3.731
0.0088043      7.2993    -0.13382      5.2989
0.0087353      7.2993    -0.13382      5.4637
0.0085314      7.2993           0      1.4107
0.0082012      7.2993     0.13382      4.2108
0.0077587      7.2993     0.13382      2.6663
0.0076372      7.2464    -0.55703      3.1847
0.0080648      7.2464     -0.4077      4.7939
0.0083835      7.2464     -0.4077      4.2328
0.0085803      7.2464    -0.26751      2.1911
0.0086468      7.2464    -0.13255      1.4555
0.0085803      7.2464    -0.13255      1.3211
0.0083835      7.2464           0      2.7468
0.0080648      7.2464     0.13255     0.30129
0.0076372      7.2464     0.13255     0.52422
0.0075182      7.1942    -0.55121       2.176
0.0079313      7.1942    -0.40366      1.7528
0.0082391      7.1942    -0.40366      4.8634
0.0084289      7.1942    -0.26495      2.7441
0.0084931      7.1942    -0.13131      3.0455
0.0084289      7.1942    -0.13131      2.3659
0.0082391      7.1942           0      3.5121
0.0079313      7.1942     0.13131      3.4534
0.0075182      7.1942     0.13131    0.017984
0.0074014      7.1429    -0.54547     0.38704
0.0078007      7.1429    -0.39967      3.8019
0.0080979      7.1429    -0.39967      6.0616
0.0082812      7.1429    -0.26241      3.9734
0.0083431      7.1429    -0.13007      1.5932
0.0082812      7.1429    -0.13007      6.0916
0.0080979      7.1429           0      4.7425
0.0078007      7.1429     0.13007     0.69348
0.0074014      7.1429     0.13007      5.7746
0.0072869      7.0922    -0.53982      4.1931
0.0076729      7.0922    -0.39573      3.9155
0.00796      7.0922    -0.39573      2.9207
0.0081369      7.0922    -0.25991      6.2786
0.0081967      7.0922    -0.12885      1.2717
0.0081369      7.0922    -0.12885      5.1856
0.00796      7.0922           0      2.1817
0.0076729      7.0922     0.12885      5.6175
0.0072869      7.0922     0.12885     0.73141
0.0071746      7.0423    -0.53425      4.9185
0.0075479      7.0423    -0.39185      1.5502
0.0078252      7.0423    -0.39185         5.4
0.0079961      7.0423    -0.25743      3.5575
0.0080538      7.0423    -0.12764      2.6039
0.0079961      7.0423    -0.12764       5.958
0.0078252      7.0423           0      3.8575
0.0075479      7.0423     0.12764      3.3553
0.0071746      7.0423     0.12764      4.3012
0.0070645       6.993    -0.52876      1.0597
0.0074254       6.993    -0.38801      4.2892
0.0076935       6.993    -0.38801     0.95795
0.0078585       6.993    -0.25498      1.7072
0.0079142       6.993    -0.12645      5.5502
0.0078585       6.993    -0.12645      4.7693
0.0076935       6.993           0      4.2022
0.0074254       6.993     0.12645      2.8482
0.0070645       6.993     0.12645      5.1885
0.0069564      6.9444    -0.52334      6.0339
0.0073056      6.9444    -0.38422     0.64084
0.0075647      6.9444    -0.38422     0.58967
0.0077241      6.9444    -0.25257      1.9122
0.0077779      6.9444    -0.12527       1.285
0.0077241      6.9444    -0.12527      5.8149
0.0075647      6.9444           0       4.934
0.0073056      6.9444     0.12527    0.086138
0.0069564      6.9444     0.12527      5.0003
0.0068505      6.8966      -0.518      3.0997
0.0071883      6.8966    -0.38047      1.7244
0.0074388      6.8966    -0.38047      5.9523
0.0075929      6.8966    -0.25017     0.34089
0.0076449      6.8966     -0.1241     0.94794
0.0075929      6.8966     -0.1241      1.4855
0.0074388      6.8966           0      2.4428
0.0071883      6.8966      0.1241      3.7981
0.0068505      6.8966      0.1241     0.47887
0.0067466      6.8493    -0.51274      4.5966
0.0070735      6.8493    -0.37678      3.4296
0.0073157      6.8493    -0.37678      6.0447
0.0074646      6.8493    -0.24781      1.7301
0.0075149      6.8493    -0.12295      4.3871
0.0074646      6.8493    -0.12295      2.6222
0.0073157      6.8493           0      5.6315
0.0070735      6.8493     0.12295      4.9349
0.0067466      6.8493     0.12295      5.3869
0.0066448      6.8027    -0.50755      4.3315
0.0069611      6.8027    -0.37312      1.4091
0.0071954      6.8027    -0.37312      2.3609
0.0073393      6.8027    -0.24548      5.5981
0.0073879      6.8027    -0.12181       5.802
0.0073393      6.8027    -0.12181      4.5515
0.0071954      6.8027           0      2.3173
0.0069611      6.8027     0.12181      2.7731
0.0066448      6.8027     0.12181      5.3111
0.0065448      6.7568    -0.50243       1.917
0.0068511      6.7568    -0.50243      5.6203
0.0070777      6.7568    -0.36952       3.827
0.0072169      6.7568    -0.24317      5.1791
0.0072638      6.7568    -0.12068      4.8967
0.0072169      6.7568    -0.12068      2.3642
0.0070777      6.7568           0      4.5873
0.0068511      6.7568     0.12068     0.91604
0.0065448      6.7568     0.12068      1.4227
0.0064468      6.7114    -0.49737      2.9581
0.0067433      6.7114    -0.49737      5.3037
0.0069626      6.7114    -0.36595     0.70945
0.0070972      6.7114    -0.24088      1.8813
0.0071426      6.7114    -0.11956      6.0847
0.0070972      6.7114    -0.11956      2.2585
0.0069626      6.7114           0      1.8713
0.0067433      6.7114     0.11956      3.5873
0.0064468      6.7114     0.11956       1.469
0.0063507      6.6667    -0.49239      1.0619
0.0066378      6.6667    -0.49239      5.9616
0.00685      6.6667    -0.36243      4.4745
0.0069803      6.6667    -0.23862      4.6735
0.0070242      6.6667    -0.11846      5.7875
0.0069803      6.6667    -0.11846      1.9071
0.00685      6.6667           0      2.8739
0.0066378      6.6667     0.11846      5.9932
0.0063507      6.6667     0.11846      5.9121
0.0062564      6.6225    -0.48747      5.3026
0.0065345      6.6225    -0.48747      2.8699
0.0067399      6.6225    -0.35895      5.8399
0.0068659      6.6225    -0.23639       4.817
0.0069084      6.6225    -0.11737      4.4354
0.0068659      6.6225    -0.11737      5.1511
0.0067399      6.6225           0      3.6483
0.0065345      6.6225     0.11737      5.0767
0.0062564      6.6225     0.11737       1.371
0.0061639      6.5789    -0.48261      3.0465
0.0064333      6.5789    -0.48261      1.2174
0.0066322      6.5789    -0.35551     0.75876
0.0067541      6.5789    -0.23418      5.6544
0.0067952      6.5789    -0.11629      5.3897
0.0067541      6.5789    -0.11629     0.88121
0.0066322      6.5789           0     0.72697
0.0064333      6.5789     0.11629     0.51528
0.0061639      6.5789     0.11629      2.5476
0.0060732      6.5359    -0.47782      5.2226
0.0063342      6.5359    -0.47782       1.761
0.0065268      6.5359    -0.35211      4.3447
0.0066448      6.5359      -0.232      2.8704
0.0066846      6.5359      -0.232      1.8525
0.0066448      6.5359    -0.11522      2.1802
0.0065268      6.5359           0      2.7292
0.0063342      6.5359     0.11522    0.085816
0.0060732      6.5359       0.232      4.0087
0.0059842      6.4935    -0.47309     0.24583
0.0062372      6.4935    -0.47309      1.1577
0.0064237      6.4935    -0.34875      2.6053
0.0065379      6.4935    -0.22984      5.4746
0.0065764      6.4935    -0.22984     0.29774
0.0065379      6.4935    -0.11416      5.4521
0.0064237      6.4935           0      6.1069
0.0062372      6.4935     0.11416      6.2509
0.0059842      6.4935     0.22984        4.92
