
[NumberOfWaves] 990
=================================
0.0129539      22.2222      2.79244      1.88467
0.0135781      22.2222      2.87971      3.80395
0.0140404      22.2222      2.96697      4.97094
0.0143246      22.2222      3.05424      6.10012
0.0144205      22.2222       3.1415      4.85917
0.0143246      22.2222      3.22876      3.76969
0.0140404      22.2222      3.31603       2.8215
0.0135781      22.2222      3.40329     0.964269
0.0129539      22.2222      3.49056      1.32718
0.0156773      21.7391      2.79244      4.40029
0.0165227      21.7391      2.87971      6.00769
0.0171519      21.7391      2.96697      3.99265
0.0175399      21.7391      3.05424      5.59986
0.017671      21.7391       3.1415      1.35892
0.0175399      21.7391      3.22876      4.29471
0.0171519      21.7391      3.31603      1.97951
0.0165227      21.7391      3.40329     0.159504
0.0156773      21.7391      3.49056      5.15362
0.0184931      21.2766      2.79244      2.71846
0.0196069      21.2766      2.87971     0.557344
0.0204401      21.2766      2.96697      5.87513
0.0209556      21.2766      3.05424      2.45525
0.0211301      21.2766       3.1415      3.69397
0.0209556      21.2766      3.22876      1.50689
0.0204401      21.2766      3.31603      4.10635
0.0196069      21.2766      3.40329      2.30292
0.0184931      21.2766      3.49056      3.02369
0.0213283      20.8333      2.79244      2.52379
0.0227602      20.8333      2.87971      2.09725
0.0238373      20.8333      2.96697      1.68124
0.0245061      20.8333      3.05424      4.82436
0.0247329      20.8333       3.1415      1.51032
0.0245061      20.8333      3.22876       6.0397
0.0238373      20.8333      3.31603      5.80267
0.0227602      20.8333      3.40329      1.72309
0.0213283      20.8333      3.49056      1.40286
0.0241148      20.4082      2.79244      1.58409
0.0259161      20.4082      2.87971      1.55186
0.0272791      20.4082      2.96697      1.50526
0.0281288      20.4082      3.05424       2.6907
0.0284176      20.4082       3.1415      5.18929
0.0281288      20.4082      3.22876      3.87778
0.0272791      20.4082      3.31603      1.21811
0.0259161      20.4082      3.40329      5.07718
0.0241148      20.4082      3.49056      6.19274
0.0267935           20      2.79244     0.933669
0.0290161           20      2.87971      5.35959
0.030709           20      2.96697      1.49914
0.0317691           20      3.05424      2.61964
0.03213           20       3.1415      2.02564
0.0317691           20      3.22876      2.72706
0.030709           20      3.31603       2.0572
0.0290161           20      3.40329     0.621821
0.0267935           20      3.49056      4.21699
0.0293189      19.6078      2.79244     0.310121
0.0320155      19.6078      2.87971      1.26286
0.034084      19.6078      2.96697      3.13608
0.0353853      19.6078      3.05424      1.73046
0.0358294      19.6078       3.1415      2.63637
0.0353853      19.6078      3.22876      3.75091
0.034084      19.6078      3.31603     0.308777
0.0320155      19.6078      3.40329      5.57101
0.0293189      19.6078      3.49056      5.39269
0.0316637      19.2308      2.79244     0.534442
0.0348876      19.2308      2.87971      1.11471
0.0373794      19.2308      2.96697    0.0841829
0.0389551      19.2308      3.05424      3.70688
0.0394943      19.2308       3.1415       4.4475
0.0389551      19.2308      3.22876      4.76831
0.0373794      19.2308      3.31603      1.34438
0.0348876      19.2308      3.40329      6.07043
0.0316637      19.2308      3.49056      3.04342
0.0338233      18.8679      2.79244     0.392487
0.0376298      18.8679      2.87971      1.12126
0.0405964      18.8679      2.96697      2.12531
0.0424826      18.8679      3.05424      5.53207
0.0431298      18.8679       3.1415     0.268413
0.0424826      18.8679      3.22876      2.23302
0.0405964      18.8679      3.31603      4.02577
0.0376298      18.8679      3.40329      5.20159
0.0338233      18.8679      3.49056     0.280366
0.03582      18.5185      2.79244      4.96876
0.0402697      18.5185      2.87971      0.32138
0.0437687      18.5185      2.96697      1.86244
0.0460065      18.5185      3.05424      1.70987
0.0467766      18.5185       3.1415      5.73923
0.0460065      18.5185      3.22876      3.80415
0.0437687      18.5185      3.31603      3.15543
0.0402697      18.5185      3.40329      4.62806
0.03582      18.5185      3.49056      0.70447
0.0377066      18.1818      2.79244      5.55725
0.0428704      18.1818      2.87971      3.32717
0.0469698      18.1818      2.96697    0.0345183
0.0496084      18.1818      3.05424       1.0233
0.0505193      18.1818       3.1415      1.64819
0.0496084      18.1818      3.22876     0.244219
0.0469698      18.1818      3.31603      4.28541
0.0428704      18.1818      3.40329     0.177158
0.0377066      18.1818      3.49056      3.14118
0.0395659      17.8571      2.79244      3.02021
0.0455319      17.8571      2.87971         1.75
0.0503172      17.8571      2.96697      3.71006
0.0534184      17.8571      3.05424      1.80583
0.0544927      17.8571       3.1415      5.78002
0.0534184      17.8571      3.22876    0.0380991
0.0503172      17.8571      3.31603      3.54694
0.0455319      17.8571      3.40329      2.31649
0.0395659      17.8571      3.49056      2.33326
0.0415057      17.5439      2.79244     0.133164
0.048389      17.5439      2.87971        4.318
0.0539713      17.5439      2.96697      3.48432
0.0576157      17.5439      3.05424      4.80923
0.0588827      17.5439       3.1415      4.97198
0.0576157      17.5439      3.22876      1.54914
0.0539713      17.5439      3.31603      1.25539
0.048389      17.5439      3.40329      2.30548
0.0415057      17.5439      3.49056      4.52107
0.0436457      17.2414      2.79244     0.787667
0.0515982      17.2414      2.87971      2.70103
0.0581245      17.2414      2.96697     0.102749
0.0624187      17.2414      3.05424      0.44622
0.0639176      17.2414       3.1415      4.46285
0.0624187      17.2414      3.22876      5.04492
0.0581245      17.2414      3.31603      5.71877
0.0515982      17.2414      3.40329      5.73087
0.0436457      17.2414      3.49056      3.95538
0.0460955      16.9492      2.79244     0.826176
0.0553143      16.9492      2.87971     0.390404
0.0629764      16.9492      2.96697      4.88531
0.0680606      16.9492      3.05424      4.66293
0.0698426      16.9492       3.1415      3.93271
0.0680606      16.9492      3.22876      4.58091
0.0629764      16.9492      3.31603      1.27554
0.0553143      16.9492      3.40329      4.99495
0.0460955      16.9492      3.49056      6.12323
0.0489208      16.6667      2.79244      2.63977
0.0596505      16.6667      2.87971      1.54386
0.06869      16.6667      2.96697      3.01661
0.0747424      16.6667      3.05424      4.20315
0.0768734      16.6667       3.1415      5.35548
0.0747424      16.6667      3.22876      5.93946
0.06869      16.6667      3.31603     0.808825
0.0596505      16.6667      3.40329      4.37702
0.0489208      16.6667      3.49056     0.503169
0.0520989      16.3934      2.79244     0.650684
0.0646204      16.3934      2.87971     0.824319
0.0753231      16.3934      2.96697      3.23609
0.0825585      16.3934      3.05424      3.02703
0.0851183      16.3934       3.1415      2.80149
0.0825585      16.3934      3.22876      5.01495
0.0753231      16.3934      3.31603      3.32332
0.0646204      16.3934      3.40329      4.20235
0.0520989      16.3934      3.49056      3.03681
0.0554689       16.129      2.79244      2.09027
0.070067       16.129      2.87971      1.62605
0.0827389       16.129      2.96697      6.11777
0.0913939       16.129      3.05424      1.66098
0.0944717       16.129       3.1415       4.9632
0.0913939       16.129      3.22876      3.12308
0.0827389       16.129      3.31603      2.01549
0.070067       16.129      3.40329       3.8721
0.0554689       16.129      3.49056    0.0433159
0.0586946       15.873      2.79244     0.395412
0.0755984       15.873      2.87971      5.78052
0.0905153       15.873      2.96697      5.69343
0.100816       15.873      3.05424      5.22455
0.104499       15.873       3.1415      5.74062
0.100816       15.873      3.22876      4.26715
0.0905153       15.873      3.31603      4.88226
0.0755984       15.873      3.40329      4.35832
0.0586946       15.873      3.49056      1.24942
0.0612727       15.625      2.79244      2.84236
0.0805725       15.625      2.87971      4.95658
0.0979047       15.625      2.96697    0.0120919
0.110013       15.625      3.05424      3.49069
0.114368       15.625       3.1415       2.7221
0.110013       15.625      3.22876     0.367027
0.0979047       15.625      3.31603      2.77683
0.0805725       15.625      3.40329      5.27517
0.0612727       15.625      3.49056      3.88451
0.0626214      15.3846      2.79244      4.65944
0.0841836      15.3846      2.87971      5.87861
0.103912      15.3846      2.96697      2.04392
0.117866      15.3846      3.05424      4.68706
0.122915      15.3846       3.1415      5.48442
0.117866      15.3846      3.22876      2.72234
0.103912      15.3846      3.31603      3.27696
0.0841836      15.3846      3.40329      4.10066
0.0626214      15.3846      3.49056       2.9468
0.0622495      15.1515      2.79244      1.15167
0.0856711      15.1515      2.87971      1.41997
0.107529      15.1515      2.96697      2.58832
0.123194      15.1515      3.05424    0.0960778
0.1289      15.1515       3.1415      4.71646
0.123194      15.1515      3.22876     0.390321
0.107529      15.1515      3.31603      2.71227
0.0856711      15.1515      3.40329      3.41028
0.0622495      15.1515      3.49056      3.83356
0.0612978      14.9254      2.79244      2.74086
0.0854052      14.9254      2.87971     0.509354
0.108137      14.9254      2.96697       1.7841
0.124541      14.9254      3.05424     0.460084
0.130537      14.9254       3.1415      4.58645
0.124541      14.9254      3.22876      2.17627
0.108137      14.9254      3.31603      4.09781
0.0854052      14.9254      3.40329      3.02688
0.0612978      14.9254      3.49056      2.40384
0.0616115      14.7059      2.79244      2.05382
0.0848133      14.7059      2.87971       0.6474
0.10647      14.7059      2.96697       2.3273
0.121993      14.7059      3.05424      2.37147
0.127648      14.7059       3.1415      3.02714
0.121993      14.7059      3.22876      4.99888
0.10647      14.7059      3.31603      4.34403
0.0848133      14.7059      3.40329      5.33923
0.0616115      14.7059      3.49056      3.21867
0.0607987      14.4928      2.79244      5.37217
0.0827412      14.4928      2.87971      2.92437
0.103026      14.4928      2.96697      1.66404
0.117472      14.4928      3.05424      3.95505
0.122718      14.4928       3.1415      3.53566
0.117472      14.4928      3.22876      3.40009
0.103026      14.4928      3.31603      2.47118
0.0827412      14.4928      3.40329      2.64177
0.0607987      14.4928      3.49056     0.861537
0.0590556      14.2857      2.79244      1.83575
0.0794988      14.2857      2.87971    0.0460117
0.0982247      14.2857      2.96697      5.86016
0.11148      14.2857      3.05424      3.82797
0.116278      14.2857       3.1415      5.60347
0.11148      14.2857      3.22876      2.64404
0.0982247      14.2857      3.31603      2.51434
0.0794988      14.2857      3.40329      3.48037
0.0590556      14.2857      3.49056       3.7463
0.0566574      14.0845      2.79244      3.18095
0.0754846      14.0845      2.87971      3.68944
0.0925802      14.0845      2.96697     0.834519
0.104611      14.0845      3.05424      4.78512
0.108954      14.0845       3.1415      4.09113
0.104611      14.0845      3.22876       2.2059
0.0925802      14.0845      3.31603      1.96404
0.0754846      14.0845      3.40329      1.72312
0.0566574      14.0845      3.49056     0.939502
0.0538983      13.8889      2.79244      2.10069
0.0711042      13.8889      2.87971      5.23395
0.0865981      13.8889      2.96697      1.46756
0.0974419      13.8889      3.05424     0.435041
0.101345      13.8889       3.1415      3.10837
0.0974419      13.8889      3.22876     0.767477
0.0865981      13.8889      3.31603      2.52967
0.0711042      13.8889      3.40329     0.573099
0.0538983      13.8889      3.49056       4.5272
0.051042      13.6986      2.79244      2.15094
0.0667066      13.6986      2.87971      3.55809
0.0807012      13.6986      2.96697       4.1123
0.0904442      13.6986      3.05424      4.09966
0.093942      13.6986       3.1415      4.40348
0.0904442      13.6986      3.22876      1.89184
0.0807012      13.6986      3.31603     0.536969
0.0667066      13.6986      3.40329      3.97988
0.051042      13.6986      3.49056      1.67401
0.0482916      13.5135      2.79244      5.61858
0.0625498      13.5135      2.87971      1.88659
0.0751919      13.5135      2.96697       4.4927
0.0839491      13.5135      3.05424       2.0756
0.0870852      13.5135       3.1415       2.2925
0.0839491      13.5135      3.22876      3.72172
0.0751919      13.5135      3.31603      5.68728
0.0625498      13.5135      3.40329      1.66203
0.0482916      13.5135      3.49056      5.96776
0.0457814      13.3333      2.79244      4.64143
0.0587943      13.3333      2.87971    0.0280294
0.0702494      13.3333      2.96697      5.34518
0.0781463      13.3333      3.05424      4.37028
0.0809676      13.3333       3.1415      3.53376
0.0781463      13.3333      3.22876      2.12187
0.0702494      13.3333      3.31603      2.09098
0.0587943      13.3333      3.40329     0.485819
0.0457814      13.3333      3.49056       2.8795
0.0435823      13.1579      2.79244      4.12913
0.055516      13.1579      2.87971      3.59359
0.0659488      13.1579      2.96697      2.52645
0.0731082      13.1579      3.05424      5.87273
0.0756601      13.1579       3.1415      2.26524
0.0731082      13.1579      3.22876      5.95449
0.0659488      13.1579      3.31603     0.189266
0.055516      13.1579      3.40329      2.77141
0.0435823      13.1579      3.49056      4.40256
0.0417155       12.987      2.79244       4.4169
0.0527261       12.987      2.87971      3.20538
0.0622888       12.987      2.96697      3.84673
0.0688224       12.987      3.05424      4.68944
0.0711462       12.987       3.1415      5.03542
0.0688224       12.987      3.22876      2.11564
0.0622888       12.987      3.31603       3.5442
0.0527261       12.987      3.40329      5.37364
0.0417155       12.987      3.49056      3.70168
0.0401675      12.8205      2.79244      3.19328
0.0503934      12.8205      2.87971       5.3621
0.0592189      12.8205      2.96697       4.2963
0.0652237      12.8205      3.05424     0.668123
0.0673549      12.8205       3.1415      3.15379
0.0652237      12.8205      3.22876     0.120424
0.0592189      12.8205      3.31603      2.78091
0.0503934      12.8205      3.40329      5.69978
0.0401675      12.8205      3.49056     0.280659
0.0389039      12.6582      2.79244      5.93863
0.0484624      12.6582      2.87971      1.13333
0.0566623      12.6582      2.96697      2.32413
0.0622192      12.6582      3.05424      1.28952
0.0641875      12.6582       3.1415     0.600566
0.0622192      12.6582      3.22876      2.71891
0.0566623      12.6582      3.31603      1.74392
0.0484624      12.6582      3.40329     0.633692
0.0389039      12.6582      3.49056      3.13472
0.0378798         12.5      2.79244      1.50185
0.0468668         12.5      2.87971      2.19655
0.0545322         12.5      2.96697      3.50756
0.059707         12.5      3.05424       3.4435
0.0615365         12.5       3.1415      2.64686
0.059707         12.5      3.22876      2.42209
0.0545322         12.5      3.31603      2.39171
0.0468668         12.5      3.40329      1.76382
0.0378798         12.5      3.49056      1.13039
0.0370474      12.3457      2.79244     0.799726
0.0455395      12.3457      2.87971    0.0985817
0.0527429      12.3457      2.96697      4.73165
0.0575881      12.3457      3.05424      3.17263
0.0592979      12.3457       3.1415      4.53702
0.0575881      12.3457      3.22876        4.782
0.0527429      12.3457      3.31603      1.68981
0.0455395      12.3457      3.40329      1.21653
0.0370474      12.3457      3.49056     0.403047
0.0363614      12.1951      2.79244      2.67263
0.0444184      12.1951      2.87971      4.41159
0.0512168      12.1951      2.96697      6.14051
0.0557735      12.1951      3.05424      3.46559
0.0573787      12.1951       3.1415     0.275238
0.0557735      12.1951      3.22876      3.65764
0.0512168      12.1951      3.31603      1.74903
0.0444184      12.1951      3.40329      3.40661
0.0363614      12.1951      3.49056      2.78539
0.0357816      12.0482      2.79244     0.736402
0.0434499      12.0482      2.87971      2.38717
0.0498875      12.0482      2.96697      4.80545
0.0541879      12.0482      3.05424      5.77011
0.0557003      12.0482       3.1415      4.35223
0.0541879      12.0482      3.22876      6.09843
0.0498875      12.0482      3.31603     0.792694
0.0434499      12.0482      3.40329      4.06142
0.0357816      12.0482      3.49056      2.43058
0.0352749      11.9048      2.79244      3.53321
0.0425899      11.9048      2.87971      1.24624
0.0487012      11.9048      2.96697      2.47504
0.0527705      11.9048      3.05424      2.13774
0.0541993      11.9048       3.1415      2.23975
0.0527705      11.9048      3.22876      2.34381
0.0487012      11.9048      3.31603     0.724833
0.0425899      11.9048      3.40329       3.1491
0.0352749      11.9048      3.49056      5.13266
0.034815      11.7647      2.79244      2.15825
0.0418043      11.7647      2.87971       3.1323
0.0476165      11.7647      2.96697     0.741545
0.0514745      11.7647      3.05424      3.61597
0.0528271      11.7647       3.1415      3.23866
0.0514745      11.7647      3.22876       2.2322
0.0476165      11.7647      3.31603      5.42442
0.0418043      11.7647      3.40329      2.16145
0.034815      11.7647      3.49056      2.87059
0.0343825      11.6279      2.79244      1.49591
0.0410679      11.6279      2.87971      4.84522
0.0466025      11.6279      2.96697       1.7178
0.0502655      11.6279      3.05424      3.29859
0.0515477      11.6279       3.1415      3.33699
0.0502655      11.6279      3.22876      5.48747
0.0466025      11.6279      3.31603      5.89102
0.0410679      11.6279      3.40329     0.306092
0.0343825      11.6279      3.49056      6.15008
0.0339638      11.4943      2.79244       3.9729
0.0403629      11.4943      2.87971     0.456358
0.0456379      11.4943      2.96697      1.33089
0.049119      11.4943      3.05424      2.26117
0.0503358      11.4943       3.1415      2.68084
0.049119      11.4943      3.22876      4.76343
0.0456379      11.4943      3.31603      5.75366
0.0403629      11.4943      3.40329      3.95666
0.0339638      11.4943      3.49056      6.00598
0.0335498      11.3636      2.79244      4.74441
0.0396775      11.3636      2.87971      3.30556
0.044708      11.3636      2.96697      5.34125
0.0480186      11.3636      3.05424      5.12712
0.0491743      11.3636       3.1415     0.830176
0.0480186      11.3636      3.22876      4.77963
0.044708      11.3636      3.31603      3.87807
0.0396775      11.3636      3.40329      2.49842
0.0335498      11.3636      3.49056      5.28571
0.033135       11.236      2.79244     0.240763
0.0390044       11.236      2.87971     0.604462
0.0438036       11.236      2.96697      5.95693
0.0469537       11.236      3.05424      2.48817
0.048052       11.236       3.1415       3.3442
0.0469537       11.236      3.22876      5.67759
0.0438036       11.236      3.31603      2.13644
0.0390044       11.236      3.40329      4.17126
0.033135       11.236      3.49056      4.57001
0.0327166      11.1111      2.79244      1.40119
0.0383392      11.1111      2.87971      3.48992
0.0429192      11.1111      2.96697      2.86023
0.0459178      11.1111      3.05424      3.83429
0.0469619      11.1111       3.1415      3.41789
0.0459178      11.1111      3.22876      3.25683
0.0429192      11.1111      3.31603      1.79724
0.0383392      11.1111      3.40329      5.52286
0.0327166      11.1111      3.49056       5.8843
0.0322932       10.989      2.79244      5.06541
0.0376799       10.989      2.87971      6.08876
0.0420516       10.989      2.96697      3.29377
0.0449069       10.989      3.05424     0.709156
0.0458999       10.989       3.1415      4.08542
0.0449069       10.989      3.22876      1.19934
0.0420516       10.989      3.31603      5.38413
0.0376799       10.989      3.40329      5.92395
0.0322932       10.989      3.49056     0.649957
0.0318648      10.8696      2.79244      1.86253
0.0370257      10.8696      2.87971      5.02033
0.0411994      10.8696      2.96697      2.77529
0.043919      10.8696      3.05424      3.09451
0.0448637      10.8696       3.1415      0.18545
0.043919      10.8696      3.22876      3.59792
0.0411994      10.8696      3.31603      3.59678
0.0370257      10.8696      3.40329      4.66005
0.0318648      10.8696      3.49056     0.481313
0.0314316      10.7527      2.79244      4.94577
0.0363765      10.7527      2.87971      1.21573
0.0403619      10.7527      2.96697      3.33582
0.042953      10.7527      3.05424      5.80631
0.0438519      10.7527       3.1415      6.19539
0.042953      10.7527      3.22876      6.12777
0.0403619      10.7527      3.31603      1.91486
0.0363765      10.7527      3.40329      4.73511
0.0314316      10.7527      3.49056      1.29653
0.0309946      10.6383      2.79244      5.41206
0.0357327      10.6383      2.87971      4.13323
0.039539      10.6383      2.96697     0.642159
0.0420082      10.6383      3.05424      3.64706
0.042864      10.6383       3.1415       6.0536
0.0420082      10.6383      3.22876      5.30833
0.039539      10.6383      3.31603      4.73177
0.0357327      10.6383      3.40329      4.41726
0.0309946      10.6383      3.49056      1.54954
0.0305546      10.5263      2.79244     0.250952
0.0350949      10.5263      2.87971      2.90346
0.0387308      10.5263      2.96697      0.73746
0.0410845      10.5263      3.05424      1.01546
0.0418994      10.5263       3.1415      2.63733
0.0410845      10.5263      3.22876       4.1852
0.0387308      10.5263      3.31603      6.11433
0.0350949      10.5263      3.40329      1.75704
0.0305546      10.5263      3.49056      3.33874
0.0301127      10.4167      2.79244      5.84754
0.0344638      10.4167      2.87971      1.04714
0.0379374      10.4167      2.96697      4.95886
0.0401817      10.4167      3.05424     0.646931
0.0409578      10.4167       3.1415       5.5518
0.0401817      10.4167      3.22876      3.28122
0.0379374      10.4167      3.31603      6.12044
0.0344638      10.4167      3.40329       4.7506
0.0301127      10.4167      3.49056      4.53991
0.0296698      10.3093      2.79244    0.0163433
0.0338398      10.3093      2.87971      1.29187
0.0371593      10.3093      2.96697       1.6359
0.0392996      10.3093      3.05424     0.502355
0.0400392      10.3093       3.1415      4.62006
0.0392996      10.3093      3.22876      5.16871
0.0371593      10.3093      3.31603      2.15752
0.0338398      10.3093      3.40329     0.855356
0.0296698      10.3093      3.49056      4.18378
0.0292268      10.2041      2.79244      5.21766
0.0332237      10.2041      2.87971      4.23236
0.0363964      10.2041      2.96697     0.876222
0.0384383      10.2041      3.05424      2.38017
0.0391432      10.2041       3.1415      4.26215
0.0384383      10.2041      3.22876      3.24156
0.0363964      10.2041      3.31603      6.14512
0.0332237      10.2041      3.40329      1.68211
0.0292268      10.2041      3.49056       5.4468
0.0287844       10.101      2.79244       2.3483
0.0326159       10.101      2.87971     0.858448
0.035649       10.101      2.96697     0.519551
0.0375975       10.101      3.05424      4.64203
0.0382695       10.101       3.1415       2.3377
0.0375975       10.101      3.22876      2.39078
0.035649       10.101      3.31603      1.89856
0.0326159       10.101      3.40329       1.8505
0.0287844       10.101      3.49056      1.63241
0.0283435           10      2.79244      2.91201
0.0320169           10      2.87971      6.20668
0.0349171           10      2.96697      2.41943
0.036777           10      3.05424      5.92634
0.0374179           10       3.1415      1.04927
0.036777           10      3.22876       5.8118
0.0349171           10      3.31603       4.7395
0.0320169           10      3.40329      5.38201
0.0283435           10      3.49056      3.78479
0.027905       9.901      2.7924     0.67459
0.031427       9.901      2.8797      2.8617
0.034201       9.901       2.967      4.1128
0.035977       9.901      3.0542     0.36148
0.036588       9.901      3.1415     0.13359
0.035977       9.901      3.2288      1.8208
0.034201       9.901       3.316      5.8525
0.031427       9.901      3.4033      3.2296
0.027905       9.901      3.4906      5.4995
0.027469      9.8039      2.7924      2.3756
0.030846      9.8039      2.8797      5.5574
0.0335      9.8039       2.967        3.36
0.035196      9.8039      3.0542      5.6082
0.03578      9.8039      3.1415     0.64566
0.035196      9.8039      3.2288      1.3323
0.0335      9.8039       3.316      4.4082
0.030846      9.8039      3.4033      2.2704
0.027469      9.8039      3.4906   0.0087693
0.027036      9.7087      2.7924      2.4146
0.030276      9.7087      2.8797      2.0115
0.032815      9.7087       2.967      2.4714
0.034435      9.7087      3.0542      1.1388
0.034992      9.7087      3.1415      1.3155
0.034435      9.7087      3.2288      3.7304
0.032815      9.7087       3.316       3.735
0.030276      9.7087      3.4033      1.0836
0.027036      9.7087      3.4906       5.862
0.026606      9.6154      2.7924     0.35321
0.029714      9.6154      2.8797      1.2674
0.032145      9.6154       2.967      3.1933
0.033693      9.6154      3.0542      4.7701
0.034225      9.6154      3.1415     0.91765
0.033693      9.6154      3.2288      5.8499
0.032145      9.6154       3.316      2.6511
0.029714      9.6154      3.4033     0.35498
0.026606      9.6154      3.4906       4.236
0.026181      9.5238      2.7924       1.758
0.029163      9.5238      2.8797      4.9013
0.03149      9.5238       2.967      6.0495
0.03297      9.5238      3.0542      4.3242
0.033478      9.5238      3.1415      3.1316
0.03297      9.5238      3.2288     0.62222
0.03149      9.5238       3.316      1.8079
0.029163      9.5238      3.4033       3.381
0.026181      9.5238      3.4906    0.071187
0.02576       9.434      2.7924      1.7771
0.028622       9.434      2.8797      3.7043
0.03085       9.434       2.967       1.081
0.032266       9.434      3.0542      1.0687
0.032751       9.434      3.1415      4.2495
0.032266       9.434      3.2288      3.5788
0.03085       9.434       3.316      3.4661
0.028622       9.434      3.4033      6.0784
0.02576       9.434      3.4906      3.9484
0.025344      9.3458      2.7924      2.0391
0.028091      9.3458      2.8797      3.2735
0.030225      9.3458       2.967      5.4344
0.031579      9.3458      3.0542       6.246
0.032043      9.3458      3.1415      5.2682
0.031579      9.3458      3.2288      2.1827
0.030225      9.3458       3.316      4.7085
0.028091      9.3458      3.4033      5.9023
0.025344      9.3458      3.4906      4.1976
0.024933      9.2593      2.7924      3.0234
0.02757      9.2593      2.8797       1.798
0.029615      9.2593       2.967      3.7394
0.03091      9.2593      3.0542      2.1136
0.031354      9.2593      3.1415      6.0289
0.03091      9.2593      3.2288      2.7776
0.029615      9.2593       3.316      6.0442
0.02757      9.2593      3.4033      4.2497
0.024933      9.2593      3.4906      4.4363
0.024528      9.1743      2.7924      6.0172
0.02706      9.1743      2.8797      5.9052
0.029019      9.1743       2.967      5.2385
0.030259      9.1743      3.0542     0.97538
0.030683      9.1743      3.1415      5.2176
0.030259      9.1743      3.2288      2.9162
0.029019      9.1743       3.316      1.8767
0.02706      9.1743      3.4033      3.2879
0.024528      9.1743      3.4906      5.2251
0.024127      9.0909      2.7924      3.3874
0.026559      9.0909      2.8797      1.6325
0.028437      9.0909       2.967      2.2244
0.029624      9.0909      3.0542      1.1733
0.03003      9.0909      3.1415      2.2032
0.029624      9.0909      3.2288       1.192
0.028437      9.0909       3.316      5.2506
0.026559      9.0909      3.4033      2.4136
0.024127      9.0909      3.4906    0.059687
0.023732       9.009      2.7924      1.9416
0.026068       9.009      2.8797      5.2573
0.027869       9.009       2.967      1.7676
0.029006       9.009      3.0542      4.9092
0.029395       9.009      3.1415      3.3395
0.029006       9.009      3.2288     0.96704
0.027869       9.009       3.316      3.3002
0.026068       9.009      3.4033      1.7796
0.023732       9.009      3.4906      4.4915
0.023343      8.9286      2.7924      4.6142
0.025588      8.9286      2.8797      2.8251
0.027315      8.9286       2.967       1.144
0.028404      8.9286      3.0542      0.8516
0.028776      8.9286      3.1415      1.7138
0.028404      8.9286      3.2288      3.9937
0.027315      8.9286       3.316      5.0653
0.025588      8.9286      3.4033      4.1963
0.023343      8.9286      3.4906      1.8006
0.02296      8.8496      2.7924     0.89496
0.025117      8.8496      2.8797      1.5448
0.026774      8.8496       2.967      4.3472
0.027817      8.8496      3.0542     0.45079
0.028174      8.8496      3.1415      3.1331
0.027817      8.8496      3.2288       6.195
0.026774      8.8496       3.316      5.6855
0.025117      8.8496      3.4033       3.614
0.02296      8.8496      3.4906       4.816
0.022583      8.7719      2.7924      4.6919
0.024656      8.7719      2.8797      4.3688
0.026246      8.7719       2.967      4.2556
0.027246      8.7719      3.0542      1.7743
0.027587      8.7719      3.1415      3.6559
0.027246      8.7719      3.2288      3.8884
0.026246      8.7719       3.316      5.1159
0.024656      8.7719      3.4033     0.10045
0.022583      8.7719      3.4906      1.3468
0.022211      8.6957      2.7924      6.2068
0.024204      8.6957      2.8797      5.1353
0.025731      8.6957       2.967      3.9714
0.026689      8.6957      3.0542      4.2859
0.027017      8.6957      3.1415       5.078
0.026689      8.6957      3.2288      1.7571
0.025731      8.6957       3.316       4.178
0.024204      8.6957      3.4033     0.18424
0.022211      8.6957      3.4906      3.4203
0.021846      8.6207      2.7924      3.3235
0.023763      8.6207      2.8797      5.4861
0.025228      8.6207       2.967      1.1787
0.026147      8.6207      3.0542      5.8524
0.026461      8.6207      3.1415      6.1344
0.026147      8.6207      3.2288       2.081
0.025228      8.6207       3.316      3.9188
0.023763      8.6207      3.4033      3.3115
0.021846      8.6207      3.4906      2.8844
0.021487       8.547      2.7924      2.2529
0.02333       8.547      2.8797      2.1002
0.024737       8.547       2.967     0.52272
0.025619       8.547      3.0542      2.4529
0.02592       8.547      3.1415      1.5038
0.025619       8.547      3.2288      3.0552
0.024737       8.547       3.316      4.3987
0.02333       8.547      3.4033     0.86247
0.021487       8.547      3.4906      5.1927
0.021133      8.4746      2.7924      5.8435
0.022907      8.4746      2.8797      5.2069
0.024258      8.4746       2.967       3.047
0.025105      8.4746      3.0542      4.1453
0.025393      8.4746      3.1415      2.8676
0.025105      8.4746      3.2288      2.6292
0.024258      8.4746       3.316     0.21548
0.022907      8.4746      3.4033      5.8234
0.021133      8.4746      3.4906     0.27256
0.020786      8.4034      2.7924      2.9911
0.022493      8.4034      2.8797      2.4237
0.023791      8.4034       2.967      3.3555
0.024604      8.4034      3.0542      6.2715
0.024881      8.4034      3.1415      5.6702
0.024604      8.4034      3.2288    0.092709
0.023791      8.4034       3.316       4.904
0.022493      8.4034      3.4033      3.0491
0.020786      8.4034      3.4906      2.4518
0.020445      8.3333      2.7924      5.1715
0.022087      8.3333      2.8797       5.494
0.023335      8.3333       2.967      6.2727
0.024116      8.3333      3.0542      1.2293
0.024381      8.3333      3.1415       5.466
0.024116      8.3333      3.2288       1.932
0.023335      8.3333       3.316      2.5838
0.022087      8.3333      3.4033      5.1291
0.020445      8.3333      3.4906      2.3137
0.02011      8.2645      2.7924      2.6779
0.021691      8.2645      2.8797     0.57312
0.022891      8.2645       2.967      4.1939
0.02364      8.2645      3.0542      4.5948
0.023895      8.2645      3.1415        1.89
0.02364      8.2645      3.2288      2.1236
0.022891      8.2645       3.316      4.6137
0.021691      8.2645      3.4033      6.1916
0.02011      8.2645      3.4906      4.3904
0.019781      8.1967      2.7924     0.56504
0.021303      8.1967      2.8797      2.9576
0.022457      8.1967       2.967       3.992
0.023177      8.1967      3.0542      3.3003
0.023422      8.1967      3.1415     0.88804
0.023177      8.1967      3.2288      1.7311
0.022457      8.1967       3.316       6.202
0.021303      8.1967      3.4033       4.995
0.019781      8.1967      3.4906      5.8641
0.019457      8.1301      2.7924      2.1888
0.020923      8.1301      2.8797       1.314
0.022033      8.1301       2.967      4.2747
0.022725      8.1301      3.0542      2.2331
0.02296      8.1301      3.1415      2.7543
0.022725      8.1301      3.2288      5.7099
0.022033      8.1301       3.316      5.2374
0.020923      8.1301      3.4033      2.4591
0.019457      8.1301      3.4906      4.6116
0.01914      8.0645      2.7924      1.8262
0.020552      8.0645      2.8797      1.8355
0.02162      8.0645       2.967      1.8648
0.022285      8.0645      3.0542     0.15608
0.022511      8.0645      3.1415      5.7668
0.022285      8.0645      3.2288      4.3103
0.02162      8.0645       3.316       1.472
0.020552      8.0645      3.4033      3.1249
0.01914      8.0645      3.4906      4.9672
0.018828           8      2.7924       2.389
0.020189           8      2.8797      1.3734
0.021216           8       2.967      4.5405
0.021856           8      3.0542      4.8557
0.022073           8      3.1415      4.3559
0.021856           8      3.2288      3.8934
0.021216           8       3.316      4.7896
0.020189           8      3.4033      3.2136
0.018828           8      3.4906      2.0697
0.018523      7.9365      2.7924   0.0084447
0.019834      7.9365      2.8797      3.6482
0.020823      7.9365       2.967      1.0797
0.021438      7.9365      3.0542      1.2246
0.021647      7.9365      3.1415     0.94447
0.021438      7.9365      3.2288      3.1756
0.020823      7.9365       3.316     0.10924
0.019834      7.9365      3.4033      2.9606
0.018523      7.9365      3.4906      0.2895
0.018223       7.874      2.7924      2.7788
0.019486       7.874      2.8797      1.0276
0.020438       7.874       2.967      3.5945
0.02103       7.874      3.0542      5.1415
0.021231       7.874      3.1415      0.5362
0.02103       7.874      3.2288      1.4629
0.020438       7.874       3.316      1.5459
0.019486       7.874      3.4033      2.2112
0.018223       7.874      3.4906      2.5703
0.017928      7.8125      2.7924     0.71779
0.019146      7.8125      2.8797      2.5585
0.020063      7.8125       2.967      4.2469
0.020633      7.8125      3.0542      3.4118
0.020826      7.8125      3.1415      2.2438
0.020633      7.8125      3.2288      4.1568
0.020063      7.8125       3.316      4.2643
0.019146      7.8125      3.4033     0.82659
0.017928      7.8125      3.4906      2.7621
0.017639      7.7519      2.7924      5.8884
0.018814      7.7519      2.8797      3.5827
0.019697      7.7519       2.967      3.6293
0.020245      7.7519      3.0542       4.804
0.020431      7.7519      3.1415      1.5516
0.020245      7.7519      3.2288      4.3595
0.019697      7.7519       3.316      1.8526
0.018814      7.7519      3.4033      3.5857
0.017639      7.7519      3.4906      3.9885
0.017356      7.6923      2.7924      2.5062
0.018489      7.6923      2.8797      1.5637
0.01934      7.6923       2.967      5.8767
0.019868      7.6923      3.0542      2.8205
0.020047      7.6923      3.1415      3.3412
0.019868      7.6923      3.2288      3.9887
0.01934      7.6923       3.316      4.1978
0.018489      7.6923      3.4033      2.7583
0.017356      7.6923      3.4906      1.0869
0.017077      7.6336      2.7924      4.3628
0.018171      7.6336      2.8797      5.8113
0.018991      7.6336       2.967      2.3285
0.019499      7.6336      3.0542      4.0135
0.019671      7.6336      3.1415      5.5899
0.019499      7.6336      3.2288      3.0343
0.018991      7.6336       3.316      3.9571
0.018171      7.6336      3.4033      2.9217
0.017077      7.6336      3.4906     0.68593
0.016805      7.5758      2.7924     0.71071
0.017859      7.5758      2.8797     0.67789
0.01865      7.5758       2.967      2.8005
0.01914      7.5758      3.0542      5.8988
0.019306      7.5758      3.1415      3.9823
0.01914      7.5758      3.2288      5.8411
0.01865      7.5758       3.316     0.39505
0.017859      7.5758      3.4033      1.9285
0.016805      7.5758      3.4906      5.9674
0.016537      7.5188      2.7924    0.065119
0.017555      7.5188      2.8797      1.0545
0.018317      7.5188       2.967      4.7454
0.018789      7.5188      3.0542      5.2389
0.018949      7.5188      3.1415      3.8066
0.018789      7.5188      3.2288      3.2541
0.018317      7.5188       3.316       5.924
0.017555      7.5188      3.4033       4.657
0.016537      7.5188      3.4906      4.4049
0.016275      7.4627      2.7924      4.6791
0.017257      7.4627      2.8797      5.4902
0.017993      7.4627       2.967      6.0576
0.018447      7.4627      3.0542      6.1694
0.018601      7.4627      3.1415      5.7718
0.018447      7.4627      3.2288      1.7811
0.017993      7.4627       3.316     0.36834
0.017257      7.4627      3.4033      5.1583
0.016275      7.4627      3.4906      1.1279
0.016017      7.4074      2.7924     0.21947
0.016966      7.4074      2.8797      4.8462
0.017675      7.4074       2.967      3.3961
0.018114      7.4074      3.0542      2.0831
0.018262      7.4074      3.1415      3.6329
0.018114      7.4074      3.2288      5.3689
0.017675      7.4074       3.316       4.036
0.016966      7.4074      3.4033      2.6395
0.016017      7.4074      3.4906        3.43
0.015765      7.3529      2.7924      1.1454
0.016681      7.3529      2.8797      1.4845
0.017365      7.3529       2.967      1.2906
0.017788      7.3529      3.0542      1.6316
0.017931      7.3529      3.1415      5.9226
0.017788      7.3529      3.2288       4.031
0.017365      7.3529       3.316       5.209
0.016681      7.3529      3.4033      2.4426
0.015765      7.3529      3.4906      1.0581
0.015517      7.2993      2.7924      4.6502
0.016402      7.2993      2.8797      5.4838
0.017063      7.2993       2.967      2.2338
0.01747      7.2993      3.0542      1.1236
0.017608      7.2993      3.1415      6.2605
0.01747      7.2993      3.2288      6.0262
0.017063      7.2993       3.316     0.98012
0.016402      7.2993      3.4033      5.8365
0.015517      7.2993      3.4906      2.6676
0.015274      7.2464      2.7924      1.4016
0.016129      7.2464      2.8797     0.85697
0.016767      7.2464       2.967      1.6347
0.01716      7.2464      3.0542      3.4209
0.017293      7.2464      3.1415     0.51652
0.01716      7.2464      3.2288       3.758
0.016767      7.2464       3.316     0.18338
0.016129      7.2464      3.4033      2.8582
0.015274      7.2464      3.4906      2.0891
0.015036      7.1942      2.7924      5.9291
0.015862      7.1942      2.8797      1.9044
0.016478      7.1942       2.967      2.6905
0.016858      7.1942      3.0542      4.1533
0.016986      7.1942      3.1415      2.3944
0.016858      7.1942      3.2288     0.85556
0.016478      7.1942       3.316     0.60711
0.015862      7.1942      3.4033      1.9173
0.015036      7.1942      3.4906      5.1765
0.014803      7.1429      2.7924       3.941
0.015601      7.1429      2.8797      1.2939
0.016196      7.1429       2.967      6.1585
0.016562      7.1429      3.0542      2.7505
0.016686      7.1429      3.1415      5.2475
0.016562      7.1429      3.2288      3.3877
0.016196      7.1429       3.316     0.15787
0.015601      7.1429      3.4033    0.042877
0.014803      7.1429      3.4906       4.939
0.014574      7.0922      2.7924       2.811
0.015346      7.0922      2.8797      1.8141
0.01592      7.0922       2.967      5.4234
0.016274      7.0922      3.0542      4.1231
0.016393      7.0922      3.1415      1.7887
0.016274      7.0922      3.2288      4.0498
0.01592      7.0922       3.316      1.6561
0.015346      7.0922      3.4033      1.0981
0.014574      7.0922      3.4906       2.316
0.014349      7.0423      2.7924      3.3774
0.015096      7.0423      2.8797      5.8206
0.01565      7.0423       2.967      4.7067
0.015992      7.0423      3.0542     0.92822
0.016107      7.0423      3.1415    0.018144
0.015992      7.0423      3.2288     0.79803
0.01565      7.0423       3.316       5.761
0.015096      7.0423      3.4033      4.2229
0.014349      7.0423      3.4906     0.71494
0.014129       6.993      2.7924      6.0331
0.014851       6.993      2.8797     0.75008
0.015387       6.993       2.967      3.0938
0.015717       6.993      3.0542      2.2701
0.015828       6.993      3.1415       2.953
0.015717       6.993      3.2288     0.36931
0.015387       6.993       3.316      2.0735
0.014851       6.993      3.4033       1.662
0.014129       6.993      3.4906      1.5451
0.013913      6.9444      2.7924      5.9543
0.014611      6.9444      2.8797     0.20383
0.015129      6.9444       2.967      5.6933
0.015448      6.9444      3.0542      2.3153
0.015556      6.9444      3.1415      4.1627
0.015448      6.9444      3.2288      5.9916
0.015129      6.9444       3.316     0.59141
0.014611      6.9444      3.4033      4.3058
0.013913      6.9444      3.4906      2.5914
0.013701      6.8966      2.7924     0.70237
0.014377      6.8966      2.8797      3.0902
0.014877      6.8966       2.967      2.8999
0.015186      6.8966      3.0542      5.5106
0.01529      6.8966      3.1415      4.1483
0.015186      6.8966      3.2288      1.7465
0.014877      6.8966       3.316       4.129
0.014377      6.8966      3.4033      4.0551
0.013701      6.8966      3.4906      5.6373
0.013493      6.8493      2.7924      5.5437
0.014147      6.8493      2.8797      2.1059
0.014631      6.8493       2.967      2.6829
0.014929      6.8493      3.0542      5.0501
0.01503      6.8493      3.1415      5.7998
0.014929      6.8493      3.2288      5.4456
0.014631      6.8493       3.316      3.1393
0.014147      6.8493      3.4033      3.6723
0.013493      6.8493      3.4906      5.8102
0.013289      6.8027      2.7924      1.0437
0.013922      6.8027      2.8797      2.3521
0.014391      6.8027       2.967      1.6299
0.014678      6.8027      3.0542      5.2179
0.014776      6.8027      3.1415     0.44092
0.014678      6.8027      3.2288      1.7657
0.014391      6.8027       3.316      3.4873
0.013922      6.8027      3.4033       3.889
0.013289      6.8027      3.4906      2.5747
0.013089      6.7568      2.7924      1.6237
0.013702      6.7568      2.8797      2.6184
0.014155      6.7568       2.967      2.4005
0.014434      6.7568      3.0542     0.60527
0.014527      6.7568      3.1415     0.82486
0.014434      6.7568      3.2288       3.832
0.014155      6.7568       3.316      4.1229
0.013702      6.7568      3.4033       5.284
0.013089      6.7568      3.4906      3.1404
0.012893      6.7114      2.7924      1.9301
0.013487      6.7114      2.8797      1.0666
0.013925      6.7114       2.967     0.30639
0.014194      6.7114      3.0542      1.4188
0.014285      6.7114      3.1415      2.3057
0.014194      6.7114      3.2288      3.5678
0.013925      6.7114       3.316      3.5795
0.013487      6.7114      3.4033      4.8931
0.012893      6.7114      3.4906      3.7085
0.012701      6.6667      2.7924      0.6953
0.013276      6.6667      2.8797      4.0254
0.0137      6.6667       2.967      0.4525
0.01396      6.6667      3.0542      2.2986
0.014048      6.6667      3.1415      1.8051
0.01396      6.6667      3.2288      4.6585
0.0137      6.6667       3.316     0.42088
0.013276      6.6667      3.4033      4.7573
0.012701      6.6667      3.4906      1.5124
0.012513      6.6225      2.7924      1.4508
0.013069      6.6225      2.8797    0.075323
0.01348      6.6225       2.967     0.83234
0.013732      6.6225      3.0542      1.3156
0.013817      6.6225      3.1415      1.3457
0.013732      6.6225      3.2288      5.6911
0.01348      6.6225       3.316      1.7452
0.013069      6.6225      3.4033     0.61009
0.012513      6.6225      3.4906      4.9185
0.012328      6.5789      2.7924       4.194
0.012867      6.5789      2.8797      3.8494
0.013264      6.5789       2.967        2.16
0.013508      6.5789      3.0542      4.3374
0.01359      6.5789      3.1415      1.4675
0.013508      6.5789      3.2288      1.9353
0.013264      6.5789       3.316      2.2449
0.012867      6.5789      3.4033      1.3615
0.012328      6.5789      3.4906      4.2554
0.012146      6.5359      2.7924      4.6244
0.012668      6.5359      2.8797    0.062947
0.013053      6.5359       2.967      2.2362
0.01329      6.5359      3.0542      1.5076
0.013369      6.5359      3.1415      5.8282
0.01329      6.5359      3.2288      4.7938
0.013053      6.5359       3.316      2.3837
0.012668      6.5359      3.4033      4.3099
0.012146      6.5359      3.4906       4.391
0.011968      6.4935      2.7924      3.7095
0.012474      6.4935      2.8797      6.0446
0.012847      6.4935       2.967      4.9092
0.013076      6.4935      3.0542      3.3829
0.013153      6.4935      3.1415     0.59147
0.013076      6.4935      3.2288      5.5668
0.012847      6.4935       3.316      1.6178
0.012474      6.4935      3.4033      2.9122
0.011968      6.4935      3.4906      2.0784
