
[NumberOfWaves] 1053
=================================
0.00239677      11.9048      4.28315       1.9006
0.00250965      11.9048      4.28315     0.890863
0.00259319      11.9048      4.28315        5.305
0.00264452      11.9048      4.28315      1.81047
0.00266183      11.9048      4.28315      5.71019
0.00264452      11.9048      4.28315     0.711293
0.00259319      11.9048      4.28315      3.85689
0.00250965      11.9048      4.28315      1.78377
0.00239677      11.9048      4.28315      3.19259
0.00267067      11.7647      4.25767      3.38575
0.00280431      11.7647      4.25767     0.327662
0.00290345      11.7647      4.25767      2.74619
0.00296445      11.7647      4.25767      1.37428
0.00298504      11.7647      4.25767      5.76992
0.00296445      11.7647      4.25767       4.3444
0.00290345      11.7647      4.25767     0.728358
0.00280431      11.7647      4.25767      2.25951
0.00267067      11.7647      4.25767      1.92295
0.00295233      11.6279        4.234      1.89902
0.00310919      11.6279        4.234      3.52756
0.00322585      11.6279        4.234      5.00189
0.00329775      11.6279        4.234      2.95269
0.00332204      11.6279        4.234      4.97092
0.00329775      11.6279        4.234      2.63113
0.00322585      11.6279        4.234      4.64647
0.00310919      11.6279        4.234      2.24632
0.00295233      11.6279        4.234      5.96773
0.00323959      11.4943      4.21185      4.71317
0.00342224      11.4943      4.21185     0.123005
0.00355844      11.4943      4.21185      4.74472
0.00364253      11.4943      4.21185      5.72885
0.00367096      11.4943      4.21185      2.18494
0.00364253      11.4943      4.21185     0.447885
0.00355844      11.4943      4.21185      5.37252
0.00342224      11.4943      4.21185     0.592822
0.00323959      11.4943      4.21185      3.45293
0.00353031      11.3636      4.19103      5.75224
0.00374139      11.3636      4.19103       3.2798
0.00389923      11.3636      4.19103     0.326499
0.00399686      11.3636      4.19103      2.77023
0.0040299      11.3636      4.19103      4.34274
0.00399686      11.3636      4.19103      1.64224
0.00389923      11.3636      4.19103      5.62899
0.00374139      11.3636      4.19103      2.88837
0.00353031      11.3636      4.19103      1.45778
0.00382234       11.236      4.17137      1.23111
0.00406458       11.236      4.17137      5.33863
0.00424624       11.236      4.17137      4.65953
0.00435882       11.236      4.17137       4.1607
0.00439696       11.236      4.17137     0.672836
0.00435882       11.236      4.17137      5.25367
0.00424624       11.236      4.17137      2.85823
0.00406458       11.236      4.17137      4.08791
0.00382234       11.236      4.17137      5.68249
0.00411362      11.1111      4.15273     0.695563
0.0043898      11.1111      4.15273      3.79386
0.00459753      11.1111      4.15273     0.102931
0.00472652      11.1111      4.15273     0.573075
0.00477026      11.1111      4.15273      5.69033
0.00472652      11.1111      4.15273      3.44069
0.00459753      11.1111      4.15273      4.04755
0.0043898      11.1111      4.15273      1.48201
0.00411362      11.1111      4.15273      3.89906
0.0044022       10.989      4.13502     0.496246
0.00471512       10.989      4.13502      4.05725
0.00495123       10.989      4.13502      1.10769
0.00509816       10.989      4.13502       3.8887
0.00514803       10.989      4.13502      6.09655
0.00509816       10.989      4.13502      4.20454
0.00495123       10.989      4.13502      2.08477
0.00471512       10.989      4.13502       2.8769
0.0044022       10.989      4.13502     0.156757
0.00468626      10.8696      4.11813      3.28667
0.00503877      10.8696      4.11813      6.21509
0.00530563      10.8696      4.11813      4.54489
0.00547205      10.8696      4.11813        2.494
0.00552861      10.8696      4.11813      3.71156
0.00547205      10.8696      4.11813      3.60129
0.00530563      10.8696      4.11813      3.18972
0.00503877      10.8696      4.11813     0.914468
0.00468626      10.8696      4.11813      1.82803
0.00496417      10.7527      4.10199      3.14869
0.00535913      10.7527      4.10199     0.891368
0.00565915      10.7527      4.10199      2.55331
0.00584668      10.7527      4.10199      3.72647
0.00591048      10.7527      4.10199      5.08533
0.00584668      10.7527      4.10199      2.95677
0.00565915      10.7527      4.10199      4.23551
0.00535913      10.7527      4.10199      4.75736
0.00496417      10.7527      4.10199      1.14413
0.0052345      10.6383      4.08653      3.89319
0.00567479      10.6383      4.08653      4.83745
0.00601044      10.6383      4.08653      2.64568
0.00622075      10.6383      4.08653      2.75817
0.00629238      10.6383      4.08653      3.07101
0.00622075      10.6383      4.08653      1.36236
0.00601044      10.6383      4.08653      5.23319
0.00567479      10.6383      4.08653       3.1512
0.0052345      10.6383      4.08653     0.645463
0.00549611      10.5263       4.0717      2.28927
0.0059846      10.5263       4.0717       5.1571
0.0063584      10.5263       4.0717     0.771826
0.00659319      10.5263       4.0717      4.07992
0.00667326      10.5263       4.0717      4.62821
0.00659319      10.5263       4.0717      4.46511
0.0063584      10.5263       4.0717     0.661819
0.0059846      10.5263       4.0717      6.02291
0.00549611      10.5263       4.0717      2.66206
0.00574811      10.4167      4.05745      3.51919
0.00628772      10.4167      4.05745     0.620652
0.00670224      10.4167      4.05745      3.03543
0.00696328      10.4167      4.05745     0.965224
0.00705242      10.4167      4.05745      1.93812
0.00696328      10.4167      4.05745     0.822548
0.00670224      10.4167      4.05745      2.15833
0.00628772      10.4167      4.05745      4.16601
0.00574811      10.4167      4.05745       3.2433
0.00598997      10.3093      4.04373      5.00546
0.00658362      10.3093      4.04373      3.62275
0.00704152      10.3093      4.04373     0.420169
0.00733065      10.3093      4.04373      1.56122
0.00742952      10.3093      4.04373      5.70923
0.00733065      10.3093      4.04373      5.58878
0.00704152      10.3093      4.04373      6.21895
0.00658362      10.3093      4.04373      2.03353
0.00598997      10.3093      4.04373      6.20396
0.00622151      10.2041      4.03051      3.85691
0.00687219      10.2041      4.03051      4.09703
0.00737621      10.2041      4.03051      3.77826
0.00769537      10.2041      4.03051      5.01254
0.00780466      10.2041      4.03051      3.83544
0.00769537      10.2041      4.03051      2.37019
0.00737621      10.2041      4.03051       1.0973
0.00687219      10.2041      4.03051     0.376441
0.00622151      10.2041      4.03051     0.957232
0.00644296       10.101      4.01774      2.40902
0.00715376       10.101      4.01774    0.0822059
0.00770679       10.101      4.01774      6.06544
0.00805801       10.101      4.01774      1.99917
0.00817844       10.101      4.01774      6.00406
0.00805801       10.101      4.01774     0.181954
0.00770679       10.101      4.01774      2.49547
0.00715376       10.101      4.01774      1.74548
0.00644296       10.101      4.01774      2.27352
0.00665502           10      4.00541      4.90359
0.00742917           10      4.00541      2.80011
0.00803426           10      4.00541     0.360093
0.00841971           10      4.00541     0.301548
0.00855209           10      4.00541      3.33511
0.00841971           10      4.00541       4.8176
0.00803426           10      4.00541      3.86172
0.00742917           10      4.00541      5.85848
0.00665502           10      4.00541      4.91065
0.0068588       9.901      3.9935      4.7431
0.0076998       9.901      3.9935      2.0496
0.0083602       9.901      3.9935      3.2796
0.0087823       9.901      3.9935      4.0562
0.0089275       9.901      3.9935      3.2121
0.0087823       9.901      3.9935        4.16
0.0083602       9.901      3.9935      1.4533
0.0076998       9.901      3.9935      6.1735
0.0068588       9.901      3.9935     0.53983
0.007056      9.8039      3.9819      2.5929
0.0079675      9.8039      3.9819      6.1905
0.0086869      9.8039      3.9819      3.0489
0.0091482      9.8039      3.9819      3.8444
0.0093072      9.8039      3.9819    0.070498
0.0091482      9.8039      3.9819      4.8288
0.0086869      9.8039      3.9819      4.6592
0.0079675      9.8039      3.9819      1.3656
0.007056      9.8039      3.9819      2.4964
0.0072486      9.7087      3.9707      1.6497
0.0082349      9.7087      3.9707     0.49409
0.0090174      9.7087      3.9707       1.383
0.0095208      9.7087      3.9707      3.0472
0.0096946      9.7087      3.9707      3.2376
0.0095208      9.7087      3.9707      5.2715
0.0090174      9.7087      3.9707      2.5958
0.0082349      9.7087      3.9707      2.5269
0.0072486      9.7087      3.9707      5.9857
0.0074394      9.6154      3.9599      2.1054
0.0085051      9.6154      3.9599     0.84035
0.0093552      9.6154      3.9599      4.3694
0.0099041      9.6154      3.9599      5.7978
0.010094      9.6154      3.9599      3.0631
0.0099041      9.6154      3.9599      3.1773
0.0093552      9.6154      3.9599    0.029064
0.0085051      9.6154      3.9599      1.1841
0.0074394      9.6154      3.9599      4.8985
0.0076311      9.5238      3.9493      3.8378
0.0087818      9.5238      3.9493       4.979
0.0097048      9.5238      3.9493      5.2645
0.010303      9.5238      3.9493      4.3187
0.01051      9.5238      3.9493     0.51165
0.010303      9.5238      3.9493       5.065
0.0097048      9.5238      3.9493      0.8468
0.0087818      9.5238      3.9493      3.5808
0.0076311      9.5238      3.9493      3.6108
0.0078273       9.434      3.9391     0.10117
0.0090691       9.434      3.9391      5.8735
0.010071       9.434      3.9391      3.8627
0.010723       9.434      3.9391      4.2007
0.010949       9.434      3.9391        2.65
0.010723       9.434      3.9391      4.4155
0.010071       9.434      3.9391      2.9574
0.0090691       9.434      3.9391      2.5691
0.0078273       9.434      3.9391      6.2116
0.0080313      9.3458      3.9291      3.0488
0.0093717      9.3458      3.9291     0.73676
0.010459      9.3458      3.9291      5.3914
0.01117      9.3458      3.9291      2.1486
0.011417      9.3458      3.9291      1.9878
0.01117      9.3458      3.9291       2.372
0.010459      9.3458      3.9291      5.4655
0.0093717      9.3458      3.9291       3.339
0.0080313      9.3458      3.9291     0.15805
0.0082468      9.2593      3.9194      1.5604
0.0096941      9.2593      3.9194      4.5469
0.010876      9.2593      3.9194      2.7167
0.011651      9.2593      3.9194      1.6427
0.011921      9.2593      3.9194      1.1901
0.011651      9.2593      3.9194      1.3476
0.010876      9.2593      3.9194      3.1094
0.0096941      9.2593      3.9194     0.20734
0.0082468      9.2593      3.9194      2.3412
0.0084772      9.1743        3.91       2.241
0.010041      9.1743        3.91       1.726
0.011327      9.1743        3.91      1.6612
0.012174      9.1743        3.91      4.6778
0.012469      9.1743        3.91     0.82737
0.012174      9.1743        3.91      5.0458
0.011327      9.1743        3.91      1.9126
0.010041      9.1743        3.91      2.1541
0.0084772      9.1743        3.91      4.1426
0.0087253      9.0909      3.9008     0.24481
0.010417      9.0909      3.9008      4.8514
0.011817      9.0909      3.9008      4.3358
0.012744      9.0909      3.9008      5.8259
0.013068      9.0909      3.9008     0.38966
0.012744      9.0909      3.9008      4.3194
0.011817      9.0909      3.9008      4.5595
0.010417      9.0909      3.9008      5.3187
0.0087253      9.0909      3.9008      3.4795
0.0089935       9.009      3.8919      5.2928
0.010826       9.009      3.8919     0.30736
0.012353       9.009      3.8919      4.7676
0.013368       9.009      3.8919      4.2473
0.013724       9.009      3.8919       5.494
0.013368       9.009      3.8919      2.0793
0.012353       9.009      3.8919      3.2577
0.010826       9.009      3.8919      2.8521
0.0089935       9.009      3.8919      1.1278
0.0092829      8.9286      3.8831      5.3242
0.01127      8.9286      3.8831     0.29169
0.012937      8.9286      3.8831      3.2898
0.014051      8.9286      3.8831      1.4621
0.014442      8.9286      3.8831      5.6753
0.014051      8.9286      3.8831      3.4007
0.012937      8.9286      3.8831     0.62004
0.01127      8.9286      3.8831      5.3851
0.0092829      8.9286      3.8831     0.26852
0.0095929      8.8496      3.8746     0.89245
0.011749      8.8496      3.8746      1.3665
0.013572      8.8496      3.8746      4.8848
0.014796      8.8496      3.8746      2.2468
0.015228      8.8496      3.8746     0.15911
0.014796      8.8496      3.8746      5.2386
0.013572      8.8496      3.8746       2.282
0.011749      8.8496      3.8746      4.9545
0.0095929      8.8496      3.8746      5.5269
0.0099214      8.7719      3.8663      4.2505
0.012263      8.7719      3.8663      3.4258
0.014258      8.7719      4.6069      5.6477
0.015604      8.7719      4.6069     0.62512
0.01608      8.7719      4.6069     0.57137
0.015604      8.7719      4.6069     0.21513
0.014258      8.7719      4.6069      2.0368
0.012263      8.7719      4.6069      1.0434
0.0099214      8.7719      4.6069      6.2709
0.010263      8.6957      3.8581      2.6105
0.012806      8.6957      3.8581      4.7395
0.01499      8.6957      4.5405      4.3561
0.016472      8.6957      4.5405       4.842
0.016997      8.6957      4.5405      5.7317
0.016472      8.6957      4.5405       1.952
0.01499      8.6957      4.5405      1.2862
0.012806      8.6957      4.5405      0.4579
0.010263      8.6957      4.5405      3.6894
0.010612      8.6207      3.8502      3.4084
0.013371      8.6207       4.494      4.0468
0.015761      8.6207       4.494      3.7573
0.017391      8.6207       4.494      2.8275
0.01797      8.6207       4.494      1.0213
0.017391      8.6207       4.494       4.806
0.015761      8.6207       4.494      6.1781
0.013371      8.6207       4.494     0.89939
0.010612      8.6207       4.494      5.2005
0.010955       8.547      3.8424      5.5362
0.013945       8.547      4.4562     0.44264
0.016556       8.547      4.4562      3.0024
0.018348       8.547      4.4562      4.6416
0.018986       8.547      4.4562      4.6101
0.018348       8.547      4.4562      5.1285
0.016556       8.547      4.4562      3.3519
0.013945       8.547      4.4562      3.5237
0.010955       8.547      4.4562      2.1772
0.011282      8.4746      3.8348      3.4604
0.014511      8.4746      4.4237     0.13259
0.017358      8.4746      4.4237      4.6291
0.019323      8.4746      4.4237      5.2398
0.020025      8.4746      4.4237      5.2546
0.019323      8.4746      4.4237      0.2081
0.017358      8.4746      4.4237      5.7312
0.014511      8.4746      4.4237     0.59641
0.011282      8.4746      4.4237      5.3463
0.011575      8.4034      3.8274       3.281
0.015051      8.4034      4.3948     0.10283
0.018143      8.4034      4.3948     0.81162
0.02029      8.4034      4.3948      3.7269
0.021059      8.4034      4.3948       4.535
0.02029      8.4034      4.3948     0.23263
0.018143      8.4034      4.3948      1.1069
0.015051      8.4034      4.3948      1.4604
0.011575      8.4034      4.3948      4.4924
0.011818      8.3333      3.8201      4.8416
0.01554      8.3333      4.3687      3.7031
0.018883      8.3333      4.3687      5.4847
0.021218      8.3333      4.3687      2.8524
0.022058      8.3333      4.3687       6.182
0.021218      8.3333      4.3687      1.6333
0.018883      8.3333      4.3687      4.3395
0.01554      8.3333      4.3687      3.7493
0.011818      8.3333      4.3687       1.755
0.011993      8.2645       3.813      1.7543
0.015954      8.2645      4.3447      4.2961
0.019547      8.2645      4.3447      5.0973
0.022073      8.2645      4.3447     0.47902
0.022985      8.2645      4.3447      2.3208
0.022073      8.2645      4.3447      5.0656
0.019547      8.2645      4.3447      6.0212
0.015954      8.2645      4.3447      6.2436
0.011993      8.2645      4.3447      2.6739
0.012084      8.1967       3.806      2.7215
0.01627      8.1967      4.3225      2.1265
0.020104      8.1967      4.3225      2.8567
0.022819      8.1967      4.3225      4.8378
0.023802      8.1967      4.3225      4.7481
0.022819      8.1967      4.3225      6.2352
0.020104      8.1967      4.3225      1.2759
0.01627      8.1967      4.3225      2.3587
0.012084      8.1967      4.3225      4.4526
0.012079      8.1301      4.3017      1.0273
0.016465      8.1301      4.3017      2.0355
0.020526      8.1301      4.3017       5.083
0.023421      8.1301      4.3017      1.3757
0.024472      8.1301      4.3017      2.0633
0.023421      8.1301      4.3017      2.9027
0.020526      8.1301      4.3017      2.2137
0.016465      8.1301      4.3017     0.46205
0.012079      8.1301      4.3017      3.1741
0.011968      8.0645      4.2821      1.7228
0.016525      8.0645      4.2821      3.5665
0.020789      8.0645      4.2821     0.17285
0.023851      8.0645      4.2821       3.856
0.024967      8.0645      4.2821      2.6616
0.023851      8.0645      4.2821      4.0544
0.020789      8.0645      4.2821      1.9233
0.016525      8.0645      4.2821       1.827
0.011968      8.0645      4.2821      2.7049
0.011751           8      4.2636      3.4574
0.016441           8      4.2636     0.76942
0.020879           8      4.2636     0.81946
0.024088           8      4.2636      1.4375
0.025263           8      4.2636      0.6718
0.024088           8      4.2636     0.58455
0.020879           8      4.2636      1.1848
0.016441           8      4.2636      4.2944
0.011751           8      4.2636      3.4021
0.011853      7.9365       4.246       3.276
0.016474      7.9365       4.246      5.9174
0.020822      7.9365       4.246      4.0054
0.023956      7.9365       4.246      4.5147
0.025101      7.9365       4.246      2.6668
0.023956      7.9365       4.246      1.5604
0.020822      7.9365       4.246      5.8808
0.016474      7.9365       4.246      5.0398
0.011853      7.9365       4.246      4.7853
0.011889       7.874      4.2293     0.38799
0.016418       7.874      4.2293      5.6965
0.020657       7.874      4.2293      4.1193
0.0237       7.874      4.2293       5.956
0.02481       7.874      4.2293      3.4258
0.0237       7.874      4.2293      1.9183
0.020657       7.874      4.2293     0.55615
0.016418       7.874      4.2293      2.6485
0.011889       7.874      4.2293      2.3092
0.011861      7.8125      4.2133      5.3564
0.016277      7.8125      4.2133       6.182
0.020389      7.8125      4.2133     0.33836
0.02333      7.8125      4.2133      2.2439
0.024401      7.8125      4.2133      6.2771
0.02333      7.8125      4.2133      2.6076
0.020389      7.8125      4.2133      2.3916
0.016277      7.8125      4.2133     0.65707
0.011861      7.8125      4.2133      3.7045
0.011774      7.7519       4.198     0.91933
0.016059      7.7519       4.198       2.366
0.020028      7.7519       4.198      5.8831
0.022858      7.7519       4.198      4.4004
0.023886      7.7519       4.198      1.5264
0.022858      7.7519       4.198      4.6627
0.020028      7.7519       4.198      2.0523
0.016059      7.7519       4.198      2.3245
0.011774      7.7519       4.198      3.0962
0.011632      7.6923      4.1833      1.2605
0.015771      7.6923      4.1833      1.8068
0.019586      7.6923      4.1833      1.8384
0.022298      7.6923      4.1833      2.7007
0.023281      7.6923      4.1833       3.004
0.022298      7.6923      4.1833      5.8553
0.019586      7.6923      4.1833       5.254
0.015771      7.6923      4.1833      1.8219
0.011632      7.6923      4.1833      6.0196
0.011444      7.6336      4.1691      4.5429
0.015427      7.6336      4.1691      5.4336
0.01908      7.6336      4.1691      3.2876
0.021668      7.6336      4.1691     0.33155
0.022605      7.6336      4.1691      6.0318
0.021668      7.6336      4.1691      4.2235
0.01908      7.6336      4.1691     0.41133
0.015427      7.6336      4.1691      6.1519
0.011444      7.6336      4.1691      1.8525
0.011217      7.5758      4.1554      5.9683
0.015037      7.5758      4.1554      1.0896
0.018523      7.5758      4.1554   0.0056836
0.020985      7.5758      4.1554      5.5193
0.021875      7.5758      4.1554      5.3439
0.020985      7.5758      4.1554      2.1137
0.018523      7.5758      4.1554     0.61781
0.015037      7.5758      4.1554      3.9465
0.011217      7.5758      4.1554      2.5158
0.010961      7.5188      4.1422       5.831
0.014613      7.5188      4.1422      5.5328
0.017932      7.5188      4.1422      3.8897
0.020268      7.5188      4.1422      5.6166
0.021111      7.5188      4.1422      1.3135
0.020268      7.5188      4.1422      1.6229
0.017932      7.5188      4.1422    0.025917
0.014613      7.5188      4.1422     0.56831
0.010961      7.5188      4.1422      3.7435
0.010685      7.4627      4.1295      1.8806
0.014169      7.4627      4.1295      4.8721
0.01732      7.4627      4.1295      4.0361
0.019532      7.4627      4.1295      1.1281
0.02033      7.4627      4.1295      1.7802
0.019532      7.4627      4.1295     0.85358
0.01732      7.4627      4.1295      3.5404
0.014169      7.4627      4.1295     0.90636
0.010685      7.4627      4.1295      5.3786
0.010395      7.4074      4.1171     0.19106
0.013714      7.4074      4.1171      5.3426
0.016702      7.4074      4.1171      1.4627
0.018794      7.4074      4.1171      4.7433
0.019547      7.4074      4.1171      0.3543
0.018794      7.4074      4.1171      4.4461
0.016702      7.4074      4.1171      1.1568
0.013714      7.4074      4.1171      6.2491
0.010395      7.4074      4.1171      3.2464
0.010101      7.3529      4.1051      3.3812
0.013258      7.3529      4.1051      1.7059
0.016089      7.3529      4.1051      2.3766
0.018065      7.3529      4.1051      3.2178
0.018775      7.3529      4.1051      3.2384
0.018065      7.3529      4.1051      2.9463
0.016089      7.3529      4.1051     0.96863
0.013258      7.3529      4.1051      1.3516
0.010101      7.3529      4.1051      4.0536
0.0098082      7.2993      4.0935      3.8084
0.01281      7.2993      4.0935      1.1457
0.015491      7.2993      4.0935      5.4517
0.017357      7.2993      4.0935      3.3157
0.018027      7.2993      4.0935       6.123
0.017357      7.2993      4.0935      1.7937
0.015491      7.2993      4.0935      5.9631
0.01281      7.2993      4.0935      3.8176
0.0098082      7.2993      4.0935      4.8787
0.0095218      7.2464      4.0822     0.39886
0.012377      7.2464      4.0822      3.7142
0.014916      7.2464      4.0822      5.6532
0.016678      7.2464      4.0822       3.203
0.01731      7.2464      4.0822      3.3478
0.016678      7.2464      4.0822      5.0175
0.014916      7.2464      4.0822       4.116
0.012377      7.2464      4.0822      2.9094
0.0095218      7.2464      4.0822      3.5016
0.0092464      7.1942      4.0712      4.6685
0.011963      7.1942      4.0712      3.2315
0.014368      7.1942      4.0712     0.75888
0.016034      7.1942      4.0712      1.6844
0.01663      7.1942      4.0712      5.8109
0.016034      7.1942      4.0712      3.7032
0.014368      7.1942      4.0712      3.3879
0.011963      7.1942      4.0712      5.8888
0.0092464      7.1942      4.0712      1.6061
0.0089851      7.1429      4.0605      5.7295
0.011571      7.1429      4.0605      3.5004
0.013853      7.1429      4.0605      4.6412
0.015429      7.1429      4.0605      4.2996
0.015993      7.1429      4.0605     0.87777
0.015429      7.1429      4.0605      6.1164
0.013853      7.1429      4.0605      2.6674
0.011571      7.1429      4.0605     0.47884
0.0089851      7.1429      4.0605      0.6781
0.00874      7.0922      4.0501      6.1086
0.011206      7.0922      4.0501      3.5835
0.013373      7.0922      4.0501      3.0399
0.014866      7.0922      4.0501      4.0525
0.015399      7.0922      4.0501       1.371
0.014866      7.0922      4.0501      4.3661
0.013373      7.0922      4.0501      1.5441
0.011206      7.0922      4.0501       3.981
0.00874      7.0922      4.0501      6.0325
0.0085126      7.0423      4.0399      4.5641
0.010867      7.0423      4.0399      6.0924
0.012929      7.0423      4.0399      4.7885
0.014345      7.0423      4.0399      3.2992
0.01485      7.0423      4.0399      2.8072
0.014345      7.0423      4.0399      4.0108
0.012929      7.0423      4.0399      1.9297
0.010867      7.0423      4.0399      2.7859
0.0085126      7.0423      4.0399      4.1799
0.0083035       6.993        4.03      5.1664
0.010555       6.993        4.03      2.0044
0.01252       6.993        4.03      4.1282
0.013866       6.993        4.03      3.1754
0.014346       6.993        4.03     0.98923
0.013866       6.993        4.03      1.9168
0.01252       6.993        4.03     0.66035
0.010555       6.993        4.03      5.4701
0.0083035       6.993        4.03      4.2658
0.0081127      6.9444      4.0203      5.1953
0.01027      6.9444      4.0203      5.9442
0.012145      6.9444      4.0203      3.9621
0.013428      6.9444      4.0203      3.2257
0.013884      6.9444      4.0203      3.4933
0.013428      6.9444      4.0203       6.204
0.012145      6.9444      4.0203      3.9388
0.01027      6.9444      4.0203      5.3532
0.0081127      6.9444      4.0203      3.0802
0.0079396      6.8966      4.0109      0.1254
0.01001      6.8966      4.0109       1.532
0.011804      6.8966      4.0109      3.4561
0.013029      6.8966      4.0109     0.63815
0.013464      6.8966      4.0109      2.9801
0.013029      6.8966      4.0109      1.0966
0.011804      6.8966      4.0109      2.0444
0.01001      6.8966      4.0109     0.69356
0.0079396      6.8966      4.0109      2.6906
0.0077836      6.8493      4.0016      4.5174
0.0097747      6.8493      4.0016      4.8229
0.011494      6.8493      4.0016      5.8255
0.012665      6.8493      4.0016      4.7559
0.013081      6.8493      4.0016      2.0891
0.012665      6.8493      4.0016      5.5326
0.011494      6.8493      4.0016      3.3024
0.0097747      6.8493      4.0016      1.6797
0.0077836      6.8493      4.0016      1.0569
0.0076435      6.8027      3.9926     0.28281
0.0095619      6.8027      3.9926       1.073
0.011213      6.8027      3.9926      5.8166
0.012335      6.8027      3.9926     0.68248
0.012733      6.8027      3.9926       5.241
0.012335      6.8027      3.9926     0.95385
0.011213      6.8027      3.9926      5.3775
0.0095619      6.8027      3.9926      3.7608
0.0076435      6.8027      3.9926      1.2426
0.0075182      6.7568      3.9837      5.0109
0.0093697      6.7568      3.9837      4.9471
0.010959      6.7568      3.9837     0.60056
0.012036      6.7568      4.6108      1.0772
0.012417      6.7568      4.6108      3.7875
0.012036      6.7568      4.6108      2.0426
0.010959      6.7568      4.6108      1.6794
0.0093697      6.7568      4.6108      4.9592
0.0075182      6.7568      4.6108      3.8742
0.0074061      6.7114      3.9751      4.3131
0.0091961      6.7114      3.9751       4.382
0.010728      6.7114      4.5517      5.8559
0.011764      6.7114      4.5517     0.75514
0.01213      6.7114      4.5517      3.8131
0.011764      6.7114      4.5517      3.0778
0.010728      6.7114      4.5517      3.3281
0.0091961      6.7114      4.5517       1.394
0.0074061      6.7114      4.5517      4.7008
0.0073059      6.6667      3.9666       1.622
0.0090393      6.6667      3.9666       1.251
0.010518      6.6667      4.5094      5.4758
0.011516      6.6667      4.5094     0.17081
0.011869      6.6667      4.5094     0.22833
0.011516      6.6667      4.5094      2.7519
0.010518      6.6667      4.5094     0.41272
0.0090393      6.6667      4.5094      6.1535
0.0073059      6.6667      4.5094      3.9514
0.0072163      6.6225      3.9583      4.1237
0.0088971      6.6225      3.9583      2.0602
0.010326      6.6225      4.4748      2.9876
0.01129      6.6225      4.4748     0.10205
0.01163      6.6225      4.4748      1.2568
0.01129      6.6225      4.4748      5.3939
0.010326      6.6225      4.4748     0.42435
0.0088971      6.6225      4.4748      1.9524
0.0072163      6.6225      4.4748      5.1937
0.0071358      6.5789      3.9501      3.8444
0.0087677      6.5789      3.9501      5.7464
0.010152      6.5789      4.4448      5.5549
0.011082      6.5789      4.4448      1.5413
0.01141      6.5789      4.4448      6.0204
0.011082      6.5789      4.4448      2.8418
0.010152      6.5789      4.4448      5.5828
0.0087677      6.5789      4.4448      2.9207
0.0071358      6.5789      4.4448      3.6769
0.0070631      6.5359      3.9421    0.073379
0.0086495      6.5359      3.9421      4.5768
0.0099908      6.5359      4.4182      2.6093
0.010891      6.5359      4.4182      0.7454
0.011208      6.5359      4.4182      3.7463
0.010891      6.5359      4.4182    0.029454
0.0099908      6.5359      4.4182      5.9026
0.0086495      6.5359      4.4182      4.3441
0.0070631      6.5359      4.4182      1.7077
0.0069971      6.4935      3.9343      4.7357
0.0085406      6.4935      3.9343      4.1363
0.0098421      6.4935      4.3939      1.7826
0.010714      6.4935      4.3939      3.3653
0.011021      6.4935      4.3939     0.37834
0.010714      6.4935      4.3939      4.2563
0.0098421      6.4935      4.3939      5.7985
0.0085406      6.4935      4.3939      2.9319
0.0069971      6.4935      4.3939      2.3172
0.0069367      6.4516      3.9266       5.764
0.0084398      6.4516      3.9266    0.072713
0.0097038      6.4516      4.3715      5.8384
0.010549      6.4516      4.3715      4.3567
0.010847      6.4516      4.3715      5.1598
0.010549      6.4516      4.3715      5.3892
0.0097038      6.4516      4.3715     0.69475
0.0084398      6.4516      4.3715      4.4295
0.0069367      6.4516      4.3715      3.4661
0.0068808      6.4103       3.919      3.2711
0.0083456      6.4103      4.3507      1.9712
0.0095742      6.4103      4.3507      1.0142
0.010394      6.4103      4.3507      2.0088
0.010683      6.4103      4.3507      4.2163
0.010394      6.4103      4.3507       3.292
0.0095742      6.4103      4.3507      3.8188
0.0083456      6.4103      4.3507      4.7771
0.0068808      6.4103      4.3507      1.0295
0.0068285      6.3694      3.9116      3.1061
0.008257      6.3694      4.3312      4.8045
0.0094519      6.3694      4.3312        1.89
0.010248      6.3694      4.3312      5.2706
0.010528      6.3694      4.3312      4.2712
0.010248      6.3694      4.3312      2.0637
0.0094519      6.3694      4.3312      3.3819
0.008257      6.3694      4.3312       5.264
0.0068285      6.3694      4.3312      1.5266
0.0067791      6.3291      3.9043     0.12242
0.0081728      6.3291      4.3128      3.8168
0.0093356      6.3291      4.3128      3.3852
0.010109      6.3291      4.3128      1.4222
0.010381      6.3291      4.3128        5.78
0.010109      6.3291      4.3128      5.8809
0.0093356      6.3291      4.3128      3.0701
0.0081728      6.3291      4.3128      4.3832
0.0067791      6.3291      4.3128      3.2457
0.006732      6.2893      3.8971      1.7921
0.0080923      6.2893      4.2953    0.059377
0.0092244      6.2893      4.2953      1.8406
0.0099764      6.2893      4.2953      4.1875
0.01024      6.2893      4.2953     0.97445
0.0099764      6.2893      4.2953      1.4173
0.0092244      6.2893      4.2953      5.5141
0.0080923      6.2893      4.2953      3.8058
0.006732      6.2893      4.2953      4.0639
0.0066866        6.25        3.89     0.43468
0.0080147        6.25      4.2786      1.3731
0.0091174        6.25      4.2786      4.9007
0.0098486        6.25      4.2786      3.9525
0.010105        6.25      4.2786     0.44368
0.0098486        6.25      4.2786      4.1293
0.0091174        6.25      4.2786       3.265
0.0080147        6.25      4.2786      5.9533
0.0066866        6.25      4.2786       0.131
0.0066423      6.2112      3.8831      4.5785
0.0079393      6.2112      4.2627      2.5039
0.0090137      6.2112      4.2627       4.318
0.0097251      6.2112      4.2627     0.45921
0.0099741      6.2112      4.2627      4.7628
0.0097251      6.2112      4.2627     0.31869
0.0090137      6.2112      4.2627      4.0363
0.0079393      6.2112      4.2627      3.1464
0.0066423      6.2112      4.2627      3.3306
0.0065989      6.1728      3.8763      4.6384
0.0078659      6.1728      4.2475      1.7251
0.0089129      6.1728      4.2475      1.4956
0.0096051      6.1728      4.2475      4.7747
0.0098472      6.1728      4.2475      6.0323
0.0096051      6.1728      4.2475      1.0443
0.0089129      6.1728      4.2475      2.3787
0.0078659      6.1728      4.2475     0.60821
0.0065989      6.1728      4.2475      5.8719
0.006556       6.135      3.8696      5.0447
0.0077938       6.135      4.2328      4.5879
0.0088144       6.135      4.2328      4.9932
0.0094881       6.135      4.2328      3.6037
0.0097236       6.135      4.2328      2.2725
0.0094881       6.135      4.2328      1.0137
0.0088144       6.135      4.2328      5.5691
0.0077938       6.135      4.2328      5.6673
0.006556       6.135      4.2328      4.7662
0.0065133      6.0976       3.863      2.2731
0.0077228      6.0976      4.2187      3.1178
0.0087178      6.0976      4.2187      4.1385
0.0093736      6.0976      4.2187      1.8156
0.0096027      6.0976      4.2187     0.89883
0.0093736      6.0976      4.2187       1.936
0.0087178      6.0976      4.2187       2.183
0.0077228      6.0976      4.2187     0.87672
0.0065133      6.0976      4.2187      1.3586
0.0064708      6.0606      4.2051      3.4922
0.0076527      6.0606      4.2051     0.32159
0.0086229      6.0606      4.2051      2.6222
0.0092614      6.0606      4.2051      4.4709
0.0094843      6.0606      4.2051      5.5245
0.0092614      6.0606      4.2051      3.7791
0.0086229      6.0606      4.2051      2.9214
0.0076527      6.0606      4.2051      5.1233
0.0064708      6.0606      4.2051      2.0239
0.0064282      6.0241      4.1919      2.3649
0.0075832      6.0241      4.1919     0.86715
0.0085293      6.0241      4.1919      4.1065
0.0091511      6.0241      4.1919     0.16017
0.009368      6.0241      4.1919      1.4683
0.0091511      6.0241      4.1919      6.1497
0.0085293      6.0241      4.1919       5.925
0.0075832      6.0241      4.1919       6.164
0.0064282      6.0241      4.1919     0.42073
0.0063854       5.988      4.1792      1.2268
0.0075142       5.988      4.1792      2.6603
0.008437       5.988      4.1792      3.3745
0.0090425       5.988      4.1792      2.9108
0.0092536       5.988      4.1792      3.9326
0.0090425       5.988      4.1792      3.1576
0.008437       5.988      4.1792      4.9747
0.0075142       5.988      4.1792      4.4631
0.0063854       5.988      4.1792      3.5776
0.0063425      5.9524      4.1668     0.98705
0.0074457      5.9524      4.1668      3.9307
0.0083457      5.9524      4.1668       5.817
0.0089355      5.9524      4.1668      6.1774
0.009141      5.9524      4.1668      4.5437
0.0089355      5.9524      4.1668      1.1784
0.0083457      5.9524      4.1668      5.4042
0.0074457      5.9524      4.1668     0.81088
0.0063425      5.9524      4.1668      4.6712
0.0062993      5.9172      4.1548     0.30082
0.0073775      5.9172      4.1548      4.0821
0.0082554      5.9172      4.1548     0.37407
0.00883      5.9172      4.1548      5.7789
0.00903      5.9172      4.1548      1.0789
0.00883      5.9172      4.1548      0.5532
0.0082554      5.9172      4.1548      1.9134
0.0073775      5.9172      4.1548      4.2196
0.0062993      5.9172      4.1548      1.2845
0.0062558      5.8824      4.1432      6.1247
0.0073097      5.8824      4.1432     0.24855
0.008166      5.8824      4.1432      3.0899
0.0087257      5.8824      4.1432       4.027
0.0089205      5.8824      4.1432      2.5447
0.0087257      5.8824      4.1432     0.35865
0.008166      5.8824      4.1432      3.9604
0.0073097      5.8824      4.1432      1.3482
0.0062558      5.8824      4.1432      3.9565
0.006212       5.848      4.1318       2.479
0.0072421       5.848      4.1318      5.0019
0.0080774       5.848      4.1318       5.523
0.0086228       5.848      4.1318      4.9012
0.0088124       5.848      4.1318      4.4137
0.0086228       5.848      4.1318      2.6431
0.0080774       5.848      4.1318      4.0453
0.0072421       5.848      4.1318     0.49202
0.006212       5.848      4.1318      2.3923
0.0061679       5.814      4.1208        2.75
0.0071747       5.814      4.1208      2.5569
0.0079897       5.814      4.1208      1.7202
0.0085211       5.814      4.1208      1.4536
0.0087057       5.814      4.1208      4.6362
0.0085211       5.814      4.1208      5.5253
0.0079897       5.814      4.1208      4.8535
0.0071747       5.814      4.1208     0.22514
0.0061679       5.814      4.1208      3.4828
0.0061236      5.7803        4.11      3.6955
0.0071077      5.7803        4.11      1.5468
0.0079028      5.7803        4.11      2.5031
0.0084206      5.7803        4.11       5.069
0.0086004      5.7803        4.11      1.8964
0.0084206      5.7803        4.11      3.0764
0.0079028      5.7803        4.11      4.9088
0.0071077      5.7803        4.11      2.8272
0.0061236      5.7803        4.11      5.2352
0.006079      5.7471      4.0995      4.2515
0.0070409      5.7471      4.0995     0.54429
0.0078167      5.7471      4.0995      6.1619
0.0083213      5.7471      4.0995      3.5589
0.0084964      5.7471      4.0995      1.3048
0.0083213      5.7471      4.0995     0.60071
0.0078167      5.7471      4.0995     0.39282
0.0070409      5.7471      4.0995     0.16199
0.006079      5.7471      4.0995      2.0993
0.0060342      5.7143      4.0892      3.4984
0.0069745      5.7143      4.0892       5.315
0.0077314      5.7143      4.0892      3.9379
0.0082232      5.7143      4.0892      3.7689
0.0083938      5.7143      4.0892      1.3234
0.0082232      5.7143      4.0892      1.5953
0.0077314      5.7143      4.0892      4.0964
0.0069745      5.7143      4.0892      2.0666
0.0060342      5.7143      4.0892      3.2871
0.0059892      5.6818      4.0792     0.78359
0.0069083      5.6818      4.0792      2.8443
0.0076469      5.6818      4.0792      6.2365
0.0081262      5.6818      4.0792      2.5084
0.0082924      5.6818      4.0792     0.38899
0.0081262      5.6818      4.0792      1.8407
0.0076469      5.6818      4.0792      3.4699
0.0069083      5.6818      4.0792      4.6502
0.0059892      5.6818      4.0792      2.0005
0.0059441      5.6497      4.0694      3.1029
0.0068425      5.6497      4.0694      3.9499
0.0075632      5.6497      4.0694       4.732
0.0080304      5.6497      4.0694      4.3597
0.0081923      5.6497      4.0694     0.86002
0.0080304      5.6497      4.0694      5.6984
0.0075632      5.6497      4.0694      2.3805
0.0068425      5.6497      4.0694      3.3276
0.0059441      5.6497      4.0694      6.2115
0.0058988       5.618      4.0598      6.0204
0.006777       5.618      4.0598      5.1373
0.0074804       5.618      4.0598      2.6633
0.0079358       5.618      4.5957      5.1393
0.0080934       5.618      4.5957      2.7928
0.0079358       5.618      4.5957      2.3892
0.0074804       5.618      4.5957      4.4436
0.006777       5.618      4.5957      1.5011
0.0058988       5.618      4.5957      1.1043
0.0058534      5.5866      4.0504      1.4963
0.0067118      5.5866      4.0504      1.7818
0.0073983      5.5866      4.0504      0.2554
0.0078423      5.5866       4.545      3.4646
0.0079959      5.5866       4.545      5.9217
0.0078423      5.5866       4.545        4.95
0.0073983      5.5866       4.545      1.5169
0.0067118      5.5866       4.545      4.3728
0.0058534      5.5866       4.545    0.095863
0.0058079      5.5556      4.0412      4.8288
0.0066471      5.5556      4.0412      2.0853
0.007317      5.5556      4.0412      2.0252
0.0077499      5.5556      4.5066      4.8092
0.0078996      5.5556      4.5066      2.4137
0.0077499      5.5556      4.5066      1.3736
0.007317      5.5556      4.5066      3.5394
0.0066471      5.5556      4.5066      1.3862
0.0058079      5.5556      4.5066      1.0218
0.0057623      5.5249      4.0322      2.5109
0.0065827      5.5249      4.0322     0.12814
0.0072366      5.5249      4.0322      2.6594
0.0076587      5.5249      4.4746    0.020566
0.0078045      5.5249      4.4746     0.28186
0.0076587      5.5249      4.4746      1.1883
0.0072366      5.5249      4.4746       1.265
0.0065827      5.5249      4.4746       3.772
0.0057623      5.5249      4.4746      1.4559
0.0057168      5.4945      4.0233      3.5596
0.0065188      5.4945      4.0233      3.4604
0.0071571      5.4945      4.0233      2.1237
0.0075686      5.4945      4.4465      6.2197
0.0077108      5.4945      4.4465     0.93214
0.0075686      5.4945      4.4465      5.3486
0.0071571      5.4945      4.4465      4.9459
0.0065188      5.4945      4.4465      3.2942
0.0057168      5.4945      4.4465     0.11837
0.0056712      5.4645      4.0147      1.6553
0.0064552      5.4645      4.0147      6.2741
0.0070783      5.4645      4.4213      4.4643
0.0074796      5.4645      4.4213      1.3703
0.0076182      5.4645      4.4213      4.0313
0.0074796      5.4645      4.4213     0.76067
0.0070783      5.4645      4.4213      3.4976
0.0064552      5.4645      4.4213      4.9508
0.0056712      5.4645      4.4213      2.6043
0.0056256      5.4348      4.0062     0.52566
0.0063922      5.4348      4.0062      3.6888
0.0070004      5.4348      4.3983      4.0165
0.0073918      5.4348      4.3983     0.78635
0.0075269      5.4348      4.3983      5.4364
0.0073918      5.4348      4.3983      3.0647
0.0070004      5.4348      4.3983      1.7342
0.0063922      5.4348      4.3983       1.957
0.0056256      5.4348      4.3983       4.188
0.0055801      5.4054      3.9978      3.1421
0.0063296      5.4054      3.9978      2.7905
0.0069234      5.4054       4.377      2.0456
0.0073051      5.4054       4.377      3.5557
0.0074368      5.4054       4.377    0.095644
0.0073051      5.4054       4.377      3.4735
0.0069234      5.4054       4.377      5.8798
0.0063296      5.4054       4.377       3.027
0.0055801      5.4054       4.377      2.0638
0.0055347      5.3763      3.9896      5.0458
0.0062674      5.3763      3.9896     0.90139
0.0068472      5.3763       4.357     0.49399
0.0072195      5.3763       4.357      2.7985
0.0073479      5.3763       4.357      2.9248
0.0072195      5.3763       4.357      4.6286
0.0068472      5.3763       4.357      4.3921
0.0062674      5.3763       4.357      3.3494
0.0055347      5.3763       4.357      1.2963
0.0054893      5.3476      3.9816     0.98623
0.0062058      5.3476      3.9816      2.5273
0.0067719      5.3476      4.3383      2.7493
0.0071351      5.3476      4.3383      6.1263
0.0072602      5.3476      4.3383      5.8227
0.0071351      5.3476      4.3383      1.9356
0.0067719      5.3476      4.3383      5.4196
0.0062058      5.3476      4.3383      3.5199
0.0054893      5.3476      4.3383       3.419
0.005444      5.3191      3.9736       5.292
0.0061446      5.3191      3.9736      4.9508
0.0066974      5.3191      4.3205        3.37
0.0070517      5.3191      4.3205      0.0115
0.0071738      5.3191      4.3205      2.3257
0.0070517      5.3191      4.3205      2.7401
0.0066974      5.3191      4.3205      3.9784
0.0061446      5.3191      4.3205      0.9222
0.005444      5.3191      4.3205      3.5522
0.0053989       5.291      3.9659      2.5328
0.006084       5.291      3.9659     0.33917
0.0066237       5.291      4.3036     0.85439
0.0069694       5.291      4.3036      2.4536
0.0070885       5.291      4.3036      2.8748
0.0069694       5.291      4.3036      2.0854
0.0066237       5.291      4.3036      5.3866
0.006084       5.291      4.3036      3.8148
0.0053989       5.291      4.3036      1.2385
0.0053539      5.2632      3.9582     0.90174
0.0060238      5.2632      3.9582      4.8214
0.006551      5.2632      4.2875      4.1011
0.0068883      5.2632      4.2875      2.1505
0.0070044      5.2632      4.2875     0.35569
0.0068883      5.2632      4.2875      2.6411
0.006551      5.2632      4.2875      2.8956
0.0060238      5.2632      4.2875      3.3646
0.0053539      5.2632      4.2875       5.205
0.0053091      5.2356      3.9507      6.2728
0.0059642      5.2356      4.2721      2.4027
0.006479      5.2356      4.2721      1.1943
0.0068082      5.2356      4.2721      6.2352
0.0069214      5.2356      4.2721       4.272
0.0068082      5.2356      4.2721       5.874
0.006479      5.2356      4.2721      3.9986
0.0059642      5.2356      4.2721      4.0758
0.0053091      5.2356      4.2721      2.4039
0.0052644      5.2083      3.9433     0.17513
0.0059051      5.2083      4.2572      3.7262
0.006408      5.2083      4.2572      4.5948
0.0067292      5.2083      4.2572      4.1036
0.0068396      5.2083      4.2572      0.3893
0.0067292      5.2083      4.2572     0.96156
0.006408      5.2083      4.2572      4.7478
0.0059051      5.2083      4.2572      3.1153
0.0052644      5.2083      4.2572       2.415
0.0052199      5.1813       3.936      1.8115
0.0058466      5.1813       4.243      1.1709
0.0063377      5.1813       4.243      5.9521
0.0066512      5.1813       4.243       2.501
0.006759      5.1813       4.243     0.87429
0.0066512      5.1813       4.243      3.4014
0.0063377      5.1813       4.243     0.19173
0.0058466      5.1813       4.243      3.4459
0.0052199      5.1813       4.243      2.4918
0.0051757      5.1546      3.9288       4.781
0.0057885      5.1546      4.2292      1.0228
0.0062683      5.1546      4.2292      2.9411
0.0065743      5.1546      4.2292      3.7299
0.0066794      5.1546      4.2292     0.53616
0.0065743      5.1546      4.2292      3.1235
0.0062683      5.1546      4.2292      4.8813
0.0057885      5.1546      4.2292     0.84078
0.0051757      5.1546      4.2292      4.3993
0.0051316      5.1282      3.9217      5.2195
0.0057311      5.1282      4.2159      3.2241
0.0061998      5.1282      4.2159    0.030245
0.0064985      5.1282      4.2159      2.2412
0.006601      5.1282      4.2159      6.1135
0.0064985      5.1282      4.2159     0.90888
0.0061998      5.1282      4.2159      4.8679
0.0057311      5.1282      4.2159       2.268
0.0051316      5.1282      4.2159      1.7692
0.0050878       5.102      3.9147      3.4142
0.0056741       5.102       4.203      2.5587
0.0061321       5.102       4.203      5.7823
0.0064236       5.102       4.203      2.2424
0.0065237       5.102       4.203      0.7069
0.0064236       5.102       4.203      1.6027
0.0061321       5.102       4.203     0.97812
0.0056741       5.102       4.203      5.1088
0.0050878       5.102       4.203       3.956
0.0050442      5.0761      3.9079      4.1428
0.0056177      5.0761      4.1905      4.1727
0.0060652      5.0761      4.1905      3.4385
0.0063498      5.0761      4.1905      1.7966
0.0064475      5.0761      4.1905     0.61142
0.0063498      5.0761      4.1905      5.2225
0.0060652      5.0761      4.1905      1.9793
0.0056177      5.0761      4.1905      3.7622
0.0050442      5.0761      4.1905      2.9453
0.0050008      5.0505      3.9011      4.1355
0.0055619      5.0505      4.1784      1.6399
0.0059991      5.0505      4.1784      1.7877
0.0062771      5.0505      4.1784      4.3419
0.0063724      5.0505      4.1784      6.1164
0.0062771      5.0505      4.1784      1.7753
0.0059991      5.0505      4.1784      5.3656
0.0055619      5.0505      4.1784       5.663
0.0050008      5.0505      4.1784      5.2636
0.0049577      5.0251      3.8945      4.7266
0.0055066      5.0251      4.1666      1.6281
0.0059339      5.0251      4.1666      5.9509
0.0062053      5.0251      4.1666      5.3225
0.0062983      5.0251      4.1666      5.2926
0.0062053      5.0251      4.1666      4.8829
0.0059339      5.0251      4.1666      2.9766
0.0055066      5.0251      4.1666      5.3479
0.0049577      5.0251      4.1666      5.8381
0.0049148           5      4.1551     0.15232
0.0054519           5      4.1551      4.5809
0.0058694           5      4.1551      2.9299
0.0061345           5      4.1551      3.7145
0.0062253           5      4.1551      6.1856
0.0061345           5      4.1551      5.3217
0.0058694           5      4.1551      6.1366
0.0054519           5      4.1551      2.1667
0.0049148           5      4.1551      1.7427
