
[NumberOfWaves] 990
=================================
0.00809631      22.2222    -0.349056      1.97761
0.00848641      22.2222    -0.261792      5.56495
0.00877538      22.2222    -0.174528      1.85691
0.00895301      22.2222   -0.0872639      1.85579
0.00901293      22.2222            0       5.6992
0.00895301      22.2222    0.0872639      3.09679
0.00877538      22.2222     0.174528      1.30146
0.00848641      22.2222     0.261792     0.162222
0.00809631      22.2222     0.349056      1.06942
0.00979844      21.7391    -0.349056      1.89961
0.0103268      21.7391    -0.261792      6.04073
0.0107201      21.7391    -0.174528      4.92372
0.0109626      21.7391   -0.0872639      4.23007
0.0110445      21.7391            0      5.28226
0.0109626      21.7391    0.0872639      2.64423
0.0107201      21.7391     0.174528      4.42158
0.0103268      21.7391     0.261792      3.02392
0.00979844      21.7391     0.349056      5.15568
0.0115583      21.2766    -0.349056      2.74812
0.0122545      21.2766    -0.261792      5.40322
0.0127752      21.2766    -0.174528    0.0559013
0.0130974      21.2766   -0.0872639      6.25806
0.0132064      21.2766            0      1.72909
0.0130974      21.2766    0.0872639     0.210584
0.0127752      21.2766     0.174528     0.955644
0.0122545      21.2766     0.261792       3.0133
0.0115583      21.2766     0.349056       5.5846
0.0133304      20.8333    -0.349056      1.78072
0.0142253      20.8333    -0.261792      4.92667
0.0148985      20.8333    -0.174528      1.07058
0.0153165      20.8333   -0.0872639      4.59472
0.0154583      20.8333            0      1.54952
0.0153165      20.8333    0.0872639     0.514207
0.0148985      20.8333     0.174528      5.35883
0.0142253      20.8333     0.261792      4.31361
0.0133304      20.8333     0.349056      6.01981
0.015072      20.4082    -0.349056       6.1891
0.0161977      20.4082    -0.261792      3.35966
0.0170496      20.4082    -0.174528      5.69228
0.0175807      20.4082   -0.0872639      2.99478
0.0177612      20.4082            0       5.5898
0.0175807      20.4082    0.0872639     0.149848
0.0170496      20.4082     0.174528     0.808778
0.0161977      20.4082     0.261792      4.65344
0.015072      20.4082     0.349056      2.45678
0.0167462           20    -0.349056      2.47317
0.0181353           20    -0.261792      3.78141
0.0191934           20    -0.174528     0.150072
0.0198559           20   -0.0872639      2.43574
0.0200815           20            0     0.356536
0.0198559           20    0.0872639      4.33257
0.0191934           20     0.174528      3.26962
0.0181353           20     0.261792     0.478051
0.0167462           20     0.349056      2.55253
0.0183246      19.6078    -0.349056      2.70303
0.0200099      19.6078    -0.261792      4.14246
0.0213028      19.6078    -0.174528      1.37215
0.0221161      19.6078   -0.0872639      0.50948
0.0223937      19.6078            0      2.93838
0.0221161      19.6078    0.0872639      4.57824
0.0213028      19.6078     0.174528      3.85766
0.0200099      19.6078     0.261792      5.65846
0.0183246      19.6078     0.349056      1.58821
0.0197901      19.2308    -0.349056      1.38286
0.021805      19.2308    -0.261792      1.48156
0.0233624      19.2308    -0.174528      5.09004
0.0243472      19.2308   -0.0872639      4.41324
0.0246842      19.2308            0      5.51965
0.0243472      19.2308    0.0872639      4.46728
0.0233624      19.2308     0.174528      4.15357
0.021805      19.2308     0.261792      2.76187
0.0197901      19.2308     0.349056      3.53603
0.0211398      18.8679    -0.349056      6.22213
0.0235189      18.8679    -0.261792      6.01481
0.0253731      18.8679    -0.174528      2.11623
0.026552      18.8679   -0.0872639     0.976729
0.0269564      18.8679            0      2.62051
0.026552      18.8679    0.0872639      3.48378
0.0253731      18.8679     0.174528     0.186933
0.0235189      18.8679     0.261792      5.44552
0.0211398      18.8679     0.349056       5.6196
0.0223878      18.5185    -0.349056      3.12385
0.0251689      18.5185    -0.261792      1.31495
0.0273558      18.5185    -0.174528      4.53379
0.0287544      18.5185   -0.0872639      4.39632
0.0292357      18.5185            0      2.89487
0.0287544      18.5185    0.0872639      1.07184
0.0273558      18.5185     0.174528      4.99104
0.0251689      18.5185     0.261792      5.58244
0.0223878      18.5185     0.349056     0.895419
0.0235669      18.1818    -0.349056      5.90396
0.0267943      18.1818    -0.261792   0.00163895
0.0293565      18.1818    -0.174528      2.75701
0.0310056      18.1818   -0.0872639    0.0701671
0.0315749      18.1818            0      1.47346
0.0310056      18.1818    0.0872639      4.44198
0.0293565      18.1818     0.174528      4.36143
0.0267943      18.1818     0.261792      1.66575
0.0235669      18.1818     0.349056      2.05186
0.024729      17.8571    -0.349056     0.585789
0.0284578      17.8571    -0.261792     0.261369
0.0314487      17.8571    -0.174528      4.77056
0.0333869      17.8571   -0.0872639      2.04119
0.0340583      17.8571            0      3.27861
0.0333869      17.8571    0.0872639      5.98071
0.0314487      17.8571     0.174528      4.20319
0.0284578      17.8571     0.261792      2.97262
0.024729      17.8571     0.349056      4.08001
0.0259414      17.5439    -0.349056      4.18219
0.0302435      17.5439    -0.261792      1.44602
0.0337325      17.5439    -0.174528      5.05712
0.0360103      17.5439   -0.0872639        3.159
0.0368022      17.5439            0      2.72701
0.0360103      17.5439    0.0872639      4.45486
0.0337325      17.5439     0.174528      3.48872
0.0302435      17.5439     0.261792      1.60219
0.0259414      17.5439     0.349056     0.472485
0.0272789      17.2414    -0.349056      3.70133
0.0322493      17.2414    -0.261792      4.23626
0.0363283      17.2414    -0.174528      3.69449
0.0390122      17.2414   -0.0872639      3.35325
0.039949      17.2414            0      2.96945
0.0390122      17.2414    0.0872639      2.03451
0.0363283      17.2414     0.174528      2.70789
0.0322493      17.2414     0.261792      4.80585
0.0272789      17.2414     0.349056      6.26077
0.02881      16.9492    -0.349056      1.66511
0.0345719      16.9492    -0.261792      4.97656
0.0393607      16.9492    -0.174528      0.84575
0.0425384      16.9492   -0.0872639     0.223274
0.0436522      16.9492            0      2.85215
0.0425384      16.9492    0.0872639      3.53718
0.0393607      16.9492     0.174528      1.45064
0.0345719      16.9492     0.261792     0.909542
0.02881      16.9492     0.349056      4.25419
0.0305759      16.6667    -0.349056      2.22463
0.037282      16.6667    -0.261792       3.2073
0.0429318      16.6667    -0.174528      4.36484
0.0467146      16.6667   -0.0872639      3.74023
0.0480465      16.6667            0      3.17989
0.0467146      16.6667    0.0872639      4.87812
0.0429318      16.6667     0.174528      4.30513
0.037282      16.6667     0.261792      2.00738
0.0305759      16.6667     0.349056      5.22835
0.0325622      16.3934    -0.349056      4.15194
0.0403882      16.3934    -0.261792      3.68855
0.0470775      16.3934    -0.174528      0.11987
0.0515997      16.3934   -0.0872639      5.25856
0.0531996      16.3934            0     0.716249
0.0515997      16.3934    0.0872639      5.28036
0.0470775      16.3934     0.174528      2.12049
0.0403882      16.3934     0.261792      2.69814
0.0325622      16.3934     0.349056      4.98731
0.0346685       16.129    -0.349056     0.889468
0.0437924       16.129    -0.261792       3.8207
0.0517125       16.129    -0.174528      5.84714
0.0571219       16.129   -0.0872639      3.99878
0.0590455       16.129            0     0.300143
0.0571219       16.129    0.0872639      4.38771
0.0517125       16.129     0.174528      1.61542
0.0437924       16.129     0.261792      4.34093
0.0346685       16.129     0.349056      2.28186
0.0366846       15.873    -0.349056      3.40466
0.0472496       15.873    -0.261792      1.39572
0.0565728       15.873    -0.174528      5.68918
0.0630106       15.873   -0.0872639      2.34696
0.0653125       15.873            0     0.495204
0.0630106       15.873    0.0872639     0.194333
0.0565728       15.873     0.174528      3.93882
0.0472496       15.873     0.261792      5.88715
0.0366846       15.873     0.349056      2.01015
0.0382959       15.625    -0.349056      4.68193
0.0503584       15.625    -0.261792      1.81534
0.0611912       15.625    -0.174528     0.781316
0.068759       15.625   -0.0872639      3.22997
0.0714807       15.625            0      2.43474
0.068759       15.625    0.0872639      6.14861
0.0611912       15.625     0.174528      1.83349
0.0503584       15.625     0.261792      3.72169
0.0382959       15.625     0.349056      3.58983
0.0391389      15.3846    -0.349056      3.86942
0.0526154      15.3846    -0.261792      3.52422
0.0649457      15.3846    -0.174528      1.75836
0.073667      15.3846   -0.0872639     0.954071
0.0768229      15.3846            0      4.60552
0.073667      15.3846    0.0872639     0.249426
0.0649457      15.3846     0.174528      5.03659
0.0526154      15.3846     0.261792      2.55352
0.0391389      15.3846     0.349056      5.21496
0.0389064      15.1515    -0.349056      6.10102
0.0535451      15.1515    -0.261792      2.65446
0.0672064      15.1515    -0.174528     0.338684
0.0769971      15.1515   -0.0872639      4.94495
0.0805633      15.1515            0      3.95877
0.0769971      15.1515    0.0872639      3.19691
0.0672064      15.1515     0.174528      3.56677
0.0535451      15.1515     0.261792      1.94265
0.0389064      15.1515     0.349056      4.69426
0.0383116      14.9254    -0.349056      2.11524
0.0533789      14.9254    -0.261792      5.55012
0.0675866      14.9254    -0.174528      2.09636
0.0778393      14.9254   -0.0872639      5.00136
0.0815866      14.9254            0      5.05646
0.0778393      14.9254    0.0872639      0.31565
0.0675866      14.9254     0.174528      2.52894
0.0533789      14.9254     0.261792       6.0643
0.0383116      14.9254     0.349056      2.60352
0.0385077      14.7059    -0.349056      2.07668
0.053009      14.7059    -0.261792      3.99833
0.0665448      14.7059    -0.174528      5.39097
0.0762468      14.7059   -0.0872639      4.95279
0.079781      14.7059            0      3.38283
0.0762468      14.7059    0.0872639      4.65992
0.0665448      14.7059     0.174528      4.64766
0.053009      14.7059     0.261792      2.79464
0.0385077      14.7059     0.349056      5.34313
0.0379997      14.4928    -0.349056      3.10716
0.0517139      14.4928    -0.261792      5.95727
0.064392      14.4928    -0.174528       5.0125
0.0734212      14.4928   -0.0872639     0.835919
0.0766997      14.4928            0      1.49391
0.0734212      14.4928    0.0872639     0.802487
0.064392      14.4928     0.174528      3.35588
0.0517139      14.4928     0.261792     0.356225
0.0379997      14.4928     0.349056      2.94406
0.0369102      14.2857    -0.349056      6.17423
0.0496874      14.2857    -0.261792       4.2864
0.0613912      14.2857    -0.174528      5.47187
0.0696758      14.2857   -0.0872639      3.11769
0.0726748      14.2857            0      1.80738
0.0696758      14.2857    0.0872639      1.14991
0.0613912      14.2857     0.174528      6.03934
0.0496874      14.2857     0.261792      4.75159
0.0369102      14.2857     0.349056      5.97107
0.0354113      14.0845    -0.349056      4.21757
0.0471785      14.0845    -0.261792      1.16898
0.0578633      14.0845    -0.174528      1.82108
0.0653829      14.0845   -0.0872639      0.36572
0.068097      14.0845            0     0.276868
0.0653829      14.0845    0.0872639      1.75647
0.0578633      14.0845     0.174528      1.07106
0.0471785      14.0845     0.261792      4.25422
0.0354113      14.0845     0.349056      5.66989
0.0336869      13.8889    -0.349056      2.21154
0.0444407      13.8889    -0.261792     0.629296
0.0541245      13.8889    -0.174528      4.98243
0.0609019      13.8889   -0.0872639      2.94316
0.0633415      13.8889            0      4.31856
0.0609019      13.8889    0.0872639      4.29178
0.0541245      13.8889     0.174528      2.64788
0.0444407      13.8889     0.261792      4.14265
0.0336869      13.8889     0.349056      3.97982
0.0319016      13.6986    -0.349056      3.29949
0.0416921      13.6986    -0.261792      1.20182
0.0504389      13.6986    -0.174528      3.21631
0.0565283      13.6986   -0.0872639      4.70176
0.0587145      13.6986            0      2.63777
0.0565283      13.6986    0.0872639      4.63358
0.0504389      13.6986     0.174528      4.31308
0.0416921      13.6986     0.261792      6.00483
0.0319016      13.6986     0.349056      1.93458
0.0301826      13.5135    -0.349056      2.15068
0.0390941      13.5135    -0.261792      2.43173
0.0469955      13.5135    -0.174528     0.164463
0.0524688      13.5135   -0.0872639      3.98057
0.0544289      13.5135            0      3.55147
0.0524688      13.5135    0.0872639      2.29651
0.0469955      13.5135     0.174528      2.64803
0.0390941      13.5135     0.261792        2.904
0.0301826      13.5135     0.349056      1.97562
0.0286137      13.3333    -0.349056      1.41783
0.0367469      13.3333    -0.261792     0.728431
0.0439064      13.3333    -0.174528     0.841709
0.0488421      13.3333   -0.0872639      5.94701
0.0506054      13.3333            0      3.09396
0.0488421      13.3333    0.0872639      4.70103
0.0439064      13.3333     0.174528      1.95361
0.0367469      13.3333     0.261792    0.0484123
0.0286137      13.3333     0.349056      3.86795
0.0272393      13.1579    -0.349056      2.24663
0.0346979      13.1579    -0.261792      4.07659
0.0412185      13.1579    -0.174528      5.31527
0.0456932      13.1579   -0.0872639     0.636802
0.0472882      13.1579            0       3.6963
0.0456932      13.1579    0.0872639      3.65911
0.0412185      13.1579     0.174528      3.27849
0.0346979      13.1579     0.261792      2.85625
0.0272393      13.1579     0.349056      6.07379
0.0260725       12.987    -0.349056      1.14543
0.0329542       12.987    -0.261792      3.51466
0.038931       12.987    -0.174528      3.93614
0.0430146       12.987   -0.0872639     0.189307
0.0444669       12.987            0       4.0354
0.0430146       12.987    0.0872639      5.26617
0.038931       12.987     0.174528      2.48264
0.0329542       12.987     0.261792      2.74782
0.0260725       12.987     0.349056     0.533318
0.025105      12.8205    -0.349056      3.65279
0.0314963      12.8205    -0.261792      5.47678
0.0370123      12.8205    -0.174528          1.3
0.0407653      12.8205   -0.0872639     0.594435
0.0420974      12.8205            0       1.1809
0.0407653      12.8205    0.0872639      4.19602
0.0370123      12.8205     0.174528       4.6018
0.0314963      12.8205     0.261792      3.96464
0.025105      12.8205     0.349056      2.94174
0.0243152      12.6582    -0.349056      1.97514
0.0302893      12.6582    -0.261792      4.03034
0.0354144      12.6582    -0.174528      3.53121
0.0388875      12.6582   -0.0872639      4.17019
0.0401177      12.6582            0     0.784602
0.0388875      12.6582    0.0872639      4.23491
0.0354144      12.6582     0.174528       4.2744
0.0302893      12.6582     0.261792      5.84394
0.0243152      12.6582     0.349056      5.20747
0.0236751         12.5    -0.349056        1.119
0.0292921         12.5    -0.261792      5.96408
0.0340831         12.5    -0.174528      1.25423
0.0373174         12.5   -0.0872639      1.36769
0.0384608         12.5            0    0.0535433
0.0373174         12.5    0.0872639      1.88884
0.0340831         12.5     0.174528       1.7245
0.0292921         12.5     0.261792      3.68466
0.0236751         12.5     0.349056      2.49154
0.0231549      12.3457    -0.349056      1.17117
0.0284625      12.3457    -0.261792      2.46807
0.0329648      12.3457    -0.174528     0.971313
0.035993      12.3457   -0.0872639      5.22937
0.0370617      12.3457            0     0.940892
0.035993      12.3457    0.0872639      4.26959
0.0329648      12.3457     0.174528      4.71282
0.0284625      12.3457     0.261792    0.0935539
0.0231549      12.3457     0.349056     0.893735
0.0227261      12.1951    -0.349056     0.192609
0.0277619      12.1951    -0.261792      5.08103
0.0320109      12.1951    -0.174528     0.296218
0.0348589      12.1951   -0.0872639      4.18562
0.0358622      12.1951            0      2.86525
0.0348589      12.1951    0.0872639      5.04523
0.0320109      12.1951     0.174528      2.25207
0.0277619      12.1951     0.261792     0.159174
0.0227261      12.1951     0.349056      1.37339
0.0223638      12.0482    -0.349056      4.46668
0.0271565      12.0482    -0.261792      3.44887
0.0311801      12.0482    -0.174528      5.46428
0.0338679      12.0482   -0.0872639       4.6421
0.0348131      12.0482            0     0.648595
0.0338679      12.0482    0.0872639      6.10351
0.0311801      12.0482     0.174528      4.64133
0.0271565      12.0482     0.261792    0.0870672
0.0223638      12.0482     0.349056      4.26692
0.0220471      11.9048    -0.349056      3.05041
0.026619      11.9048    -0.261792     0.218135
0.0304387      11.9048    -0.174528     0.719024
0.032982      11.9048   -0.0872639     0.481436
0.033875      11.9048            0      3.81896
0.032982      11.9048    0.0872639      1.46687
0.0304387      11.9048     0.174528     0.892258
0.026619      11.9048     0.261792      3.33108
0.0220471      11.9048     0.349056      5.84508
0.0217596      11.7647    -0.349056        3.876
0.026128      11.7647    -0.261792      4.33459
0.0297607      11.7647    -0.174528       1.4729
0.032172      11.7647   -0.0872639       1.2996
0.0330173      11.7647            0     0.234772
0.032172      11.7647    0.0872639      4.16792
0.0297607      11.7647     0.174528      3.18708
0.026128      11.7647     0.261792      3.05228
0.0217596      11.7647     0.349056      5.41403
0.0214893      11.6279    -0.349056      6.06633
0.0256678      11.6279    -0.261792      4.77312
0.0291269      11.6279    -0.174528      1.54989
0.0314163      11.6279   -0.0872639      4.24899
0.0322177      11.6279            0      4.77072
0.0314163      11.6279    0.0872639      3.68303
0.0291269      11.6279     0.174528      5.16739
0.0256678      11.6279     0.261792      5.82331
0.0214893      11.6279     0.349056      4.00583
0.0212276      11.4943    -0.349056     0.118987
0.0252271      11.4943    -0.261792      1.15821
0.028524      11.4943    -0.174528     0.168012
0.0306997      11.4943   -0.0872639       5.8746
0.0314603      11.4943            0      3.04391
0.0306997      11.4943    0.0872639      4.99364
0.028524      11.4943     0.174528       2.8703
0.0252271      11.4943     0.261792      3.10512
0.0212276      11.4943     0.349056      2.67476
0.0209689      11.3636    -0.349056        5.603
0.0247988      11.3636    -0.261792      5.49313
0.0279428      11.3636    -0.174528      3.97808
0.030012      11.3636   -0.0872639      1.83639
0.0307343      11.3636            0      1.83262
0.030012      11.3636    0.0872639      1.54248
0.0279428      11.3636     0.174528      4.42542
0.0247988      11.3636     0.261792      4.86689
0.0209689      11.3636     0.349056      5.16873
0.0207097       11.236    -0.349056      5.06529
0.024378       11.236    -0.261792      1.59444
0.0273776       11.236    -0.174528      5.02954
0.0293465       11.236   -0.0872639      3.95646
0.0300328       11.236            0      1.45452
0.0293465       11.236    0.0872639      2.39431
0.0273776       11.236     0.174528      2.84747
0.024378       11.236     0.261792      3.14502
0.0207097       11.236     0.349056      3.39641
0.0204481      11.1111    -0.349056      2.16855
0.0239623      11.1111    -0.261792      1.83105
0.0268248      11.1111    -0.174528      4.42027
0.028699      11.1111   -0.0872639      5.86881
0.0293515      11.1111            0       3.7332
0.028699      11.1111    0.0872639      3.72639
0.0268248      11.1111     0.174528      4.64145
0.0239623      11.1111     0.261792      2.34132
0.0204481      11.1111     0.349056       2.8479
0.0201835       10.989    -0.349056      3.20041
0.0235503       10.989    -0.261792      5.83509
0.0262826       10.989    -0.174528       2.8323
0.0280672       10.989   -0.0872639        4.005
0.0286878       10.989            0      2.88618
0.0280672       10.989    0.0872639      3.47936
0.0262826       10.989     0.174528     0.259065
0.0235503       10.989     0.261792      5.04024
0.0201835       10.989     0.349056      4.21911
0.0199157      10.8696    -0.349056      1.25866
0.0231414      10.8696    -0.261792    0.0916462
0.02575      10.8696    -0.174528      4.79497
0.0274497      10.8696   -0.0872639      3.56568
0.0280402      10.8696            0      4.11043
0.0274497      10.8696    0.0872639      3.98807
0.02575      10.8696     0.174528       4.6138
0.0231414      10.8696     0.261792      5.57507
0.0199157      10.8696     0.349056      4.18391
0.019645      10.7527    -0.349056     0.758199
0.0227356      10.7527    -0.261792       4.4844
0.0252265      10.7527    -0.174528      2.80993
0.0268459      10.7527   -0.0872639      4.02729
0.0274078      10.7527            0      4.07701
0.0268459      10.7527    0.0872639      4.26223
0.0252265      10.7527     0.174528     0.369614
0.0227356      10.7527     0.261792       1.4071
0.019645      10.7527     0.349056      1.05543
0.0193719      10.6383    -0.349056      5.83395
0.0223332      10.6383    -0.261792       3.2372
0.0247122      10.6383    -0.174528      4.23074
0.0262554      10.6383   -0.0872639      4.19579
0.0267903      10.6383            0     0.511822
0.0262554      10.6383    0.0872639      1.41414
0.0247122      10.6383     0.174528      1.78556
0.0223332      10.6383     0.261792      5.74118
0.0193719      10.6383     0.349056      1.43945
0.0190969      10.5263    -0.349056      1.56208
0.0219346      10.5263    -0.261792      4.24913
0.024207      10.5263    -0.174528      4.07447
0.0256781      10.5263   -0.0872639       4.4212
0.0261874      10.5263            0      5.25952
0.0256781      10.5263    0.0872639       4.5696
0.024207      10.5263     0.174528     0.122106
0.0219346      10.5263     0.261792      3.66768
0.0190969      10.5263     0.349056      5.78587
0.0188207      10.4167    -0.349056     0.576013
0.0215401      10.4167    -0.261792       3.4843
0.0237112      10.4167    -0.174528      5.84823
0.0251138      10.4167   -0.0872639      1.25316
0.025599      10.4167            0      3.30058
0.0251138      10.4167    0.0872639     0.796302
0.0237112      10.4167     0.174528      4.70425
0.0215401      10.4167     0.261792      1.97706
0.0188207      10.4167     0.349056      1.17602
0.0185439      10.3093    -0.349056      6.15982
0.0211502      10.3093    -0.261792      4.47869
0.0232248      10.3093    -0.174528      5.18756
0.0245626      10.3093   -0.0872639      4.29267
0.0250248      10.3093            0      4.33151
0.0245626      10.3093    0.0872639      3.33549
0.0232248      10.3093     0.174528      1.18657
0.0211502      10.3093     0.261792      3.09762
0.0185439      10.3093     0.349056      3.51559
0.018267      10.2041    -0.349056      5.20408
0.0207651      10.2041    -0.261792      1.27462
0.022748      10.2041    -0.174528      3.31583
0.0240242      10.2041   -0.0872639      5.07548
0.0244648      10.2041            0      2.23112
0.0240242      10.2041    0.0872639      3.44154
0.022748      10.2041     0.174528      4.50766
0.0207651      10.2041     0.261792      1.27239
0.018267      10.2041     0.349056      4.04472
0.0179905       10.101    -0.349056  0.000559287
0.0203852       10.101    -0.261792      3.22429
0.0222809       10.101    -0.174528      3.58024
0.0234987       10.101   -0.0872639    0.0442116
0.0239188       10.101            0       5.6074
0.0234987       10.101    0.0872639      5.23496
0.0222809       10.101     0.174528      4.87036
0.0203852       10.101     0.261792      4.95186
0.0179905       10.101     0.349056      2.34751
0.0177149           10    -0.349056     0.956976
0.0200108           10    -0.261792      2.21325
0.0218235           10    -0.174528      4.05315
0.0229859           10   -0.0872639      5.85536
0.0233865           10            0     0.586336
0.0229859           10    0.0872639      4.64174
0.0218235           10     0.174528     0.347245
0.0200108           10     0.261792      4.75723
0.0177149           10     0.349056       2.9121
0.017441       9.901    -0.34906     0.28276
0.019642       9.901    -0.26179      5.2905
0.021376       9.901    -0.17453      1.0349
0.022486       9.901   -0.087264     0.72301
0.022868       9.901           0      1.7062
0.022486       9.901    0.087264      1.9753
0.021376       9.901     0.17453      3.8081
0.019642       9.901     0.26179      4.2565
0.017441       9.901     0.34906      6.2054
0.017168      9.8039    -0.34906      6.2407
0.019279      9.8039    -0.26179      4.7596
0.020938      9.8039    -0.17453      1.7282
0.021998      9.8039   -0.087264      5.9941
0.022363      9.8039           0      2.5828
0.021998      9.8039    0.087264       1.361
0.020938      9.8039     0.17453      3.9528
0.019279      9.8039     0.26179    0.093422
0.017168      9.8039     0.34906     0.27205
0.016897      9.7087    -0.34906      1.1326
0.018922      9.7087    -0.26179      1.2595
0.020509      9.7087    -0.17453      4.5197
0.021522      9.7087   -0.087264      2.7825
0.02187      9.7087           0      5.3122
0.021522      9.7087    0.087264      2.4491
0.020509      9.7087     0.17453      5.2623
0.018922      9.7087     0.26179      4.7023
0.016897      9.7087     0.34906      3.6684
0.016629      9.6154    -0.34906      1.0089
0.018572      9.6154    -0.26179      3.3227
0.020091      9.6154    -0.17453       2.907
0.021059      9.6154   -0.087264      2.3847
0.021391      9.6154           0     0.58576
0.021059      9.6154    0.087264      1.6282
0.020091      9.6154     0.17453      2.1101
0.018572      9.6154     0.26179      2.3568
0.016629      9.6154     0.34906     0.91895
0.016363      9.5238    -0.34906      1.9903
0.018227      9.5238    -0.26179      1.7669
0.019681      9.5238    -0.17453      5.1528
0.020607      9.5238   -0.087264      2.1493
0.020924      9.5238           0      5.4788
0.020607      9.5238    0.087264       1.684
0.019681      9.5238     0.17453       4.872
0.018227      9.5238     0.26179      3.8277
0.016363      9.5238     0.34906      0.1129
0.0161       9.434    -0.34906      4.4076
0.017889       9.434    -0.26179    0.098972
0.019282       9.434    -0.17453      4.2969
0.020166       9.434   -0.087264      5.5159
0.02047       9.434           0       2.713
0.020166       9.434    0.087264      3.9667
0.019282       9.434     0.17453      3.6821
0.017889       9.434     0.26179      1.4288
0.0161       9.434     0.34906        4.93
0.01584      9.3458    -0.34906      1.8072
0.017557      9.3458    -0.26179      5.8079
0.018891      9.3458    -0.17453      1.8753
0.019737      9.3458   -0.087264      3.3696
0.020027      9.3458           0      2.0963
0.019737      9.3458    0.087264      1.4909
0.018891      9.3458     0.17453      3.4257
0.017557      9.3458     0.26179     0.67659
0.01584      9.3458     0.34906     0.86175
0.015584      9.2593    -0.34906     0.59329
0.017232      9.2593    -0.26179      1.9533
0.01851      9.2593    -0.17453      5.1058
0.019319      9.2593   -0.087264      3.2267
0.019597      9.2593           0      5.4441
0.019319      9.2593    0.087264      6.1604
0.01851      9.2593     0.17453      2.0524
0.017232      9.2593     0.26179      1.3799
0.015584      9.2593     0.34906       3.256
0.01533      9.1743    -0.34906      2.2179
0.016912      9.1743    -0.26179      5.4001
0.018137      9.1743    -0.17453      1.6337
0.018912      9.1743   -0.087264      5.3011
0.019177      9.1743           0      3.6617
0.018912      9.1743    0.087264        4.52
0.018137      9.1743     0.17453      2.1584
0.016912      9.1743     0.26179    0.058268
0.01533      9.1743     0.34906      1.2091
0.01508      9.0909    -0.34906      3.1879
0.0166      9.0909    -0.26179     0.15231
0.017773      9.0909    -0.17453      3.4559
0.018515      9.0909   -0.087264      1.7353
0.018769      9.0909           0      4.3745
0.018515      9.0909    0.087264      5.5375
0.017773      9.0909     0.17453     0.15507
0.0166      9.0909     0.26179      2.1438
0.01508      9.0909     0.34906      2.6477
0.014833       9.009    -0.34906     0.50271
0.016293       9.009    -0.26179     0.49858
0.017418       9.009    -0.17453     0.45474
0.018129       9.009   -0.087264      5.6568
0.018372       9.009           0      6.0902
0.018129       9.009    0.087264      2.4586
0.017418       9.009     0.17453      1.9703
0.016293       9.009     0.26179      3.4765
0.014833       9.009     0.34906      4.9764
0.01459      8.9286    -0.34906      5.0158
0.015993      8.9286    -0.26179      5.4239
0.017072      8.9286    -0.17453      5.0136
0.017753      8.9286   -0.087264    0.040063
0.017985      8.9286           0      5.7797
0.017753      8.9286    0.087264     0.11286
0.017072      8.9286     0.17453     0.18482
0.015993      8.9286     0.26179      4.4701
0.01459      8.9286     0.34906      3.3829
0.01435      8.8496    -0.34906       3.296
0.015698      8.8496    -0.26179      3.1556
0.016734      8.8496    -0.17453     0.41262
0.017386      8.8496   -0.087264      1.4453
0.017609      8.8496           0     0.73536
0.017386      8.8496    0.087264      6.2187
0.016734      8.8496     0.17453     0.44306
0.015698      8.8496     0.26179     0.37713
0.01435      8.8496     0.34906      4.1567
0.014114      8.7719    -0.34906      2.1617
0.01541      8.7719    -0.26179     0.80745
0.016404      8.7719    -0.17453      4.0031
0.017029      8.7719   -0.087264      4.6902
0.017242      8.7719           0      5.0595
0.017029      8.7719    0.087264      1.6903
0.016404      8.7719     0.17453      2.7267
0.01541      8.7719     0.26179      2.5246
0.014114      8.7719     0.34906       3.821
0.013882      8.6957    -0.34906      4.8385
0.015128      8.6957    -0.26179      5.9131
0.016082      8.6957    -0.17453     0.82599
0.016681      8.6957   -0.087264      1.6067
0.016886      8.6957           0      2.3769
0.016681      8.6957    0.087264      6.2436
0.016082      8.6957     0.17453      2.1422
0.015128      8.6957     0.26179      5.6519
0.013882      8.6957     0.34906      1.4921
0.013654      8.6207    -0.34906      1.3823
0.014852      8.6207    -0.26179      6.2269
0.015768      8.6207    -0.17453      5.9758
0.016342      8.6207   -0.087264      4.0099
0.016538      8.6207           0      3.1675
0.016342      8.6207    0.087264      2.2501
0.015768      8.6207     0.17453      4.8282
0.014852      8.6207     0.26179      4.9282
0.013654      8.6207     0.34906     0.18169
0.013429       8.547    -0.34906     0.32949
0.014581       8.547    -0.26179       2.032
0.015461       8.547    -0.17453      5.0244
0.016012       8.547   -0.087264      3.9597
0.0162       8.547           0      6.1749
0.016012       8.547    0.087264     0.99428
0.015461       8.547     0.17453      3.8746
0.014581       8.547     0.26179      1.9397
0.013429       8.547     0.34906     0.53455
0.013209      8.4746    -0.34906      5.5091
0.014317      8.4746    -0.26179      3.7114
0.015162      8.4746    -0.17453      1.9045
0.015691      8.4746   -0.087264       1.056
0.015871      8.4746           0      2.1354
0.015691      8.4746    0.087264     0.42376
0.015162      8.4746     0.17453      4.1059
0.014317      8.4746     0.26179      1.5348
0.013209      8.4746     0.34906       4.762
0.012992      8.4034    -0.34906      1.8787
0.014058      8.4034    -0.26179      2.6314
0.01487      8.4034    -0.17453     0.35079
0.015378      8.4034   -0.087264     0.19387
0.015551      8.4034           0      1.1723
0.015378      8.4034    0.087264      1.7021
0.01487      8.4034     0.17453     0.41621
0.014058      8.4034     0.26179      2.0953
0.012992      8.4034     0.34906     0.31356
0.012778      8.3333    -0.34906     0.63652
0.013805      8.3333    -0.26179     0.45156
0.014585      8.3333    -0.17453      5.6831
0.015073      8.3333   -0.087264       1.959
0.015239      8.3333           0      3.7181
0.015073      8.3333    0.087264      2.3726
0.014585      8.3333     0.17453      5.9787
0.013805      8.3333     0.26179      4.6645
0.012778      8.3333     0.34906      5.5736
0.012569      8.2645    -0.34906      3.7629
0.013557      8.2645    -0.26179      4.3329
0.014307      8.2645    -0.17453      2.4574
0.014775      8.2645   -0.087264      1.4028
0.014935      8.2645           0     0.82471
0.014775      8.2645    0.087264      1.0837
0.014307      8.2645     0.17453      5.8972
0.013557      8.2645     0.26179     0.21665
0.012569      8.2645     0.34906      5.5263
0.012363      8.1967    -0.34906      3.2818
0.013314      8.1967    -0.26179      5.0782
0.014036      8.1967    -0.17453      2.8121
0.014486      8.1967   -0.087264      2.1773
0.014639      8.1967           0      4.7572
0.014486      8.1967    0.087264      2.2632
0.014036      8.1967     0.17453      3.4972
0.013314      8.1967     0.26179      5.5838
0.012363      8.1967     0.34906      5.2787
0.012161      8.1301    -0.34906      1.5332
0.013077      8.1301    -0.26179       2.737
0.013771      8.1301    -0.17453      5.2058
0.014203      8.1301   -0.087264     0.95943
0.01435      8.1301           0      4.7622
0.014203      8.1301    0.087264      5.5071
0.013771      8.1301     0.17453      3.1548
0.013077      8.1301     0.26179       3.583
0.012161      8.1301     0.34906      5.3499
0.011963      8.0645    -0.34906      6.1865
0.012845      8.0645    -0.26179      4.9649
0.013512      8.0645    -0.17453      2.2033
0.013928      8.0645   -0.087264      3.1535
0.01407      8.0645           0      1.6035
0.013928      8.0645    0.087264      3.2035
0.013512      8.0645     0.17453     0.49397
0.012845      8.0645     0.26179     0.35122
0.011963      8.0645     0.34906      3.9896
0.011768           8    -0.34906       3.876
0.012618           8    -0.26179      0.5119
0.01326           8    -0.17453      3.8296
0.01366           8   -0.087264      3.4222
0.013796           8           0      5.3778
0.01366           8    0.087264       4.038
0.01326           8     0.17453      1.7067
0.012618           8     0.26179     0.67071
0.011768           8     0.34906     0.38021
0.011577      7.9365    -0.34906      3.9073
0.012396      7.9365    -0.26179      4.3923
0.013014      7.9365    -0.17453      1.7274
0.013399      7.9365   -0.087264      2.6512
0.013529      7.9365           0      2.2985
0.013399      7.9365    0.087264      0.5162
0.013014      7.9365     0.17453     0.43836
0.012396      7.9365     0.26179     0.75955
0.011577      7.9365     0.34906       4.259
0.011389       7.874    -0.34906      1.3756
0.012179       7.874    -0.26179      1.4908
0.012774       7.874    -0.17453    0.054251
0.013144       7.874   -0.087264      4.5684
0.01327       7.874           0       3.525
0.013144       7.874    0.087264       3.468
0.012774       7.874     0.17453      4.6636
0.012179       7.874     0.26179      5.1812
0.011389       7.874     0.34906      2.4717
0.011205      7.8125    -0.34906     0.85413
0.011967      7.8125    -0.26179      1.2299
0.01254      7.8125    -0.17453      4.5256
0.012896      7.8125   -0.087264      4.2073
0.013016      7.8125           0     0.37604
0.012896      7.8125    0.087264      2.4144
0.01254      7.8125     0.17453      3.0864
0.011967      7.8125     0.26179      4.8641
0.011205      7.8125     0.34906      0.9287
0.011025      7.7519    -0.34906      3.0506
0.011759      7.7519    -0.26179     0.45134
0.012311      7.7519    -0.17453      4.9475
0.012654      7.7519   -0.087264      2.4738
0.01277      7.7519           0      1.4838
0.012654      7.7519    0.087264     0.50621
0.012311      7.7519     0.17453     0.49639
0.011759      7.7519     0.26179       5.827
0.011025      7.7519     0.34906      1.2862
0.010847      7.6923    -0.34906      6.0102
0.011556      7.6923    -0.26179      2.1346
0.012087      7.6923    -0.17453      6.0315
0.012417      7.6923   -0.087264       2.156
0.012529      7.6923           0     0.39849
0.012417      7.6923    0.087264      3.8482
0.012087      7.6923     0.17453      3.4909
0.011556      7.6923     0.26179      5.6952
0.010847      7.6923     0.34906      1.2643
0.010674      7.6336    -0.34906      4.9491
0.011357      7.6336    -0.26179      2.1847
0.011869      7.6336    -0.17453       6.108
0.012187      7.6336   -0.087264      5.2529
0.012295      7.6336           0      4.4723
0.012187      7.6336    0.087264      1.3502
0.011869      7.6336     0.17453    0.097058
0.011357      7.6336     0.26179      1.3197
0.010674      7.6336     0.34906      3.3706
0.010503      7.5758    -0.34906     0.68144
0.011162      7.5758    -0.26179      5.3642
0.011656      7.5758    -0.17453      5.7229
0.011963      7.5758   -0.087264      2.0968
0.012066      7.5758           0      2.9476
0.011963      7.5758    0.087264    0.018201
0.011656      7.5758     0.17453      1.9534
0.011162      7.5758     0.26179      3.0487
0.010503      7.5758     0.34906      1.6472
0.010336      7.5188    -0.34906       4.292
0.010972      7.5188    -0.26179       5.725
0.011449      7.5188    -0.17453      3.5845
0.011743      7.5188   -0.087264      1.6667
0.011843      7.5188           0      5.8336
0.011743      7.5188    0.087264     0.40365
0.011449      7.5188     0.17453      3.9351
0.010972      7.5188     0.26179       5.958
0.010336      7.5188     0.34906      3.2445
0.010172      7.4627    -0.34906       6.011
0.010786      7.4627    -0.26179      1.7091
0.011245      7.4627    -0.17453      3.3111
0.01153      7.4627   -0.087264       5.725
0.011626      7.4627           0      1.3489
0.01153      7.4627    0.087264      5.1947
0.011245      7.4627     0.17453     0.86911
0.010786      7.4627     0.26179      2.7504
0.010172      7.4627     0.34906      5.4994
0.010011      7.4074    -0.34906      4.4252
0.010604      7.4074    -0.26179      3.1228
0.011047      7.4074    -0.17453      3.8301
0.011321      7.4074   -0.087264       0.489
0.011414      7.4074           0      1.5169
0.011321      7.4074    0.087264       0.162
0.011047      7.4074     0.17453      5.3184
0.010604      7.4074     0.26179    0.093383
0.010011      7.4074     0.34906      3.4583
0.0098531      7.3529    -0.34906     0.75189
0.010426      7.3529    -0.26179      3.6941
0.010853      7.3529    -0.17453      3.9094
0.011118      7.3529   -0.087264      4.6935
0.011207      7.3529           0      1.9473
0.011118      7.3529    0.087264      5.7584
0.010853      7.3529     0.17453       4.915
0.010426      7.3529     0.26179     0.63488
0.0098531      7.3529     0.34906      1.7662
0.0096983      7.2993    -0.34906      5.7019
0.010252      7.2993    -0.26179     0.69796
0.010664      7.2993    -0.17453      4.9624
0.010919      7.2993   -0.087264     0.64262
0.011005      7.2993           0       4.825
0.010919      7.2993    0.087264      4.1597
0.010664      7.2993     0.17453      4.8574
0.010252      7.2993     0.26179      5.8556
0.0096983      7.2993     0.34906      1.1114
0.0095466      7.2464    -0.34906     0.12831
0.010081      7.2464    -0.26179      5.2378
0.010479      7.2464    -0.17453      2.9731
0.010725      7.2464   -0.087264     0.68262
0.010809      7.2464           0     0.55953
0.010725      7.2464    0.087264     0.72336
0.010479      7.2464     0.17453      1.0554
0.010081      7.2464     0.26179      6.1103
0.0095466      7.2464     0.34906       1.797
0.0093977      7.1942    -0.34906      3.7637
0.0099142      7.1942    -0.26179      5.3544
0.010299      7.1942    -0.17453       1.538
0.010536      7.1942   -0.087264      4.5688
0.010616      7.1942           0      2.5182
0.010536      7.1942    0.087264      1.9515
0.010299      7.1942     0.17453      4.1078
0.0099142      7.1942     0.26179      2.4618
0.0093977      7.1942     0.34906     0.74979
0.0092518      7.1429    -0.34906      6.1482
0.0097509      7.1429    -0.26179      3.2562
0.010122      7.1429    -0.17453      3.1903
0.010351      7.1429   -0.087264      2.0421
0.010429      7.1429           0      1.2395
0.010351      7.1429    0.087264      5.4216
0.010122      7.1429     0.17453       1.683
0.0097509      7.1429     0.26179      3.3845
0.0092518      7.1429     0.34906      3.4649
0.0091086      7.0922    -0.34906      6.0521
0.0095912      7.0922    -0.26179      1.6937
0.00995      7.0922    -0.17453      1.6695
0.010171      7.0922   -0.087264      1.9477
0.010246      7.0922           0      3.5015
0.010171      7.0922    0.087264      2.3762
0.00995      7.0922     0.17453      1.5441
0.0095912      7.0922     0.26179      4.2484
0.0091086      7.0922     0.34906      1.6417
0.0089682      7.0423    -0.34906       6.041
0.0094348      7.0423    -0.26179      3.1263
0.0097815      7.0423    -0.17453      2.6877
0.0099951      7.0423   -0.087264      3.5674
0.010067      7.0423           0      3.8517
0.0099951      7.0423    0.087264      5.0703
0.0097815      7.0423     0.17453       5.534
0.0094348      7.0423     0.26179      1.0051
0.0089682      7.0423     0.34906      0.5603
0.0088306       6.993    -0.34906      1.9674
0.0092818       6.993    -0.26179       3.816
0.0096168       6.993    -0.17453      2.3796
0.0098231       6.993   -0.087264      5.8152
0.0098928       6.993           0     0.35822
0.0098231       6.993    0.087264      6.2454
0.0096168       6.993     0.17453      4.1905
0.0092818       6.993     0.26179      3.8776
0.0088306       6.993     0.34906     0.92917
0.0086956      6.9444    -0.34906     0.18218
0.009132      6.9444    -0.26179      3.5968
0.0094559      6.9444    -0.17453     0.18837
0.0096552      6.9444   -0.087264      4.4706
0.0097224      6.9444           0      1.3448
0.0096552      6.9444    0.087264      1.6033
0.0094559      6.9444     0.17453      6.0228
0.009132      6.9444     0.26179      1.1428
0.0086956      6.9444     0.34906      5.0167
0.0085632      6.8966    -0.34906     0.25159
0.0089854      6.8966    -0.26179      1.9424
0.0092985      6.8966    -0.17453      6.0762
0.0094911      6.8966   -0.087264      1.6775
0.0095561      6.8966           0     0.76574
0.0094911      6.8966    0.087264      3.8162
0.0092985      6.8966     0.17453      4.0547
0.0089854      6.8966     0.26179       5.494
0.0085632      6.8966     0.34906      5.6379
0.0084333      6.8493    -0.34906     0.33411
0.0088419      6.8493    -0.26179       4.772
0.0091447      6.8493    -0.17453      5.3965
0.0093308      6.8493   -0.087264      3.0267
0.0093936      6.8493           0     0.47183
0.0093308      6.8493    0.087264        0.57
0.0091447      6.8493     0.17453       1.258
0.0088419      6.8493     0.26179        4.89
0.0084333      6.8493     0.34906      2.5589
0.0083059      6.8027    -0.34906      5.1963
0.0087014      6.8027    -0.26179     0.92968
0.0089942      6.8027    -0.17453      4.6049
0.0091742      6.8027   -0.087264     0.94177
0.0092349      6.8027           0      5.2679
0.0091742      6.8027    0.087264      3.4265
0.0089942      6.8027     0.17453       6.039
0.0087014      6.8027     0.26179     0.47434
0.0083059      6.8027     0.34906      5.8673
0.008181      6.7568    -0.34906      2.2583
0.0085639      6.7568    -0.26179     0.42052
0.0088471      6.7568    -0.17453       6.069
0.0090211      6.7568   -0.087264      4.0805
0.0090798      6.7568           0      2.6427
0.0090211      6.7568    0.087264      3.7474
0.0088471      6.7568     0.17453      2.1808
0.0085639      6.7568     0.26179      1.3673
0.008181      6.7568     0.34906     0.23776
0.0080585      6.7114    -0.34906     0.96397
0.0084292      6.7114    -0.26179       2.346
0.0087033      6.7114    -0.17453       5.509
0.0088715      6.7114   -0.087264      2.7717
0.0089283      6.7114           0      4.0071
0.0088715      6.7114    0.087264      2.4366
0.0087033      6.7114     0.17453      5.2601
0.0084292      6.7114     0.26179      4.8148
0.0080585      6.7114     0.34906     0.78905
0.0079384      6.6667    -0.34906     0.58219
0.0082973      6.6667    -0.26179      4.1488
0.0085626      6.6667    -0.17453      2.3729
0.0087253      6.6667   -0.087264     0.67726
0.0087802      6.6667           0      3.9194
0.0087253      6.6667    0.087264      3.9055
0.0085626      6.6667     0.17453      5.7278
0.0082973      6.6667     0.26179      3.8083
0.0079384      6.6667     0.34906      3.0494
0.0078205      6.6225    -0.34906      3.6237
0.0081682      6.6225    -0.26179      6.1705
0.0084249      6.6225    -0.17453      3.2582
0.0085824      6.6225   -0.087264      2.1909
0.0086355      6.6225           0      6.1754
0.0085824      6.6225    0.087264      6.2328
0.0084249      6.6225     0.17453      5.6306
0.0081682      6.6225     0.26179      4.6593
0.0078205      6.6225     0.34906      4.1765
0.0077049      6.5789    -0.34906      4.6077
0.0080417      6.5789    -0.26179      2.7389
0.0082903      6.5789    -0.17453      2.5109
0.0084427      6.5789   -0.087264       1.369
0.008494      6.5789           0      5.5393
0.0084427      6.5789    0.087264       5.919
0.0082903      6.5789     0.17453      5.9623
0.0080417      6.5789     0.26179     0.66878
0.0077049      6.5789     0.34906     0.36426
0.0075915      6.5359    -0.34906      1.0287
0.0079178      6.5359    -0.26179      3.3141
0.0081585      6.5359    -0.17453     0.43823
0.008306      6.5359   -0.087264    0.063746
0.0083558      6.5359           0     0.57603
0.008306      6.5359    0.087264      3.8165
0.0081585      6.5359     0.17453     0.35239
0.0079178      6.5359     0.26179      4.1348
0.0075915      6.5359     0.34906      3.6179
0.0074802      6.4935    -0.34906     0.46391
0.0077965      6.4935    -0.26179      1.5178
0.0080296      6.4935    -0.17453      2.2066
0.0081724      6.4935   -0.087264      0.7963
0.0082206      6.4935           0      4.6457
0.0081724      6.4935    0.087264      2.8002
0.0080296      6.4935     0.17453     0.11065
0.0077965      6.4935     0.26179      4.2832
0.0074802      6.4935     0.34906      5.5343
