
[NumberOfWaves] 990
=================================
0.00647705      22.2222     -0.68728      5.91266
0.00678913      22.2222     -0.68728      4.15661
0.00702031      22.2222     -0.68728      1.35021
0.00716241      22.2222            0      5.74008
0.00721035      22.2222            0      2.38878
0.00716241      22.2222            0     0.219794
0.00702031      22.2222            0      1.42841
0.00678913      22.2222            0      5.69797
0.00647705      22.2222            0      5.45985
0.00783875      21.7391    -0.668861      3.65965
0.00826148      21.7391    -0.668861      3.52342
0.00857608      21.7391    -0.668861   0.00683987
0.00877006      21.7391            0     0.797075
0.00883561      21.7391            0      1.34859
0.00877006      21.7391            0      5.19491
0.00857608      21.7391            0      2.43538
0.00826148      21.7391            0      1.99847
0.00783875      21.7391            0      1.64475
0.00924665      21.2766    -0.651431      1.86306
0.00980358      21.2766    -0.651431      2.69024
0.0102202      21.2766    -0.651431      1.20889
0.0104779      21.2766            0      3.56547
0.0105652      21.2766            0      4.13211
0.0104779      21.2766            0       4.3075
0.0102202      21.2766            0      2.22255
0.00980358      21.2766            0      6.01151
0.00924665      21.2766            0      1.53141
0.0106643      20.8333    -0.634899      4.70139
0.0113803      20.8333    -0.634899       2.4518
0.0119188      20.8333    -0.634899      5.30761
0.0122532      20.8333            0      2.33718
0.0123666      20.8333            0      4.44589
0.0122532      20.8333            0      2.17175
0.0119188      20.8333            0      5.51118
0.0113803      20.8333            0      4.71557
0.0106643      20.8333            0      2.72949
0.0120576      20.4082    -0.619185      2.51735
0.0129582      20.4082    -0.619185      2.34317
0.0136397      20.4082    -0.619185      2.78494
0.0140646      20.4082            0      2.38947
0.014209      20.4082            0     0.456852
0.0140646      20.4082            0      2.76628
0.0136397      20.4082            0      3.81081
0.0129582      20.4082            0      1.91496
0.0120576      20.4082            0      2.55494
0.0133969           20     -0.60422     0.634657
0.0145083           20     -0.60422      2.99624
0.0153547           20     -0.60422      1.83721
0.0158847           20            0     0.102303
0.0160652           20            0      5.55678
0.0158847           20            0      1.32138
0.0153547           20            0      4.29534
0.0145083           20            0     0.970034
0.0133969           20            0      6.12163
0.0146597      19.6078    -0.589943      3.15823
0.016008      19.6078    -0.589943      5.60072
0.0170422      19.6078    -0.589943      4.56454
0.0176929      19.6078            0      3.12378
0.0179149      19.6078            0      3.81513
0.0176929      19.6078            0      2.19458
0.0170422      19.6078            0      3.30621
0.016008      19.6078            0      5.00702
0.0146597      19.6078            0      1.71951
0.0158321      19.2308      -0.5763      1.83893
0.017444      19.2308      -0.5763      2.18744
0.01869      19.2308      -0.5763      5.50374
0.0194778      19.2308            0     0.586324
0.0197474      19.2308            0      1.29857
0.0194778      19.2308            0      1.90224
0.01869      19.2308            0      2.20862
0.017444      19.2308            0      4.56615
0.0158321      19.2308            0      5.56878
0.0169118      18.8679    -0.563241     0.326252
0.0188151      18.8679    -0.563241     0.493587
0.0202985      18.8679    -0.563241    0.0910159
0.0212416      18.8679            0      1.21476
0.0215652      18.8679            0     0.165176
0.0212416      18.8679            0      2.94526
0.0202985      18.8679            0      1.52917
0.0188151      18.8679            0      5.77984
0.0169118      18.8679            0      4.49758
0.0179102      18.5185    -0.550723      3.07016
0.0201351      18.5185    -0.550723     0.490541
0.0218846      18.5185    -0.550723      3.33041
0.0230035      18.5185            0      4.18479
0.0233886      18.5185            0      3.81826
0.0230035      18.5185            0      2.63604
0.0218846      18.5185            0     0.696142
0.0201351      18.5185            0      5.13079
0.0179102      18.5185            0      1.56638
0.0188535      18.1818    -0.538708      3.19917
0.0214354      18.1818    -0.538708      5.05237
0.0234852      18.1818    -0.538708      3.20326
0.0248045      18.1818    -0.538708      1.90186
0.02526      18.1818            0      5.41548
0.0248045      18.1818            0     0.360609
0.0234852      18.1818            0      4.59135
0.0214354      18.1818            0      5.66023
0.0188535      18.1818            0      2.91558
0.0197832      17.8571     -0.52716      2.94901
0.0227663      17.8571     -0.52716     0.966414
0.0251589      17.8571     -0.52716      6.04296
0.0267095      17.8571     -0.52716      5.50551
0.0272467      17.8571            0      3.07006
0.0267095      17.8571            0      2.55766
0.0251589      17.8571            0     0.795279
0.0227663      17.8571            0      5.81445
0.0197832      17.8571            0    0.0350662
0.0207531      17.5439    -0.516047      1.17108
0.0241948      17.5439    -0.516047      2.03608
0.026986      17.5439    -0.516047     0.315322
0.0288082      17.5439    -0.516047     0.908125
0.0294417      17.5439            0      4.58263
0.0288082      17.5439            0      3.03016
0.026986      17.5439            0      2.12406
0.0241948      17.5439            0      1.48761
0.0207531      17.5439            0      2.83277
0.0218231      17.2414    -0.505341      1.16519
0.0257994      17.2414    -0.505341      2.03729
0.0290626      17.2414    -0.505341      1.65853
0.0312097      17.2414    -0.505341      5.21537
0.0319592      17.2414            0      4.37523
0.0312097      17.2414            0      2.09562
0.0290626      17.2414            0       3.6456
0.0257994      17.2414            0      1.80849
0.0218231      17.2414            0      1.65853
0.023048      16.9492    -0.495014      1.63296
0.0276575      16.9492    -0.495014      4.25409
0.0314886      16.9492    -0.495014      3.26607
0.0340307      16.9492    -0.495014     0.482244
0.0349218      16.9492            0     0.350876
0.0340307      16.9492            0      1.62559
0.0314886      16.9492            0      2.76406
0.0276575      16.9492            0      1.78619
0.023048      16.9492            0       4.2647
0.0244607      16.6667    -0.485044      5.96621
0.0298256      16.6667    -0.485044      4.86276
0.0343454      16.6667    -0.485044      3.99686
0.0373717      16.6667    -0.485044      4.73475
0.0384372      16.6667            0      4.69225
0.0373717      16.6667            0      3.68203
0.0343454      16.6667            0      4.85711
0.0298256      16.6667            0        2.466
0.0244607      16.6667            0      3.80304
0.0260498      16.3934    -0.475407      1.55462
0.0323106      16.3934    -0.475407      1.82334
0.037662      16.3934    -0.475407     0.121467
0.0412798      16.3934    -0.475407      2.18215
0.0425597      16.3934            0     0.890903
0.0412798      16.3934            0      2.58567
0.037662      16.3934            0     0.961728
0.0323106      16.3934            0      5.20866
0.0260498      16.3934            0      4.64439
0.0277348       16.129    -0.466085     0.621202
0.0350339       16.129    -0.466085      5.15604
0.04137       16.129    -0.466085      1.42694
0.0456975       16.129    -0.466085     0.671912
0.0472364       16.129            0      4.16422
0.0456975       16.129            0       5.9976
0.04137       16.129            0      5.11791
0.0350339       16.129            0       3.9159
0.0277348       16.129            0      2.06251
0.0293476       15.873    -0.457059       1.7427
0.0377997       15.873    -0.457059      2.72919
0.0452582       15.873    -0.457059      2.20091
0.0504085       15.873    -0.457059      5.51496
0.05225       15.873            0    0.0386687
0.0504085       15.873            0      4.37579
0.0452582       15.873            0      2.12405
0.0377997       15.873            0      1.91621
0.0293476       15.873            0      4.07202
0.0306368       15.625    -0.448311      5.78756
0.0402867       15.625    -0.448311      5.61118
0.048953       15.625    -0.448311      6.26528
0.0550072       15.625    -0.448311     0.457929
0.0571845       15.625            0     0.814394
0.0550072       15.625            0      6.16719
0.048953       15.625            0     0.566992
0.0402867       15.625            0      4.31113
0.0306368       15.625            0      5.83669
0.0313111      15.3846    -0.439827     0.891032
0.0420923      15.3846    -0.439827      5.55678
0.0519566      15.3846    -0.439827     0.124164
0.0589336      15.3846    -0.439827       2.1531
0.0614583      15.3846            0      1.49728
0.0589336      15.3846            0      6.18602
0.0519566      15.3846            0      5.31917
0.0420923      15.3846            0      4.99192
0.0313111      15.3846            0      5.65645
0.0311251      15.1515    -0.431591       4.9014
0.0428361      15.1515    -0.431591       5.2558
0.0537651      15.1515    -0.431591      2.01743
0.0615977      15.1515    -0.431591      4.66667
0.0644506      15.1515            0      4.17502
0.0615977      15.1515            0      1.81694
0.0537651      15.1515            0      2.11971
0.0428361      15.1515            0      5.70897
0.0311251      15.1515            0     0.202633
0.0306493      14.9254    -0.423591      4.37522
0.0427031      14.9254    -0.423591       1.3117
0.0540693      14.9254    -0.423591      5.17813
0.0622714      14.9254    -0.423591      1.37115
0.0652693      14.9254            0     0.626053
0.0622714      14.9254            0      3.89236
0.0540693      14.9254            0     0.652268
0.0427031      14.9254            0      5.02051
0.0306493      14.9254            0      5.67308
0.0308062      14.7059    -0.415814      1.96352
0.0424072      14.7059    -0.415814      1.76922
0.0532358      14.7059    -0.415814    0.0426109
0.0609974      14.7059    -0.415814      3.11556
0.0638248      14.7059            0      6.21063
0.0609974      14.7059            0      4.63648
0.0532358      14.7059            0      1.95225
0.0424072      14.7059            0      3.77236
0.0308062      14.7059            0      4.91129
0.0303997      14.4928    -0.408249     0.700763
0.0413711      14.4928    -0.408249      3.63993
0.0515136      14.4928    -0.408249      5.46854
0.0587369      14.4928    -0.408249      4.33386
0.0613598      14.4928            0      1.52658
0.0587369      14.4928            0      2.15332
0.0515136      14.4928            0        3.427
0.0413711      14.4928            0     0.424559
0.0303997      14.4928            0      2.57885
0.0295282      14.2857    -0.400885      1.49228
0.0397499      14.2857    -0.400885      3.07222
0.049113      14.2857    -0.400885      5.06452
0.0557406      14.2857    -0.400885      2.37402
0.0581399      14.2857            0      3.25446
0.0557406      14.2857            0     0.594359
0.049113      14.2857            0      5.71185
0.0397499      14.2857            0      1.30454
0.0295282      14.2857            0      2.40051
0.0283291      14.0845    -0.393713      4.14854
0.0377428      14.0845    -0.393713      4.76486
0.0462907      14.0845    -0.393713       1.0874
0.0523063      14.0845    -0.393713       3.2507
0.0544776      14.0845            0      6.25371
0.0523063      14.0845            0      4.44591
0.0462907      14.0845            0     0.506204
0.0377428      14.0845            0     0.272105
0.0283291      14.0845            0      3.08593
0.0269495      13.8889    -0.386723      2.80597
0.0355525      13.8889    -0.386723      3.05856
0.0432996      13.8889    -0.386723      1.04229
0.0487216      13.8889    -0.386723        2.266
0.0506732      13.8889            0      5.53358
0.0487216      13.8889            0      4.67676
0.0432996      13.8889            0      2.61857
0.0355525      13.8889            0      5.70091
0.0269495      13.8889            0      0.59253
0.0255213      13.6986    -0.379908      1.13927
0.0333537      13.6986    -0.379908      5.94741
0.0403511      13.6986    -0.379908     0.633635
0.0452227      13.6986    -0.379908      2.43804
0.0469716      13.6986            0       1.8172
0.0452227      13.6986            0     0.459205
0.0403511      13.6986            0      1.22272
0.0333537      13.6986            0      2.62306
0.0255213      13.6986            0      1.84046
0.0241461      13.5135    -0.373258      4.41154
0.0312753      13.5135    -0.373258      1.50612
0.0375964      13.5135    -0.373258      6.02843
0.0419751      13.5135    -0.373258      1.91922
0.0435431      13.5135            0     0.973334
0.0419751      13.5135            0      3.49026
0.0375964      13.5135            0      4.96699
0.0312753      13.5135            0      2.78885
0.0241461      13.5135            0      6.25673
0.022891      13.3333    -0.366768      2.74307
0.0293975      13.3333    -0.366768       1.9128
0.0351251      13.3333    -0.366768      1.54882
0.0390737      13.3333    -0.366768      6.03687
0.0404843      13.3333            0      1.40036
0.0390737      13.3333            0      2.48561
0.0351251      13.3333            0      1.41069
0.0293975      13.3333            0      1.69656
0.022891      13.3333            0      2.62907
0.0217914      13.1579     -0.36043      6.26878
0.0277583      13.1579     -0.36043        5.724
0.0329748      13.1579     -0.36043      3.45833
0.0365546      13.1579     -0.36043      3.74678
0.0378305      13.1579            0      0.49727
0.0365546      13.1579            0        3.623
0.0329748      13.1579            0      5.64322
0.0277583      13.1579            0      2.91098
0.0217914      13.1579            0      2.50312
0.020858       12.987    -0.354237     0.656329
0.0263634       12.987    -0.354237        4.098
0.0311448       12.987    -0.354237      6.23085
0.0344116       12.987    -0.354237      4.26033
0.0355735       12.987    -0.354237      2.69212
0.0344116       12.987            0      4.11412
0.0311448       12.987            0      3.69909
0.0263634       12.987            0      4.68118
0.020858       12.987     0.354237      4.02659
0.020084      12.8205    -0.348185       3.1646
0.025197      12.8205    -0.348185      5.89371
0.0296098      12.8205    -0.348185      3.80337
0.0326123      12.8205    -0.348185      4.01436
0.0336779      12.8205    -0.348185       4.4148
0.0326123      12.8205            0      5.40934
0.0296098      12.8205            0      2.38542
0.025197      12.8205            0      4.47427
0.020084      12.8205     0.348185      3.28928
0.0194522      12.6582    -0.342267       2.2838
0.0242315      12.6582    -0.342267      2.73107
0.0283315      12.6582    -0.342267      4.32018
0.03111      12.6582    -0.342267      1.42531
0.0320942      12.6582    -0.342267      6.15108
0.03111      12.6582            0      6.13014
0.0283315      12.6582            0      1.81902
0.0242315      12.6582            0      2.12638
0.0194522      12.6582     0.342267      6.26066
0.0189401         12.5    -0.721262       4.9571
0.0234337         12.5    -0.336478      4.99449
0.0272664         12.5    -0.336478      3.97317
0.0298539         12.5    -0.336478      5.09835
0.0307686         12.5    -0.336478      2.81537
0.0298539         12.5            0      5.21874
0.0272664         12.5            0     0.795826
0.0234337         12.5            0      3.22486
0.0189401         12.5     0.336478       4.4982
0.0185239      12.3457    -0.707097       1.5591
0.02277      12.3457    -0.330814      3.34193
0.0263718      12.3457    -0.330814      2.40142
0.0287944      12.3457    -0.330814      5.03747
0.0296493      12.3457    -0.330814      4.21502
0.0287944      12.3457            0       6.1753
0.0263718      12.3457            0      5.88605
0.02277      12.3457            0      3.62072
0.0185239      12.3457     0.330814      0.50381
0.0181809      12.1951     -0.69337      2.60006
0.0222095      12.1951     -0.32527      1.13625
0.0256087      12.1951     -0.32527      6.25555
0.0278871      12.1951     -0.32527      3.26959
0.0286897      12.1951     -0.32527      5.56223
0.0278871      12.1951            0      4.07296
0.0256087      12.1951            0      2.92947
0.0222095      12.1951            0      0.59865
0.0181809      12.1951      0.32527      6.08082
0.017891      12.0482    -0.680055      3.89616
0.0217252      12.0482    -0.319842     0.980168
0.0249441      12.0482    -0.319842      2.50294
0.0270943      12.0482    -0.319842      5.54478
0.0278505      12.0482    -0.319842      3.38662
0.0270943      12.0482            0      3.41592
0.0249441      12.0482            0      2.77993
0.0217252      12.0482            0      1.15447
0.017891      12.0482     0.319842      1.56592
0.0176377      11.9048     -0.66713      1.79136
0.0212952      11.9048    -0.314526      3.32691
0.0243509      11.9048    -0.314526      3.51746
0.0263856      11.9048    -0.314526      2.60836
0.0271      11.9048    -0.314526      5.69039
0.0263856      11.9048            0      1.91721
0.0243509      11.9048            0       4.0825
0.0212952      11.9048            0      1.81442
0.0176377      11.9048     0.314526      1.60374
0.0174077      11.7647    -0.654572      2.25046
0.0209024      11.7647    -0.309318      5.06358
0.0238085      11.7647    -0.309318      3.38608
0.0257376      11.7647    -0.309318      3.70737
0.0264139      11.7647    -0.309318      1.45226
0.0257376      11.7647            0     0.640528
0.0238085      11.7647            0       4.0503
0.0209024      11.7647            0      6.15821
0.0174077      11.7647     0.309318     0.639122
0.0171915      11.6279    -0.642364      1.18036
0.0205342      11.6279    -0.304215    0.0589682
0.0233016      11.6279    -0.304215      5.26706
0.025133      11.6279    -0.304215      3.02427
0.0257742      11.6279    -0.304215      2.94378
0.025133      11.6279            0      5.70842
0.0233016      11.6279            0      2.62094
0.0205342      11.6279            0      3.41882
0.0171915      11.6279     0.304215      4.39187
0.0169821      11.4943    -0.630487     0.496673
0.0201817      11.4943    -0.299213      3.20066
0.0228192      11.4943    -0.299213      3.05918
0.0245598      11.4943    -0.299213       5.3775
0.0251682      11.4943    -0.299213      3.86031
0.0245598      11.4943            0      0.73772
0.0228192      11.4943            0      3.81298
0.0201817      11.4943            0      1.03154
0.0169821      11.4943     0.299213      2.50708
0.0167751      11.3636    -0.618926       3.3448
0.019839      11.3636     -0.29431      5.49895
0.0223543      11.3636     -0.29431      4.14074
0.0240096      11.3636     -0.29431      4.94865
0.0245875      11.3636     -0.29431     0.791815
0.0240096      11.3636            0      3.29841
0.0223543      11.3636            0      5.65143
0.019839      11.3636            0     0.685377
0.0167751      11.3636      0.29431      3.98701
0.0165677       11.236    -0.607665     0.507955
0.0195024       11.236    -0.289502      2.58377
0.0219021       11.236    -0.289502      4.47748
0.0234772       11.236    -0.289502     0.630954
0.0240263       11.236    -0.289502       5.0889
0.0234772       11.236            0      4.00736
0.0219021       11.236            0      5.64257
0.0195024       11.236            0       3.9069
0.0165677       11.236     0.289502      2.60498
0.0163585      11.1111    -0.596692      4.06861
0.0191699      11.1111    -0.596692      3.07408
0.0214598      11.1111    -0.284788     0.589065
0.0229592      11.1111    -0.284788       4.0043
0.0234812      11.1111    -0.284788      5.97049
0.0229592      11.1111            0      2.99307
0.0214598      11.1111            0      3.78742
0.0191699      11.1111            0      3.71629
0.0163585      11.1111     0.284788      1.41532
0.0161468       10.989    -0.585993      4.19976
0.0188402       10.989    -0.585993     0.983614
0.0210261       10.989    -0.280164      4.86462
0.0224538       10.989    -0.280164      1.33861
0.0229502       10.989    -0.280164       1.0626
0.0224538       10.989            0       4.5599
0.0210261       10.989            0      1.60964
0.0188402       10.989            0      1.02266
0.0161468       10.989     0.280164      3.93176
0.0159326      10.8696    -0.575559      1.57545
0.0185131      10.8696    -0.575559      1.65229
0.0206      10.8696    -0.275628       5.3024
0.0219598      10.8696    -0.275628        2.497
0.0224321      10.8696    -0.275628     0.657068
0.0219598      10.8696            0      1.21799
0.0206      10.8696            0      2.28117
0.0185131      10.8696            0       5.4947
0.0159326      10.8696     0.275628      3.76836
0.015716      10.7527    -0.565376      1.62173
0.0181885      10.7527    -0.565376        2.252
0.0201812      10.7527    -0.271178      5.57641
0.0214768      10.7527    -0.271178      5.65803
0.0219262      10.7527    -0.271178      2.81448
0.0214768      10.7527            0      1.68919
0.0201812      10.7527            0      3.47962
0.0181885      10.7527            0       1.1237
0.015716      10.7527     0.271178      5.40151
0.0154975      10.6383    -0.555437      1.45751
0.0178666      10.6383    -0.555437      1.05621
0.0197697      10.6383    -0.266811       0.1679
0.0210044      10.6383    -0.266811      2.02583
0.0214323      10.6383    -0.266811       3.4881
0.0210044      10.6383            0      5.18051
0.0197697      10.6383            0      5.05309
0.0178666      10.6383            0     0.153357
0.0154975      10.6383     0.266811      2.33417
0.0152775      10.5263    -0.545732      3.09042
0.0175477      10.5263    -0.545732      2.92821
0.0193656      10.5263    -0.262527     0.262088
0.0205425      10.5263    -0.262527      3.87662
0.0209499      10.5263    -0.262527      3.63178
0.0205425      10.5263            0      1.87742
0.0193656      10.5263            0      2.73729
0.0175477      10.5263            0     0.858465
0.0152775      10.5263     0.262527      1.88315
0.0150566      10.4167    -0.536252      4.78372
0.0172321      10.4167    -0.536252     0.221806
0.018969      10.4167    -0.258322      1.69327
0.0200911      10.4167    -0.258322      6.25956
0.0204792      10.4167    -0.258322      2.80816
0.0200911      10.4167            0     0.959947
0.018969      10.4167            0      5.56817
0.0172321      10.4167            0     0.197163
0.0150566      10.4167     0.258322     0.729048
0.0148351      10.3093    -0.526989      1.57612
0.0169201      10.3093    -0.526989      4.77304
0.0185799      10.3093    -0.254195      5.64408
0.0196501      10.3093    -0.254195      1.40375
0.0200198      10.3093    -0.254195      4.23034
0.0196501      10.3093            0      5.14443
0.0185799      10.3093            0      5.96213
0.0169201      10.3093            0      5.49332
0.0148351      10.3093     0.254195      2.47385
0.0146136      10.2041    -0.517937      5.88693
0.0166121      10.2041    -0.517937      2.74502
0.0181984      10.2041    -0.250144      1.02113
0.0192194      10.2041    -0.250144       1.9466
0.0195718      10.2041    -0.250144      4.27941
0.0192194      10.2041            0      5.86867
0.0181984      10.2041            0      5.95245
0.0166121      10.2041            0      3.76404
0.0146136      10.2041     0.250144      5.96178
0.0143924       10.101    -0.509087      2.53845
0.0163082       10.101    -0.509087     0.257807
0.0178247       10.101    -0.246168      1.84611
0.018799       10.101    -0.246168     0.200676
0.019135       10.101    -0.246168      5.43173
0.018799       10.101            0      2.71769
0.0178247       10.101            0     0.583116
0.0163082       10.101            0     0.865745
0.0143924       10.101     0.246168      1.52031
0.0141719           10    -0.500434      1.40117
0.0160087           10    -0.500434      5.45201
0.0174588           10    -0.242266      4.80132
0.0183887           10    -0.242266      2.16584
0.0187092           10    -0.242266      2.41757
0.0183887           10            0      3.73754
0.0174588           10            0      3.36216
0.0160087           10            0      2.09573
0.0141719           10     0.242266      5.36997
0.013953       9.901    -0.49197       1.669
0.015714       9.901    -0.49197      5.8679
0.017101       9.901    -0.23843      2.4493
0.017989       9.901    -0.23843      4.2917
0.018294       9.901    -0.23843      1.7279
0.017989       9.901           0     0.17566
0.017101       9.901           0      5.9099
0.015714       9.901           0      3.3549
0.013953       9.901     0.23843       4.217
0.013734      9.8039    -0.48369      3.8171
0.015423      9.8039    -0.48369      4.7177
0.01675      9.8039    -0.23467      6.1656
0.017598      9.8039    -0.23467      4.5719
0.01789      9.8039    -0.23467      5.3865
0.017598      9.8039           0      6.2317
0.01675      9.8039           0      4.7717
0.015423      9.8039           0     0.91758
0.013734      9.8039     0.23467      2.0502
0.013518      9.7087    -0.47559     0.18086
0.015138      9.7087    -0.47559      4.3639
0.016408      9.7087    -0.23098      6.0239
0.017218      9.7087    -0.23098      4.5806
0.017496      9.7087    -0.23098       4.629
0.017218      9.7087           0      1.0971
0.016408      9.7087           0       2.233
0.015138      9.7087           0      3.6105
0.013518      9.7087     0.23098      2.8898
0.013303      9.6154    -0.46767      5.2383
0.014857      9.6154    -0.46767      5.1234
0.016073      9.6154    -0.46767      2.0354
0.016847      9.6154    -0.22736      2.9008
0.017113      9.6154    -0.22736      4.2345
0.016847      9.6154           0      3.7398
0.016073      9.6154           0     0.84436
0.014857      9.6154           0     0.12247
0.013303      9.6154     0.22736     0.78606
0.013091      9.5238    -0.45991      1.4028
0.014582      9.5238    -0.45991      2.8219
0.015745      9.5238    -0.45991      3.3585
0.016485      9.5238     -0.2238      6.2226
0.016739      9.5238     -0.2238      4.5071
0.016485      9.5238           0      6.1577
0.015745      9.5238           0     0.33763
0.014582      9.5238           0      4.0015
0.013091      9.5238      0.2238      6.0341
0.01288       9.434    -0.45232      1.6959
0.014311       9.434    -0.45232      5.9651
0.015425       9.434    -0.45232      5.6687
0.016133       9.434     -0.2203       1.223
0.016376       9.434     -0.2203      4.6114
0.016133       9.434           0      1.0987
0.015425       9.434           0      0.6606
0.014311       9.434           0      1.9736
0.01288       9.434      0.2203      2.1913
0.012672      9.3458    -0.44489      2.5067
0.014046      9.3458    -0.44489      1.7839
0.015113      9.3458    -0.44489      1.9723
0.01579      9.3458    -0.21687       4.513
0.016022      9.3458    -0.21687      5.9352
0.01579      9.3458           0     0.55158
0.015113      9.3458           0      1.7563
0.014046      9.3458           0      3.7457
0.012672      9.3458     0.21687      5.2051
0.012467      9.2593    -0.43761      4.9143
0.013785      9.2593    -0.43761      3.5011
0.014808      9.2593    -0.43761     0.22792
0.015455      9.2593    -0.21351      4.2057
0.015677      9.2593    -0.21351      5.3342
0.015455      9.2593           0     0.41131
0.014808      9.2593           0      2.2667
0.013785      9.2593           0      1.6213
0.012467      9.2593     0.21351       2.718
0.012264      9.1743    -0.43049       1.923
0.01353      9.1743    -0.43049      6.0731
0.01451      9.1743    -0.43049     0.81637
0.01513      9.1743     -0.2102      1.3662
0.015342      9.1743     -0.2102      5.6132
0.01513      9.1743           0      3.9062
0.01451      9.1743           0      2.5017
0.01353      9.1743           0      2.2373
0.012264      9.1743      0.2102      4.0624
0.012064      9.0909    -0.42351       4.606
0.01328      9.0909    -0.42351      4.5973
0.014219      9.0909    -0.42351      6.0202
0.014812      9.0909    -0.20696     0.28873
0.015015      9.0909    -0.20696      2.6663
0.014812      9.0909           0    0.056657
0.014219      9.0909           0       4.422
0.01328      9.0909           0      4.9063
0.012064      9.0909     0.20696      3.5489
0.011866       9.009    -0.41668     0.14636
0.013034       9.009    -0.41668    0.047524
0.013935       9.009    -0.41668      6.2137
0.014503       9.009    -0.20377      1.2669
0.014697       9.009    -0.20377       5.173
0.014503       9.009           0      2.2679
0.013935       9.009           0      2.8981
0.013034       9.009           0     0.69141
0.011866       9.009     0.20377      4.9087
0.011672      8.9286    -0.64088       2.849
0.012794      8.9286    -0.40999      1.8667
0.013658      8.9286    -0.40999      2.2518
0.014202      8.9286    -0.20064      3.0311
0.014388      8.9286    -0.20064      2.7094
0.014202      8.9286           0      4.3907
0.013658      8.9286           0      4.2414
0.012794      8.9286           0     0.04317
0.011672      8.9286     0.20064     0.49629
0.01148      8.8496    -0.62967      2.8941
0.012559      8.8496    -0.40344      4.8853
0.013387      8.8496    -0.40344      5.1317
0.013909      8.8496    -0.19757       3.967
0.014087      8.8496    -0.19757      2.2925
0.013909      8.8496           0      5.5762
0.013387      8.8496           0      1.5766
0.012559      8.8496           0     0.41543
0.01148      8.8496     0.19757      4.5687
0.011292      8.7719    -0.61874      4.8178
0.012328      8.7719    -0.39702      5.6442
0.013123      8.7719    -0.39702       4.818
0.013623      8.7719    -0.19456      5.9493
0.013794      8.7719    -0.19456       3.366
0.013623      8.7719           0      6.0303
0.013123      8.7719           0       6.146
0.012328      8.7719           0      3.2804
0.011292      8.7719     0.19456      5.3114
0.011106      8.6957    -0.60809      5.6423
0.012102      8.6957    -0.39073      5.8509
0.012865      8.6957    -0.39073      2.8753
0.013345      8.6957     -0.1916      4.7698
0.013508      8.6957     -0.1916      5.8985
0.013345      8.6957           0      5.0936
0.012865      8.6957           0      5.8457
0.012102      8.6957           0      2.8082
0.011106      8.6957      0.1916      5.2393
0.010923      8.6207     -0.5977      6.2062
0.011881      8.6207    -0.38457      2.3224
0.012614      8.6207    -0.38457      1.0729
0.013074      8.6207     -0.1887      5.1719
0.013231      8.6207     -0.1887      3.6885
0.013074      8.6207           0      6.0418
0.012614      8.6207           0      3.0732
0.011881      8.6207           0      1.5929
0.010923      8.6207      0.1887      4.2613
0.010744       8.547    -0.58758      5.7458
0.011665       8.547    -0.37854      3.8771
0.012369       8.547    -0.37854      2.0263
0.01281       8.547    -0.18585      3.0819
0.01296       8.547    -0.18585        2.56
0.01281       8.547           0     0.52739
0.012369       8.547           0      3.7193
0.011665       8.547           0      5.5229
0.010744       8.547     0.18585      3.4764
0.010567      8.4746    -0.57769      1.8816
0.011454      8.4746    -0.37263      5.6359
0.012129      8.4746    -0.37263      4.9906
0.012553      8.4746    -0.18305      4.8744
0.012697      8.4746    -0.18305      3.7633
0.012553      8.4746           0       3.501
0.012129      8.4746           0      1.8831
0.011454      8.4746           0      3.4409
0.010567      8.4746     0.18305      6.2317
0.010393      8.4034    -0.56805      3.0373
0.011246      8.4034    -0.36683      4.3024
0.011896      8.4034    -0.36683      3.0159
0.012302      8.4034    -0.18031      4.6904
0.012441      8.4034    -0.18031      1.3284
0.012302      8.4034           0      1.5612
0.011896      8.4034           0     0.61472
0.011246      8.4034           0      4.4526
0.010393      8.4034     0.18031      5.3767
0.010223      8.3333    -0.55864      4.9575
0.011044      8.3333    -0.36116      4.6673
0.011668      8.3333    -0.36116     0.65671
0.012058      8.3333    -0.17761      3.2727
0.012191      8.3333    -0.17761      5.3194
0.012058      8.3333           0      5.3004
0.011668      8.3333           0      2.3734
0.011044      8.3333           0      1.7096
0.010223      8.3333     0.17761     0.78728
0.010055      8.2645    -0.54946      4.3438
0.010845      8.2645     -0.3556      3.4879
0.011445      8.2645     -0.3556    0.053244
0.01182      8.2645    -0.17497      2.6139
0.011948      8.2645    -0.17497       2.759
0.01182      8.2645    -0.17497      4.9281
0.011445      8.2645           0      5.2149
0.010845      8.2645     0.17497      3.7045
0.010055      8.2645     0.17497     0.89265
0.0098905      8.1967    -0.54049      3.7278
0.010652      8.1967    -0.35015      4.5627
0.011228      8.1967    -0.35015      2.6915
0.011589      8.1967    -0.35015      1.3244
0.011711      8.1967    -0.17237      1.6674
0.011589      8.1967    -0.17237      6.2402
0.011228      8.1967           0      3.0206
0.010652      8.1967     0.17237      5.2008
0.0098905      8.1967     0.17237      3.7901
0.0097288      8.1301    -0.53172      5.1385
0.010462      8.1301    -0.53172      6.0037
0.011017      8.1301    -0.34481      4.0863
0.011363      8.1301    -0.34481      3.9435
0.01148      8.1301    -0.16982      4.0624
0.011363      8.1301    -0.16982     0.39038
0.011017      8.1301           0      5.8947
0.010462      8.1301     0.16982      5.6466
0.0097288      8.1301     0.16982      4.3658
0.0095701      8.0645    -0.52317      1.9503
0.010276      8.0645    -0.52317      2.1585
0.01081      8.0645    -0.33957     0.47895
0.011143      8.0645    -0.33957      3.2661
0.011256      8.0645    -0.16732      3.8249
0.011143      8.0645    -0.16732      4.5687
0.01081      8.0645           0  0.00046452
0.010276      8.0645     0.16732      1.0666
0.0095701      8.0645     0.16732      2.9109
0.0094144           8     -0.5148      2.2735
0.010095           8     -0.5148      5.9818
0.010608           8    -0.33444       5.857
0.010928           8    -0.33444      6.0195
0.011037           8    -0.16487      1.2977
0.010928           8    -0.16487      1.0034
0.010608           8           0      3.5924
0.010095           8     0.16487      3.7253
0.0094144           8     0.16487      4.3894
0.0092615      7.9365    -0.50663      1.9214
0.0099169      7.9365    -0.50663      2.4746
0.010411      7.9365    -0.32942      2.1167
0.010719      7.9365    -0.32942     0.81046
0.010824      7.9365    -0.16246     0.54622
0.010719      7.9365    -0.16246       3.449
0.010411      7.9365           0      1.9963
0.0099169      7.9365     0.16246      6.2374
0.0092615      7.9365     0.16246      4.5462
0.0091114       7.874    -0.49865      3.5945
0.0097432       7.874    -0.49865      4.5063
0.010219       7.874    -0.32449      6.1357
0.010515       7.874    -0.32449      2.6828
0.010616       7.874     -0.1601      5.7365
0.010515       7.874     -0.1601      5.6378
0.010219       7.874           0      5.2477
0.0097432       7.874      0.1601     0.30132
0.0091114       7.874      0.1601      2.2574
0.0089641      7.8125    -0.49084      1.8582
0.0095733      7.8125    -0.49084      3.9528
0.010032      7.8125    -0.31966     0.85564
0.010317      7.8125    -0.31966      2.3501
0.010413      7.8125    -0.15778      5.4334
0.010317      7.8125    -0.15778      1.5725
0.010032      7.8125           0     0.18538
0.0095733      7.8125     0.15778      6.2795
0.0089641      7.8125     0.15778      3.8021
0.0088197      7.7519    -0.48321      1.5343
0.0094071      7.7519    -0.48321      2.7532
0.0098487      7.7519    -0.31493      4.6186
0.010123      7.7519    -0.31493      3.5058
0.010216      7.7519     -0.1555      2.7541
0.010123      7.7519     -0.1555      3.7921
0.0098487      7.7519           0      1.1372
0.0094071      7.7519      0.1555      5.0816
0.0088197      7.7519      0.1555      5.1461
0.0086779      7.6923    -0.47575      3.0613
0.0092445      7.6923    -0.47575       4.744
0.00967      7.6923    -0.31029      2.5407
0.009934      7.6923    -0.31029      4.5594
0.010023      7.6923    -0.15327     0.96764
0.009934      7.6923    -0.15327      3.1985
0.00967      7.6923           0      4.1973
0.0092445      7.6923     0.15327     0.95863
0.0086779      7.6923     0.15327     0.39392
0.0085388      7.6336    -0.46845      2.1181
0.0090854      7.6336    -0.46845      2.8019
0.0094955      7.6336    -0.30574      4.7603
0.0097497      7.6336    -0.30574     0.82014
0.0098359      7.6336    -0.15107      5.6642
0.0097497      7.6336    -0.15107      1.3844
0.0094955      7.6336           0      2.3784
0.0090854      7.6336     0.15107      2.6562
0.0085388      7.6336     0.15107      6.1114
0.0084024      7.5758    -0.46131      1.1122
0.0089298      7.5758    -0.46131      5.5433
0.0093252      7.5758    -0.30128      3.4635
0.0095701      7.5758    -0.30128      2.0199
0.009653      7.5758    -0.14892      5.6537
0.0095701      7.5758    -0.14892      3.4061
0.0093252      7.5758           0      2.9083
0.0089298      7.5758     0.14892      5.0765
0.0084024      7.5758     0.14892       2.267
0.0082686      7.5188    -0.45433      6.1008
0.0087777      7.5188    -0.45433      3.4903
0.0091588      7.5188    -0.29691      4.8368
0.0093948      7.5188    -0.29691      4.2732
0.0094747      7.5188    -0.14681      1.2893
0.0093948      7.5188    -0.14681      5.2439
0.0091588      7.5188           0      5.4377
0.0087777      7.5188     0.14681     0.26088
0.0082686      7.5188     0.14681       3.859
0.0081374      7.4627     -0.4475       1.717
0.0086288      7.4627     -0.4475      4.6916
0.0089964      7.4627    -0.29263      3.0653
0.0092238      7.4627    -0.29263      4.9785
0.0093008      7.4627    -0.14474      3.2952
0.0092238      7.4627    -0.14474      3.7542
0.0089964      7.4627           0      1.3824
0.0086288      7.4627     0.14474      2.2871
0.0081374      7.4627     0.14474      1.8676
0.0080087      7.4074    -0.60517      5.3507
0.0084831      7.4074    -0.44081      6.1177
0.0088377      7.4074    -0.28843      3.9182
0.009057      7.4074    -0.28843      5.6062
0.0091312      7.4074    -0.14271       6.163
0.009057      7.4074    -0.14271       4.065
0.0088377      7.4074           0       5.019
0.0084831      7.4074     0.14271      2.5438
0.0080087      7.4074     0.14271      3.0307
0.0078825      7.3529    -0.59559     0.40144
0.0083406      7.3529    -0.43427      5.0448
0.0086828      7.3529    -0.28431      2.2058
0.0088942      7.3529    -0.28431       5.336
0.0089657      7.3529    -0.14071      6.2315
0.0088942      7.3529    -0.14071       3.043
0.0086828      7.3529           0       2.239
0.0083406      7.3529     0.14071     0.34161
0.0078825      7.3529     0.14071      5.7431
0.0077587      7.2993    -0.58626      4.4293
0.0082012      7.2993    -0.42787      2.7525
0.0085314      7.2993    -0.28028      6.0826
0.0087353      7.2993    -0.28028      4.5478
0.0088043      7.2993    -0.13876      4.1267
0.0087353      7.2993    -0.13876      3.2343
0.0085314      7.2993           0      5.5105
0.0082012      7.2993     0.13876     0.37807
0.0077587      7.2993     0.13876      2.9623
0.0076372      7.2464    -0.57715      1.9541
0.0080648      7.2464     -0.4216      1.2233
0.0083835      7.2464     -0.4216     0.94904
0.0085803      7.2464    -0.27632      5.6636
0.0086468      7.2464    -0.13683     0.44395
0.0085803      7.2464    -0.13683      6.0216
0.0083835      7.2464           0      4.3974
0.0080648      7.2464     0.13683    0.075457
0.0076372      7.2464     0.13683    0.030664
0.0075182      7.1942    -0.56825      5.3612
0.0079313      7.1942    -0.41547       2.936
0.0082391      7.1942    -0.41547      5.2571
0.0084289      7.1942    -0.27244      1.3862
0.0084931      7.1942    -0.13495      5.0638
0.0084289      7.1942    -0.13495      1.5618
0.0082391      7.1942           0      6.2721
0.0079313      7.1942     0.13495      5.8928
0.0075182      7.1942     0.13495      3.4805
0.0074014      7.1429    -0.55958      5.7345
0.0078007      7.1429    -0.40947      3.9928
0.0080979      7.1429    -0.40947      4.9013
0.0082812      7.1429    -0.26863      3.5638
0.0083431      7.1429     -0.1331      1.2048
0.0082812      7.1429     -0.1331       5.694
0.0080979      7.1429           0      3.2348
0.0078007      7.1429      0.1331      6.2766
0.0074014      7.1429      0.1331      2.3708
0.0072869      7.0922     -0.5511       1.295
0.0076729      7.0922    -0.40359      4.5863
0.00796      7.0922    -0.40359      1.9693
0.0081369      7.0922     -0.2649     0.73876
0.0081967      7.0922    -0.13128      5.5831
0.0081369      7.0922    -0.13128      4.3549
0.00796      7.0922           0      5.9054
0.0076729      7.0922     0.13128      2.6211
0.0072869      7.0922     0.13128      5.1255
0.0071746      7.0423    -0.54283      5.0568
0.0075479      7.0423    -0.39783      2.2644
0.0078252      7.0423    -0.39783      5.7415
0.0079961      7.0423    -0.26124      1.8115
0.0080538      7.0423     -0.1295      1.0367
0.0079961      7.0423     -0.1295      2.8642
0.0078252      7.0423           0      1.5256
0.0075479      7.0423      0.1295    0.012076
0.0071746      7.0423      0.1295      3.8662
0.0070645       6.993    -0.53474      4.1545
0.0074254       6.993    -0.39219      4.1489
0.0076935       6.993    -0.39219      4.2754
0.0078585       6.993    -0.25765      5.3446
0.0079142       6.993    -0.12775     0.23445
0.0078585       6.993    -0.12775      4.2773
0.0076935       6.993           0      3.5885
0.0074254       6.993     0.12775      4.3366
0.0070645       6.993     0.12775      5.6268
0.0069564      6.9444    -0.52684      1.6767
0.0073056      6.9444    -0.38667     0.43073
0.0075647      6.9444    -0.38667      1.9704
0.0077241      6.9444    -0.25413      4.9584
0.0077779      6.9444    -0.12603      3.1311
0.0077241      6.9444    -0.12603      2.7459
0.0075647      6.9444           0      1.0581
0.0073056      6.9444     0.12603      1.6622
0.0069564      6.9444     0.12603      4.2968
0.0068505      6.8966    -0.51912      5.1309
0.0071883      6.8966    -0.38126      4.4328
0.0074388      6.8966    -0.38126      3.6224
0.0075929      6.8966    -0.25068      6.2457
0.0076449      6.8966    -0.12435      2.8977
0.0075929      6.8966    -0.12435      3.0997
0.0074388      6.8966           0      1.7213
0.0071883      6.8966     0.12435       4.116
0.0068505      6.8966     0.12435      2.5575
0.0067466      6.8493    -0.51158      1.8847
0.0070735      6.8493    -0.37596       3.804
0.0073157      6.8493    -0.37596      4.9709
0.0074646      6.8493    -0.24729      6.1001
0.0075149      6.8493     -0.1227      4.8592
0.0074646      6.8493     -0.1227      3.7697
0.0073157      6.8493           0      2.8215
0.0070735      6.8493      0.1227     0.96427
0.0067466      6.8493      0.1227      1.3272
0.0066448      6.8027     -0.5042      4.4003
0.0069611      6.8027    -0.37077      6.0077
0.0071954      6.8027    -0.37077      3.9926
0.0073393      6.8027    -0.24397      5.5999
0.0073879      6.8027    -0.12107      1.3589
0.0073393      6.8027    -0.12107      4.2947
0.0071954      6.8027           0      1.9795
0.0069611      6.8027     0.12107      0.1595
0.0066448      6.8027     0.12107      5.1536
0.0065448      6.7568    -0.49699      2.7185
0.0068511      6.7568    -0.49699     0.55734
0.0070777      6.7568    -0.36568      5.8751
0.0072169      6.7568    -0.24071      2.4553
0.0072638      6.7568    -0.11948       3.694
0.0072169      6.7568    -0.11948      1.5069
0.0070777      6.7568           0      4.1063
0.0068511      6.7568     0.11948      2.3029
0.0065448      6.7568     0.11948      3.0237
0.0064468      6.7114    -0.48993      2.5238
0.0067433      6.7114    -0.48993      2.0972
0.0069626      6.7114    -0.36069      1.6812
0.0070972      6.7114    -0.23751      4.8244
0.0071426      6.7114    -0.11791      1.5103
0.0070972      6.7114    -0.11791      6.0397
0.0069626      6.7114           0      5.8027
0.0067433      6.7114     0.11791      1.7231
0.0064468      6.7114     0.11791      1.4029
0.0063507      6.6667    -0.48303      1.5841
0.0066378      6.6667    -0.48303      1.5519
0.00685      6.6667    -0.35581      1.5053
0.0069803      6.6667    -0.23437      2.6907
0.0070242      6.6667    -0.11638      5.1893
0.0069803      6.6667    -0.11638      3.8778
0.00685      6.6667           0      1.2181
0.0066378      6.6667     0.11638      5.0772
0.0063507      6.6667     0.11638      6.1927
0.0062564      6.6225    -0.47628     0.93367
0.0065345      6.6225    -0.47628      5.3596
0.0067399      6.6225    -0.35102      1.4991
0.0068659      6.6225    -0.23129      2.6196
0.0069084      6.6225    -0.23129      2.0256
0.0068659      6.6225    -0.11487      2.7271
0.0067399      6.6225           0      2.0572
0.0065345      6.6225     0.11487     0.62182
0.0062564      6.6225     0.23129       4.217
0.0061639      6.5789    -0.46967     0.31012
0.0064333      6.5789    -0.46967      1.2629
0.0066322      6.5789    -0.34632      3.1361
0.0067541      6.5789    -0.22827      1.7305
0.0067952      6.5789    -0.22827      2.6364
0.0067541      6.5789    -0.11339      3.7509
0.0066322      6.5789           0     0.30878
0.0064333      6.5789     0.11339       5.571
0.0061639      6.5789     0.22827      5.3927
0.0060732      6.5359     -0.4632     0.53444
0.0063342      6.5359     -0.4632      1.1147
0.0065268      6.5359    -0.34172    0.084183
0.0066448      6.5359    -0.22531      3.7069
0.0066846      6.5359    -0.22531      4.4475
0.0066448      6.5359    -0.11194      4.7683
0.0065268      6.5359           0      1.3444
0.0063342      6.5359     0.11194      6.0704
0.0060732      6.5359     0.22531      3.0434
0.0059842      6.4935    -0.58407     0.39249
0.0062372      6.4935    -0.45687      1.1213
0.0064237      6.4935    -0.33721      2.1253
0.0065379      6.4935     -0.2224      5.5321
0.0065764      6.4935     -0.2224     0.26841
0.0065379      6.4935    -0.11051       2.233
0.0064237      6.4935           0      4.0258
0.0062372      6.4935     0.11051      5.2016
0.0059842      6.4935      0.2224     0.28037
