
[NumberOfWaves] 81
=================================
0.0610771      24.6575            0      0.33097
0.0654807      24.6575    0.0872639      4.63596
0.0688062      24.6575     0.174528      1.69088
0.0708766      24.6575     0.261792      2.65668
0.0715796      24.6575     0.349056      3.44227
0.0708766      24.6575     0.436319      5.92322
0.0688062      24.6575     0.523583      2.62469
0.0654807      24.6575     0.610847      6.17652
0.0610771      24.6575     0.698111      1.89404
0.0976522      21.9512            0        4.405
0.110599      21.9512    0.0872639      4.18661
0.120845      21.9512     0.174528      3.38733
0.127425      21.9512     0.261792       4.3862
0.129694      21.9512     0.349056      4.18779
0.127425      21.9512     0.436319      1.11921
0.120845      21.9512     0.523583     0.804314
0.110599      21.9512     0.610847      6.27722
0.0976522      21.9512     0.698111      1.07515
0.13431      19.7802            0     0.204831
0.165623      19.7802    0.0872639      3.52602
0.192256      19.7802     0.174528      5.54077
0.210202      19.7802     0.261792      4.20443
0.216541      19.7802     0.349056      1.19649
0.210202      19.7802     0.436319       2.3179
0.192256      19.7802     0.523583      2.89474
0.165623      19.7802     0.610847      6.16763
0.13431      19.7802     0.698111     0.982692
0.160431           18            0      5.37525
0.224458           18    0.0872639      4.05106
0.285043           18     0.174528      2.36412
0.328866           18     0.261792      1.19957
0.344901           18     0.349056      2.69071
0.328866           18     0.436319      3.02854
0.285043           18     0.523583     0.757803
0.224458           18     0.610847      3.70388
0.160431           18     0.698111      1.42114
0.136901      16.5138            0      2.41656
0.179467      16.5138    0.0872639       3.6629
0.217595      16.5138     0.174528       1.5821
0.244185      16.5138     0.261792      1.82484
0.253739      16.5138     0.349056      3.87718
0.244185      16.5138     0.436319      1.66676
0.217595      16.5138     0.523583      5.17956
0.179467      16.5138     0.610847      6.17407
0.136901      16.5138     0.698111      4.58815
0.103473      15.2542            0      2.16058
0.129197      15.2542    0.0872639      3.66971
0.151309      15.2542     0.174528     0.677113
0.166313      15.2542     0.261792      5.69433
0.171632      15.2542     0.349056      5.52686
0.166313      15.2542     0.436319      5.13799
0.151309      15.2542     0.523583      1.63815
0.129197      15.2542     0.610847      3.73434
0.103473      15.2542     0.698111     0.141447
0.0920672      14.1732            0       2.6719
0.11075      14.1732    0.0872639      1.96481
0.12631      14.1732     0.174528      1.01461
0.136649      14.1732     0.261792      1.12319
0.140276      14.1732     0.349056      2.65699
0.136649      14.1732     0.436319     0.592043
0.12631      14.1732     0.523583      3.76052
0.11075      14.1732     0.610847      2.95882
0.0920672      14.1732     0.698111      4.37265
0.0854067      13.2353            0       4.3974
0.0997948      13.2353    0.0872639      4.01189
0.111486      13.2353     0.174528     0.211133
0.119128      13.2353     0.261792     0.432309
0.121786      13.2353     0.349056      2.00805
0.119128      13.2353     0.436319      3.33542
0.111486      13.2353     0.523583      4.11188
0.0997948      13.2353     0.610847      2.56107
0.0854067      13.2353     0.698111      5.15194
0.0785145      12.4138            0      4.51345
0.0896514      12.4138    0.0872639      6.08602
0.0985252      12.4138     0.174528      3.33837
0.104251      12.4138     0.261792      2.04289
0.10623      12.4138     0.349056     0.663668
0.104251      12.4138     0.436319      3.83865
0.0985252      12.4138     0.523583      4.89321
0.0896514      12.4138     0.610847      2.66055
0.0785145      12.4138     0.698111     0.570643
