
[NumberOfWaves] 1062
=================================
0.00901829      20.8333      2.79244      4.04982
0.00944302      20.8333      2.87971      4.28802
0.00975736      20.8333      2.96697      4.47313
0.00995047      20.8333      3.05424      3.01531
0.0100156      20.8333       3.1415      1.78425
0.00995047      20.8333      3.22876     0.742695
0.00975736      20.8333      3.31603      3.36557
0.00944302      20.8333      3.40329      3.43757
0.00901829      20.8333      3.49056      5.16893
0.0108414      20.4082      2.79244      4.34692
0.0114089      20.4082      2.87971      4.44891
0.0118307      20.4082      2.96697      1.15295
0.0120905      20.4082      3.05424      2.01997
0.0121783      20.4082       3.1415      1.01648
0.0120905      20.4082      3.22876      4.66118
0.0118307      20.4082      3.31603      3.56068
0.0114089      20.4082      3.40329      4.67827
0.0108414      20.4082      3.49056      1.80804
0.0127354           20      2.79244     0.590781
0.0134748           20      2.87971      3.65643
0.014027           20      2.96697     0.535286
0.0143683           20      3.05424      4.86918
0.0144837           20       3.1415       4.4706
0.0143683           20      3.22876       0.1317
0.014027           20      3.31603       1.3178
0.0134748           20      3.40329      4.25602
0.0127354           20      3.49056      2.84702
0.0146568      19.6078      2.79244      3.09888
0.0155992      19.6078      2.87971      2.21588
0.0163065      19.6078      2.96697      3.84456
0.016745      19.6078      3.05424      2.87051
0.0168936      19.6078       3.1415      1.85273
0.016745      19.6078      3.22876      5.26352
0.0163065      19.6078      3.31603      2.18475
0.0155992      19.6078      3.40329      6.09559
0.0146568      19.6078      3.49056      2.52875
0.0165641      19.2308      2.79244      3.29481
0.0177415      19.2308      2.87971      3.20657
0.0186299      19.2308      2.96697      3.59762
0.0191827      19.2308      3.05424      5.61329
0.0193704      19.2308       3.1415       2.3555
0.0191827      19.2308      3.22876        6.082
0.0186299      19.2308      3.31603       2.2197
0.0177415      19.2308      3.40329      1.15571
0.0165641      19.2308      3.49056      3.55027
0.0184196      18.8679      2.79244      4.35642
0.0198648      18.8679      2.87971      3.26476
0.0209616      18.8679      2.96697      4.44717
0.0216468      18.8679      3.05424       5.6902
0.0218799      18.8679       3.1415      5.50972
0.0216468      18.8679      3.22876      1.68142
0.0209616      18.8679      3.31603      5.78322
0.0198648      18.8679      3.40329      1.18979
0.0184196      18.8679      3.49056      1.49743
0.0201923      18.5185      2.79244      3.38293
0.0219383      18.5185      2.87971     0.840261
0.0232718      18.5185      2.96697      1.42817
0.0241083      18.5185      3.05424      1.61178
0.0243935      18.5185       3.1415      1.99416
0.0241083      18.5185      3.22876     0.835539
0.0232718      18.5185      3.31603      1.03041
0.0219383      18.5185      3.40329      1.70406
0.0201923      18.5185      3.49056      2.16909
0.0218595      18.1818      2.79244      1.27531
0.0239396      18.1818      2.87971     0.449363
0.0255392      18.1818      2.96697      5.48808
0.0265472      18.1818      3.05424      0.95423
0.0268915      18.1818       3.1415       4.9905
0.0265472      18.1818      3.22876      5.94602
0.0255392      18.1818      3.31603      2.20806
0.0239396      18.1818      3.40329     0.370225
0.0218595      18.1818      3.49056      5.78907
0.0234096      17.8571      2.79244      4.88286
0.0258579      17.8571      2.87971      1.56564
0.0277543      17.8571      2.96697      3.34069
0.0289552      17.8571      3.05424     0.462419
0.0293664      17.8571       3.1415      5.35056
0.0289552      17.8571      3.22876      4.72054
0.0277543      17.8571      3.31603       1.1084
0.0258579      17.8571      3.40329      5.19105
0.0234096      17.8571      3.49056     0.211695
0.0248443      17.5439      2.79244      0.11274
0.0276965      17.5439      2.87971      4.49164
0.0299231      17.5439      2.96697      5.80774
0.0313404      17.5439      3.05424      3.48633
0.031827      17.5439       3.1415      5.20762
0.0313404      17.5439      3.22876      2.24181
0.0299231      17.5439      3.31603      1.92749
0.0276965      17.5439      3.40329       4.2337
0.0248443      17.5439      3.49056     0.352894
0.0261811      17.2414      2.79244      2.05334
0.0294763      17.2414      2.87971      5.54963
0.0320705      17.2414      2.96697      2.58285
0.0337311      17.2414      3.05424      3.15511
0.0343028      17.2414       3.1415      2.24456
0.0337311      17.2414      3.22876      6.21291
0.0320705      17.2414      3.31603      2.92092
0.0294763      17.2414      3.40329      5.94886
0.0261811      17.2414      3.49056     0.629773
0.027454      16.9492      2.79244      2.00783
0.031238      16.9492      2.87971      2.47757
0.0342441      16.9492      2.96697      5.26871
0.0361798      16.9492      3.05424      1.00689
0.0368482      16.9492       3.1415      1.46502
0.0361798      16.9492      3.22876      1.02937
0.0342441      16.9492      3.31603      3.57243
0.031238      16.9492      3.40329     0.960377
0.027454      16.9492      3.49056      4.21354
0.0287135      16.6667      2.79244      5.63353
0.0330431      16.6667      2.87971      4.24007
0.0365159      16.6667      2.96697       4.1339
0.0387664      16.6667      3.05424      2.60152
0.039546      16.6667       3.1415      4.11889
0.0387664      16.6667      3.22876      2.50085
0.0365159      16.6667      3.31603      3.67888
0.0330431      16.6667      3.40329      5.10028
0.0287135      16.6667      3.49056      4.28413
0.0300238      16.3934      2.79244      6.08478
0.0349716      16.3934      2.87971      1.82255
0.0389813      16.3934      2.96697    0.0989481
0.0415976      16.3934      3.05424      2.57682
0.042507      16.3934       3.1415      5.38591
0.0415976      16.3934      3.22876      6.17509
0.0389813      16.3934      3.31603      5.12801
0.0349716      16.3934      3.40329      1.19028
0.0300238      16.3934      3.49056     0.249633
0.0314557       16.129      2.79244      3.80695
0.037116       16.129      2.87971      4.58999
0.0417536       16.129      2.96697     0.302996
0.0448018       16.129      3.05424      4.97754
0.0458652       16.129       3.1415      2.48356
0.0448018       16.129      3.22876     0.375627
0.0417536       16.129      3.31603      3.90009
0.037116       16.129      3.40329       1.0379
0.0314557       16.129      3.49056      2.06915
0.0330755       15.873      2.79244      1.69606
0.0395689       15.873      2.87971      3.39964
0.0449516       15.873      2.96697      5.36396
0.0485172       15.873      3.05424      2.71558
0.0497659       15.873       3.1415      3.63169
0.0485172       15.873      3.22876      0.85749
0.0449516       15.873      3.31603      3.65383
0.0395689       15.873      3.40329      4.21718
0.0330755       15.873      3.49056      5.25849
0.0349284       15.625      2.79244      3.98597
0.0424037       15.625      2.87971      1.33084
0.048678       15.625      2.96697      5.69681
0.0528687       15.625      3.05424      2.54553
0.0543425       15.625       3.1415      5.58331
0.0528687       15.625      3.22876      3.61304
0.048678       15.625      3.31603     0.104986
0.0424037       15.625      3.40329      3.39536
0.0349284       15.625      3.49056      5.35721
0.0370164      15.3846      2.79244      1.39848
0.0456464      15.3846      2.87971       4.0023
0.0529867      15.3846      2.96697      4.47652
0.0579327      15.3846      3.05424      2.09683
0.0596797      15.3846       3.1415     0.319079
0.0579327      15.3846      3.22876      2.88604
0.0529867      15.3846      3.31603      5.43863
0.0456464      15.3846      3.40329      4.87471
0.0370164      15.3846      3.49056      2.14891
0.0392721      15.1515      2.79244      4.70094
0.0492399      15.1515      2.87971      3.92558
0.0578382      15.1515      2.96697      4.57462
0.0636863      15.1515      3.05424      4.21034
0.0657616      15.1515       3.1415      3.04836
0.0636863      15.1515      3.22876      3.60644
0.0578382      15.1515      3.31603      5.02883
0.0492399      15.1515      3.40329      2.82498
0.0392721      15.1515      3.49056      1.73421
0.0415369      14.9254      2.79244      4.56045
0.0530075      14.9254      2.87971      2.49488
0.0630511      14.9254      2.96697      2.44307
0.0699505      14.9254      3.05424      3.80708
0.072411      14.9254       3.1415     0.116819
0.0699505      14.9254      3.22876      4.34045
0.0630511      14.9254      3.31603      2.91531
0.0530075      14.9254      3.40329      4.83224
0.0415369      14.9254      3.49056      2.10448
0.0435526      14.7059      2.79244      1.01835
0.0566318      14.7059      2.87971      3.67373
0.0682668      14.7059      2.96697      1.54939
0.076344      14.7059      3.05424      0.61822
0.0792398      14.7059       3.1415       2.5749
0.076344      14.7059      3.22876      5.17211
0.0682668      14.7059      3.31603      1.03035
0.0566318      14.7059      3.40329      1.29227
0.0435526      14.7059      3.49056      0.61288
0.044988      14.4928      2.79244      4.83874
0.0596732      14.4928      2.87971      6.18699
0.0729581      14.4928      2.96697      2.77327
0.0822843      14.4928      3.05424     0.820735
0.0856464      14.4928       3.1415      1.53934
0.0822843      14.4928      3.22876      5.44337
0.0729581      14.4928      3.31603     0.412928
0.0596732      14.4928      3.40329     0.379111
0.044988      14.4928      3.49056       1.6337
0.0455068      14.2857      2.79244      2.80827
0.0616467      14.2857      2.87971      4.24201
0.0765096      14.2857      2.96697      1.64291
0.0870676      14.2857      3.05424      4.37408
0.0908963      14.2857       3.1415       3.4905
0.0870676      14.2857      3.22876     0.270174
0.0765096      14.2857      3.31603      1.04672
0.0616467      14.2857      3.40329      3.68609
0.0455068      14.2857      3.49056      3.20049
0.0448666      14.0845      2.79244      6.27902
0.0621508      14.0845      2.87971      6.14823
0.0783696      14.0845      2.96697      4.80513
0.0900356      14.0845      3.05424      1.47172
0.0942926      14.0845       3.1415      4.62998
0.0900356      14.0845      3.22876      4.18878
0.0783696      14.0845      3.31603      3.90949
0.0621508      14.0845      3.40329      5.37481
0.0448666      14.0845      3.49056      3.44495
0.0445995      13.8889      2.79244      5.68663
0.0619869      13.8889      2.87971     0.111579
0.0783483      13.8889      2.96697      3.68099
0.0901389      13.8889      3.05424       1.7663
0.0944454      13.8889       3.1415      4.67384
0.0901389      13.8889      3.22876      1.35663
0.0783483      13.8889      3.31603     0.320197
0.0619869      13.8889      3.40329      1.77073
0.0445995      13.8889      3.49056     0.838965
0.0446786      13.6986      2.79244      2.87048
0.0614078      13.6986      2.87971      1.40089
0.0770026      13.6986      2.96697       3.4762
0.0881707      13.6986      3.05424     0.447041
0.0922371      13.6986       3.1415     0.612553
0.0881707      13.6986      3.22876       2.0377
0.0770026      13.6986      3.31603      3.95087
0.0614078      13.6986      3.40329      4.72309
0.0446786      13.6986      3.49056      2.80252
0.0440571      13.5135      2.79244       1.4541
0.0599129      13.5135      2.87971       3.5671
0.0745617      13.5135      2.96697      1.33756
0.08499      13.5135      3.05424      1.70794
0.0887757      13.5135       3.1415      1.10521
0.08499      13.5135      3.22876      4.87315
0.0745617      13.5135      3.31603     0.514346
0.0599129      13.5135      3.40329      3.44765
0.0440571      13.5135      3.49056      4.59951
0.0428575      13.3333      2.79244      4.10435
0.0576933      13.3333      2.87971      4.10301
0.0712829      13.3333      2.96697      4.32689
0.0809024      13.3333      3.05424     0.696097
0.0843846      13.3333       3.1415      2.24836
0.0809024      13.3333      3.22876      3.77573
0.0712829      13.3333      3.31603      2.18593
0.0576933      13.3333      3.40329      5.10216
0.0428575      13.3333      3.49056     0.736544
0.0412435      13.1579      2.79244      2.61333
0.0549857      13.1579      2.87971      4.99359
0.0674712      13.1579      2.96697      5.50845
0.0762612      13.1579      3.05424      2.21923
0.0794345      13.1579       3.1415      5.12108
0.0762612      13.1579      3.22876     0.773835
0.0674712      13.1579      3.31603      2.18665
0.0549857      13.1579      3.40329      2.89389
0.0412435      13.1579      3.49056      2.86108
0.0393896       12.987      2.79244      2.42595
0.0520307       12.987      2.87971      0.39107
0.0634265       12.987      2.96697      2.64349
0.0714079       12.987      3.05424      6.22749
0.0742818       12.987       3.1415      5.08006
0.0714079       12.987      3.22876      3.45358
0.0634265       12.987      3.31603      5.06874
0.0520307       12.987      3.40329      2.86269
0.0393896       12.987      3.49056      3.68941
0.0374542      12.8205      2.79244      6.27537
0.0490391      12.8205      2.87971      4.60962
0.059405      12.8205      2.96697      2.93238
0.0666292      12.8205      3.05424      3.87296
0.069224      12.8205       3.1415     0.811029
0.0666292      12.8205      3.22876      5.63428
0.059405      12.8205      3.31603      1.04632
0.0490391      12.8205      3.40329       1.3974
0.0374542      12.8205      3.49056       3.9478
0.0355642      12.6582      2.79244      3.10525
0.0461727      12.6582      2.87971      2.89696
0.0555976      12.6582      2.96697     0.651172
0.0621348      12.6582      3.05424     0.553413
0.0644773      12.6582       3.1415      5.70156
0.0621348      12.6582      3.22876      2.50421
0.0555976      12.6582      3.31603     0.153628
0.0461727      12.6582      3.40329      2.93344
0.0355642      12.6582      3.49056      5.39264
0.033808         12.5      2.79244       5.4258
0.0435394         12.5      2.87971      3.17578
0.0521261         12.5      2.96697      3.06537
0.058055         12.5      3.05424      1.48793
0.0601748         12.5       3.1415      6.09775
0.058055         12.5      3.22876     0.917588
0.0521261         12.5      3.31603     0.764793
0.0435394         12.5      3.40329      1.94372
0.033808         12.5      3.49056      5.52681
0.0322379      12.3457      2.79244      1.75899
0.0411974      12.3457      2.87971      3.77799
0.0490515      12.3457      2.96697      1.69244
0.054451      12.3457      3.05424       5.7403
0.0563773      12.3457       3.1415      3.80362
0.054451      12.3457      3.22876      1.01929
0.0490515      12.3457      3.31603      5.78085
0.0411974      12.3457      3.40329     0.671621
0.0322379      12.3457      3.49056     0.901867
0.0308758      12.1951      2.79244      4.01843
0.0391656      12.1951      2.87971      1.66506
0.0463872      12.1951      2.96697    0.0626053
0.0513312      12.1951      3.05424      5.35695
0.0530914      12.1951       3.1415      1.93657
0.0513312      12.1951      3.22876      5.70828
0.0463872      12.1951      3.31603      2.87981
0.0391656      12.1951      3.40329      2.06487
0.0308758      12.1951      3.49056      6.22825
0.0297217      12.0482      2.79244      5.11147
0.0374349      12.0482      2.87971      1.85387
0.0441139      12.0482      2.96697      5.50318
0.0486683      12.0482      3.05424      1.99116
0.0502866      12.0482       3.1415      6.03031
0.0486683      12.0482      3.22876      5.83436
0.0441139      12.0482      3.31603      3.11725
0.0374349      12.0482      3.40329      3.08973
0.0297217      12.0482      3.49056      6.23402
0.0287602      11.9048      2.79244      2.48094
0.0359782      11.9048      2.87971      5.95172
0.0421926      11.9048      2.96697     0.574276
0.0464139      11.9048      3.05424       2.4048
0.0479109      11.9048       3.1415      4.58986
0.0464139      11.9048      3.22876      4.68831
0.0421926      11.9048      3.31603      1.08951
0.0359782      11.9048      3.40329      2.27419
0.0287602      11.9048      3.49056      4.15532
0.0279677      11.7647      2.79244      3.94426
0.0347592      11.7647      2.87971      4.55352
0.040574      11.7647      2.96697      4.22596
0.0445095      11.7647      3.05424     0.269506
0.0459026      11.7647       3.1415      1.88341
0.0445095      11.7647      3.22876      3.06217
0.040574      11.7647      3.31603      2.16089
0.0347592      11.7647      3.40329     0.474747
0.0279677      11.7647      3.49056      2.11237
0.0273166      11.6279      2.79244     0.769367
0.0337379      11.6279      2.87971     0.896839
0.0392067      11.6279      2.96697      2.36511
0.042895      11.6279      3.05424      4.76646
0.0441983      11.6279       3.1415      5.43187
0.042895      11.6279      3.22876      5.38214
0.0392067      11.6279      3.31603     0.835852
0.0337379      11.6279      3.40329      5.42369
0.0273166      11.6279      3.49056      3.73396
0.0267787      11.4943      2.79244      3.70861
0.0328753      11.4943      2.87971      5.76769
0.0380411      11.4943      2.96697     0.351473
0.0415133      11.4943      3.05424      4.42748
0.0427382      11.4943       3.1415       3.1288
0.0415133      11.4943      3.22876      2.29838
0.0380411      11.4943      3.31603      6.27177
0.0328753      11.4943      3.40329      6.00024
0.0267787      11.4943      3.49056       3.2252
0.0263279      11.3636      2.79244      4.21138
0.0321357      11.3636      2.87971    0.0118777
0.0370328      11.3636      2.96697      3.09723
0.0403136      11.3636      3.05424      3.33792
0.0414691      11.3636       3.1415       1.9218
0.0403136      11.3636      3.22876      5.40236
0.0370328      11.3636      3.31603     0.416006
0.0321357      11.3636      3.40329      3.35775
0.0263279      11.3636      3.49056    0.0396407
0.0259413       11.236      2.79244      4.15938
0.0314884       11.236      2.87971      3.38547
0.0361438       11.236      2.96697      2.79965
0.0392529       11.236      3.05424      4.92666
0.0403462       11.236       3.1415      1.00884
0.0392529       11.236      3.22876     0.971178
0.0361438       11.236      3.31603      5.10394
0.0314884       11.236      3.40329      6.14403
0.0259413       11.236      3.49056      1.79152
0.0255994      11.1111      2.79244      4.12985
0.030908      11.1111      2.87971      5.06873
0.0353431      11.1111      2.96697      5.15227
0.0382962      11.1111      3.05424      1.91719
0.0393331      11.1111       3.1415     0.466247
0.0382962      11.1111      3.22876      3.88035
0.0353431      11.1111      3.31603       0.8555
0.030908      11.1111      3.40329      5.08394
0.0255994      11.1111      3.49056      6.14405
0.0252872       10.989      2.79244      5.65738
0.0303747       10.989      2.87971      1.14826
0.0346066       10.989      2.96697       5.7931
0.0374162       10.989      3.05424        0.858
0.0384013       10.989       3.1415     0.272395
0.0374162       10.989      3.22876      4.22713
0.0346066       10.989      3.31603     0.802324
0.0303747       10.989      3.40329      1.37766
0.0252872       10.989      3.49056      4.13958
0.0249929      10.8696      2.79244      2.02682
0.0298732      10.8696      2.87971      3.15707
0.0339158      10.8696      2.96697      3.35779
0.0365923      10.8696      3.05424      2.88449
0.0375295      10.8696       3.1415      3.25887
0.0365923      10.8696      3.22876      3.59492
0.0339158      10.8696      3.31603      2.41418
0.0298732      10.8696      3.40329      5.37874
0.0249929      10.8696      3.49056       2.2344
0.0247083      10.7527      2.79244      5.39453
0.0293929      10.7527      2.87971      2.63924
0.0332577      10.7527      2.96697      1.44761
0.0358097      10.7527      3.05424      4.54461
0.036702      10.7527       3.1415     0.587849
0.0358097      10.7527      3.22876     0.962742
0.0332577      10.7527      3.31603      5.68653
0.0293929      10.7527      3.40329      3.60476
0.0247083      10.7527      3.49056      4.28723
0.0244275      10.6383      2.79244     0.491619
0.0289261      10.6383      2.87971      2.21207
0.0326231      10.6383      2.96697      2.21993
0.0350579      10.6383      3.05424     0.722946
0.0359082      10.6383       3.1415      3.09399
0.0350579      10.6383      3.22876      2.72233
0.0326231      10.6383      3.31603      1.45952
0.0289261      10.6383      3.40329      1.25279
0.0244275      10.6383      3.49056      1.61555
0.0241471      10.5263      2.79244     0.590413
0.0284681      10.5263      2.87971      1.69384
0.0320058      10.5263      2.96697      1.23429
0.03433      10.5263      3.05424      2.62314
0.0351406      10.5263       3.1415     0.112957
0.03433      10.5263      3.22876      1.20605
0.0320058      10.5263      3.31603      1.66766
0.0284681      10.5263      3.40329      3.74851
0.0241471      10.5263      3.49056     0.731907
0.0238647      10.4167      2.79244      0.96598
0.0280158      10.4167      2.87971      2.64479
0.0314022      10.4167      2.96697     0.277095
0.0336216      10.4167      3.05424      3.00147
0.0343947      10.4167       3.1415      5.97595
0.0336216      10.4167      3.22876      5.60164
0.0314022      10.4167      3.31603      5.72487
0.0280158      10.4167      3.40329      1.35123
0.0238647      10.4167      3.49056      3.92855
0.0235795      10.3093      2.79244    0.0939547
0.0275676      10.3093      2.87971      4.92546
0.0308098      10.3093      2.96697    0.0532163
0.0329298      10.3093      3.05424      4.78222
0.0336674      10.3093       3.1415      2.08101
0.0329298      10.3093      3.22876     0.656874
0.0308098      10.3093      3.31603         5.71
0.0275676      10.3093      3.40329      4.85183
0.0235795      10.3093      3.49056     0.780998
0.023291      10.2041      2.79244      6.02969
0.0271228      10.2041      2.87971      2.13558
0.0302274      10.2041      2.96697      3.82194
0.032253      10.2041      3.05424      3.61646
0.032957      10.2041       3.1415      6.19499
0.032253      10.2041      3.22876      6.19858
0.0302274      10.2041      3.31603      2.88634
0.0271228      10.2041      3.40329       2.3638
0.023291      10.2041      3.49056     0.199767
0.0229993       10.101      2.79244      4.51821
0.0266811       10.101      2.87971      1.58256
0.0296546       10.101      2.96697      2.55569
0.0315903       10.101      3.05424      5.18816
0.0322624       10.101       3.1415      3.56202
0.0315903       10.101      3.22876      3.61996
0.0296546       10.101      3.31603       1.9111
0.0266811       10.101      3.40329       1.8191
0.0229993       10.101      3.49056      1.70525
0.0227049           10      2.79244      4.45752
0.0262427           10      2.87971      1.51035
0.0290909           10      2.96697      3.51838
0.0309413           10      3.05424      2.04844
0.031583           10       3.1415      1.74774
0.0309413           10      3.22876      1.66743
0.0290909           10      3.31603      3.15701
0.0262427           10      3.40329      3.56812
0.0227049           10      3.49056     0.792347
0.022408       9.901      2.7924     0.30704
0.025808       9.901      2.8797      5.1092
0.028536       9.901       2.967      1.2657
0.030306       9.901      3.0542      4.5169
0.030919       9.901      3.1415      4.3038
0.030306       9.901      3.2288      1.0298
0.028536       9.901       3.316      5.3202
0.025808       9.901      3.4033      2.9907
0.022408       9.901      3.4906      4.4549
0.02211      9.8039      2.7924      1.8666
0.025377      9.8039      2.8797      1.4256
0.027991      9.8039       2.967      5.6706
0.029683      9.8039      3.0542      3.8959
0.030269      9.8039      3.1415      1.4593
0.029683      9.8039      3.2288      3.7698
0.027991      9.8039       3.316     0.84391
0.025377      9.8039      3.4033     0.33733
0.02211      9.8039      3.4906      1.2942
0.02181      9.7087      2.7924      1.4422
0.02495      9.7087      2.8797      4.0254
0.027456      9.7087       2.967      1.3803
0.029074      9.7087      3.0542      4.2037
0.029634      9.7087      3.1415      4.1539
0.029074      9.7087      3.2288      1.9061
0.027456      9.7087       3.316      3.5614
0.02495      9.7087      3.4033      4.1061
0.02181      9.7087      3.4906      4.1826
0.02151      9.6154      2.7924      3.1631
0.024528      9.6154      2.8797     0.19749
0.02693      9.6154       2.967      4.7961
0.028478      9.6154      3.0542      4.9437
0.029013      9.6154      3.1415      5.1767
0.028478      9.6154      3.2288      2.4054
0.02693      9.6154       3.316      2.2217
0.024528      9.6154      3.4033      2.0766
0.02151      9.6154      3.4906      4.4135
0.02121      9.5238      2.7924       2.412
0.024111      9.5238      2.8797     0.19562
0.026413      9.5238       2.967      2.8691
0.027895      9.5238      3.0542      1.7556
0.028407      9.5238      3.1415      2.1128
0.027895      9.5238      3.2288     0.32787
0.026413      9.5238       3.316      3.3927
0.024111      9.5238      3.4033      2.3934
0.02121      9.5238      3.4906      6.2732
0.020911       9.434      2.7924      3.3276
0.023699       9.434      2.8797      5.5695
0.025907       9.434       2.967      5.1242
0.027325       9.434      3.0542        2.04
0.027814       9.434      3.1415      1.6723
0.027325       9.434      3.2288      1.7455
0.025907       9.434       3.316      4.7402
0.023699       9.434      3.4033      6.1506
0.020911       9.434      3.4906      4.0366
0.020612      9.3458      2.7924      5.3546
0.023293      9.3458      2.8797      5.3735
0.02541      9.3458       2.967      3.5113
0.026768      9.3458      3.0542      1.5902
0.027236      9.3458      3.1415      2.3664
0.026768      9.3458      3.2288      3.4245
0.02541      9.3458       3.316     0.28159
0.023293      9.3458      3.4033      2.1029
0.020612      9.3458      3.4906      5.0426
0.020314      9.2593      2.7924      3.1011
0.022892      9.2593      2.8797       1.626
0.024923      9.2593       2.967      1.7886
0.026224      9.2593      3.0542      5.1327
0.026672      9.2593      3.1415      3.7154
0.026224      9.2593      3.2288      2.4747
0.024923      9.2593       3.316     0.69684
0.022892      9.2593      3.4033      6.2609
0.020314      9.2593      3.4906    0.033302
0.020018      9.1743      2.7924      1.5803
0.022497      9.1743      2.8797      4.2118
0.024446      9.1743       2.967      3.9029
0.025692      9.1743      3.0542      2.6513
0.026121      9.1743      3.1415        3.96
0.025692      9.1743      3.2288      0.2472
0.024446      9.1743       3.316       2.802
0.022497      9.1743      3.4033       2.062
0.020018      9.1743      3.4906      5.0107
0.019725      9.0909      2.7924      5.3758
0.022109      9.0909      2.8797      5.8014
0.023979      9.0909       2.967      1.8594
0.025173      9.0909      3.0542       5.671
0.025583      9.0909      3.1415     0.59854
0.025173      9.0909      3.2288      2.4817
0.023979      9.0909       3.316      4.2599
0.022109      9.0909      3.4033     0.96394
0.019725      9.0909      3.4906     0.41004
0.019433       9.009      2.7924     0.66834
0.021726       9.009      2.8797     0.60606
0.023521       9.009       2.967      2.4874
0.024665       9.009      3.0542      6.1898
0.025058       9.009      3.1415      3.5747
0.024665       9.009      3.2288      1.7735
0.023521       9.009       3.316       4.201
0.021726       9.009      3.4033      3.8914
0.019433       9.009      3.4906      5.7519
0.019144      8.9286      2.7924      1.3031
0.02135      8.9286      2.8797     0.32037
0.023073      8.9286       2.967      4.4173
0.02417      8.9286      3.0542      1.0035
0.024547      8.9286      3.1415      4.2163
0.02417      8.9286      3.2288     0.42922
0.023073      8.9286       3.316      0.1869
0.02135      8.9286      3.4033      5.2879
0.019144      8.9286      3.4906      4.7369
0.018857      8.8496      2.7924     0.61438
0.02098      8.8496      2.8797      1.3099
0.022635      8.8496       2.967      0.5463
0.023687      8.8496      3.0542      5.4394
0.024048      8.8496      3.1415     0.15449
0.023687      8.8496      3.2288      1.5806
0.022635      8.8496       3.316       3.868
0.02098      8.8496      3.4033      2.9429
0.018857      8.8496      3.4906      4.6391
0.018573      8.7719      2.7924      1.2266
0.020617      8.7719      2.8797      3.4447
0.022206      8.7719       2.967      2.8846
0.023215      8.7719      3.0542      6.1031
0.023561      8.7719      3.1415       2.037
0.023215      8.7719      3.2288       1.273
0.022206      8.7719       3.316      3.5642
0.020617      8.7719      3.4033      3.0355
0.018573      8.7719      3.4906      1.8373
0.018293      8.6957      2.7924      2.5456
0.020259      8.6957      2.8797      3.1588
0.021786      8.6957       2.967      4.9615
0.022754      8.6957      3.0542       0.586
0.023086      8.6957      3.1415      1.2659
0.022754      8.6957      3.2288     0.15565
0.021786      8.6957       3.316       4.281
0.020259      8.6957      3.4033      4.6202
0.018293      8.6957      3.4906     0.93912
0.018016      8.6207      2.7924      1.9471
0.019909      8.6207      2.8797      2.0848
0.021376      8.6207       2.967      1.1724
0.022305      8.6207      3.0542      4.3203
0.022623      8.6207      3.1415      3.5476
0.022305      8.6207      3.2288      3.4193
0.021376      8.6207       3.316      5.8655
0.019909      8.6207      3.4033     0.19739
0.018016      8.6207      3.4906      4.1613
0.017742       8.547      2.7924      4.8704
0.019564       8.547      2.8797       4.071
0.020974       8.547       2.967       6.187
0.021866       8.547      3.0542      6.0004
0.022171       8.547      3.1415      4.7169
0.021866       8.547      3.2288     0.60817
0.020974       8.547       3.316      2.9472
0.019564       8.547      3.4033     0.65437
0.017742       8.547      3.4906      2.3382
0.017471      8.4746      2.7924      0.4384
0.019226      8.4746      2.8797      5.7285
0.020582      8.4746       2.967      3.7692
0.021438      8.4746      3.0542      6.1655
0.021731      8.4746      3.1415      5.7349
0.021438      8.4746      3.2288      3.1438
0.020582      8.4746       3.316     0.29747
0.019226      8.4746      3.4033      4.3609
0.017471      8.4746      3.4906     0.46515
0.017204      8.4034      2.7924      3.3448
0.018895      8.4034      2.8797      3.9665
0.020198      8.4034       2.967      5.3197
0.021021      8.4034      3.0542      3.9186
0.021302      8.4034      3.1415     0.47577
0.021021      8.4034      3.2288      1.8833
0.020198      8.4034       3.316      5.5493
0.018895      8.4034      3.4033      4.6083
0.017204      8.4034      3.4906      3.7109
0.016941      8.3333      2.7924       3.945
0.018569      8.3333      2.8797      4.7737
0.019823      8.3333       2.967      1.5542
0.020613      8.3333      3.0542      1.3885
0.020883      8.3333      3.1415      1.7687
0.020613      8.3333      3.2288       4.885
0.019823      8.3333       3.316       2.627
0.018569      8.3333      3.4033     0.68084
0.016941      8.3333      3.4906       2.603
0.016681      8.2645      2.7924      5.7315
0.01825      8.2645      2.8797       3.543
0.019456      8.2645       2.967       4.992
0.020215      8.2645      3.0542      1.9367
0.020475      8.2645      3.1415     0.60197
0.020215      8.2645      3.2288     0.49786
0.019456      8.2645       3.316      3.5137
0.01825      8.2645      3.4033      2.2564
0.016681      8.2645      3.4906      5.0598
0.016425      8.1967      2.7924     0.29223
0.017937      8.1967      2.8797       3.945
0.019097      8.1967       2.967      2.1298
0.019827      8.1967      3.0542    0.039522
0.020077      8.1967      3.1415      5.7843
0.019827      8.1967      3.2288      1.2007
0.019097      8.1967       3.316      3.7441
0.017937      8.1967      3.4033       5.048
0.016425      8.1967      3.4906      1.4263
0.016173      8.1301      2.7924      5.4181
0.01763      8.1301      2.8797      5.6196
0.018747      8.1301       2.967      1.6293
0.019449      8.1301      3.0542      5.0447
0.019688      8.1301      3.1415      2.1631
0.019449      8.1301      3.2288      0.8984
0.018747      8.1301       3.316      4.9154
0.01763      8.1301      3.4033      5.5354
0.016173      8.1301      3.4906      5.2168
0.015924      8.0645      2.7924      2.4104
0.01733      8.0645      2.8797      1.2385
0.018405      8.0645       2.967      3.2182
0.019079      8.0645      3.0542      1.7455
0.01931      8.0645      3.1415     0.64791
0.019079      8.0645      3.2288      1.1922
0.018405      8.0645       3.316     0.81394
0.01733      8.0645      3.4033      1.5118
0.015924      8.0645      3.4906      3.5386
0.01568           8      2.7924      4.5757
0.017035           8      2.8797      4.7536
0.01807           8       2.967     0.92271
0.018719           8      3.0542     0.76077
0.01894           8      3.1415      1.0452
0.018719           8      3.2288      2.7547
0.01807           8       3.316      1.8655
0.017035           8      3.4033       3.409
0.01568           8      3.4906      5.8082
0.015439      7.9365      2.7924      1.5869
0.016746      7.9365      2.8797      3.7673
0.017743      7.9365       2.967      1.5161
0.018367      7.9365      3.0542      2.1308
0.01858      7.9365      3.1415      4.1742
0.018367      7.9365      3.2288     0.35694
0.017743      7.9365       3.316       6.215
0.016746      7.9365      3.4033      5.6798
0.015439      7.9365      3.4906      4.9891
0.015202       7.874      2.7924     0.53275
0.016463       7.874      2.8797       5.832
0.017423       7.874       2.967      3.4945
0.018024       7.874      3.0542      1.8358
0.018229       7.874      3.1415    0.078922
0.018024       7.874      3.2288      2.6281
0.017423       7.874       3.316      6.2796
0.016463       7.874      3.4033      4.2319
0.015202       7.874      3.4906      3.4547
0.014969      7.8125      2.7924      4.8502
0.016185      7.8125      2.8797      2.0086
0.01711      7.8125       2.967      4.3309
0.017689      7.8125      3.0542      2.2923
0.017886      7.8125      3.1415      0.4603
0.017689      7.8125      3.2288      5.7671
0.01711      7.8125       3.316     0.64563
0.016185      7.8125      3.4033      4.7025
0.014969      7.8125      3.4906      4.9277
0.014739      7.7519      2.7924      2.2188
0.015913      7.7519      2.8797     0.13293
0.016805      7.7519       2.967     0.10318
0.017362      7.7519      3.0542      2.1299
0.017552      7.7519      3.1415      4.5266
0.017362      7.7519      3.2288      5.6635
0.016805      7.7519       3.316       2.976
0.015913      7.7519      3.4033     0.35023
0.014739      7.7519      3.4906       2.562
0.014514      7.6923      2.7924      2.1096
0.015647      7.6923      2.8797      1.9107
0.016506      7.6923       2.967      1.8628
0.017043      7.6923      3.0542      6.1034
0.017225      7.6923      3.1415      3.6146
0.017043      7.6923      3.2288      1.4914
0.016506      7.6923       3.316       5.728
0.015647      7.6923      3.4033     0.23726
0.014514      7.6923      3.4906      3.4998
0.014292      7.6336      2.7924      4.2377
0.015386      7.6336      2.8797      5.8591
0.016214      7.6336       2.967      6.2106
0.016731      7.6336      3.0542      1.0831
0.016907      7.6336      3.1415    0.018728
0.016731      7.6336      3.2288     0.77411
0.016214      7.6336       3.316      1.0322
0.015386      7.6336      3.4033      3.5918
0.014292      7.6336      3.4906      3.5651
0.014074      7.5758      2.7924      4.7604
0.01513      7.5758      2.8797     0.69423
0.015929      7.5758       2.967      4.6204
0.016427      7.5758      3.0542      3.3497
0.016597      7.5758      3.1415      2.9158
0.016427      7.5758      3.2288      3.7348
0.015929      7.5758       3.316      6.1775
0.01513      7.5758      3.4033      2.2944
0.014074      7.5758      3.4906      1.7307
0.01386      7.5188      2.7924      2.0605
0.014879      7.5188      2.8797      5.5782
0.01565      7.5188       2.967      4.8741
0.016131      7.5188      3.0542      1.4556
0.016294      7.5188      3.1415      4.0878
0.016131      7.5188      3.2288     0.20018
0.01565      7.5188       3.316      6.1266
0.014879      7.5188      3.4033     0.72124
0.01386      7.5188      3.4906     0.89463
0.013649      7.4627      2.7924      4.5183
0.014634      7.4627      2.8797      2.0602
0.015378      7.4627       2.967      4.2594
0.015841      7.4627      3.0542      0.6392
0.015998      7.4627      3.1415      3.5177
0.015841      7.4627      3.2288     0.77137
0.015378      7.4627       3.316      1.5764
0.014634      7.4627      3.4033      3.5824
0.013649      7.4627      3.4906    0.055812
0.013442      7.4074      2.7924      2.9434
0.014394      7.4074      2.8797      1.8475
0.015111      7.4074       2.967      1.6294
0.015558      7.4074      3.0542      3.2639
0.015709      7.4074      3.1415      3.1482
0.015558      7.4074      3.2288     0.40562
0.015111      7.4074       3.316      3.0462
0.014394      7.4074      3.4033      5.1476
0.013442      7.4074      3.4906      4.1447
0.013239      7.3529      2.7924      1.2199
0.014158      7.3529      2.8797      6.0246
0.014851      7.3529       2.967      5.9936
0.015281      7.3529      3.0542       5.698
0.015428      7.3529      3.1415      2.3943
0.015281      7.3529      3.2288      4.0324
0.014851      7.3529       3.316       5.154
0.014158      7.3529      3.4033      2.6198
0.013239      7.3529      3.4906      4.5101
0.013039      7.2993      2.7924      5.2294
0.013927      7.2993      2.8797      4.2058
0.014596      7.2993       2.967      3.4996
0.015012      7.2993      3.0542      6.0305
0.015153      7.2993      3.1415      5.6214
0.015012      7.2993      3.2288      0.7912
0.014596      7.2993       3.316      2.8476
0.013927      7.2993      3.4033      1.9061
0.013039      7.2993      3.4906      0.7977
0.012843      7.2464      2.7924      2.0133
0.013701      7.2464      2.8797      2.3209
0.014347      7.2464       2.967      5.3848
0.014748      7.2464      3.0542      1.1368
0.014884      7.2464      3.1415     0.62384
0.014748      7.2464      3.2288     0.11079
0.014347      7.2464       3.316       5.013
0.013701      7.2464      3.4033      1.6118
0.012843      7.2464      3.4906      2.2608
0.01265      7.1942      2.7924        5.08
0.01348      7.1942      2.8797      3.5577
0.014104      7.1942       2.967      4.9138
0.014491      7.1942      3.0542      3.0649
0.014622      7.1942      3.1415      2.7744
0.014491      7.1942      3.2288      2.1233
0.014104      7.1942       3.316     0.34419
0.01348      7.1942      3.4033        4.35
0.01265      7.1942      3.4906     0.11135
0.01246      7.1429      2.7924      2.6478
0.013263      7.1429      2.8797      5.5377
0.013866      7.1429       2.967   0.0093019
0.014239      7.1429      3.0542      3.1459
0.014366      7.1429      3.1415      4.7424
0.014239      7.1429      3.2288      4.2442
0.013866      7.1429       3.316      1.1379
0.013263      7.1429      3.4033       6.258
0.01246      7.1429      3.4906      5.6011
0.012274      7.0922      2.7924      4.3729
0.013051      7.0922      2.8797     0.64091
0.013633      7.0922       2.967      5.4767
0.013994      7.0922      3.0542      5.7072
0.014116      7.0922      3.1415      5.6929
0.013994      7.0922      3.2288      3.5633
0.013633      7.0922       3.316       2.565
0.013051      7.0922      3.4033     0.63231
0.012274      7.0922      3.4906      3.4172
0.012091      7.0423      2.7924      2.7657
0.012842      7.0423      2.8797      3.9617
0.013405      7.0423       2.967      1.3477
0.013754      7.0423      3.0542      4.0199
0.013872      7.0423      3.1415      6.0846
0.013754      7.0423      3.2288      4.3806
0.013405      7.0423       3.316      5.5552
0.012842      7.0423      3.4033      5.8233
0.012091      7.0423      3.4906      5.9391
0.011912       6.993      2.7924      3.2539
0.012639       6.993      2.8797      1.1195
0.013182       6.993       2.967      5.1645
0.013519       6.993      3.0542      0.3073
0.013633       6.993      3.1415     0.81149
0.013519       6.993      3.2288      5.8553
0.013182       6.993       3.316      1.7649
0.012639       6.993      3.4033      5.9318
0.011912       6.993      3.4906      4.2997
0.011736      6.9444      2.7924      4.2357
0.012439      6.9444      2.8797      2.3668
0.012965      6.9444       2.967      5.4543
0.01329      6.9444      3.0542      3.5093
0.0134      6.9444      3.1415      1.9061
0.01329      6.9444      3.2288      5.3358
0.012965      6.9444       3.316      4.9294
0.012439      6.9444      3.4033      6.0985
0.011736      6.9444      3.4906      6.1463
0.011562      6.8966      2.7924      3.7903
0.012243      6.8966      2.8797     0.09379
0.012752      6.8966       2.967      1.6143
0.013066      6.8966      3.0542       1.948
0.013172      6.8966      3.1415      1.4281
0.013066      6.8966      3.2288      4.5399
0.012752      6.8966       3.316      4.0785
0.012243      6.8966      3.4033      5.8406
0.011562      6.8966      3.4906      3.4179
0.011392      6.8493      2.7924      2.7761
0.012051      6.8493      2.8797      4.0226
0.012543      6.8493       2.967      1.3834
0.012847      6.8493      3.0542     0.31102
0.01295      6.8493      3.1415      1.3223
0.012847      6.8493      3.2288      5.4297
0.012543      6.8493       3.316     0.69642
0.012051      6.8493      3.4033      6.0629
0.011392      6.8493      3.4906      2.5362
0.011225      6.8027      2.7924      1.1458
0.011863      6.8027      2.8797      3.5363
0.012339      6.8027       2.967      2.5909
0.012633      6.8027      3.0542      4.9536
0.012732      6.8027      3.1415       0.484
0.012633      6.8027      3.2288     0.17116
0.012339      6.8027       3.316      5.2894
0.011863      6.8027      3.4033     0.75823
0.011225      6.8027      3.4906      5.9855
0.011062      6.7568      2.7924      3.8463
0.011679      6.7568      2.8797      1.6557
0.01214      6.7568       2.967       4.376
0.012424      6.7568      3.0542      3.3075
0.01252      6.7568      3.1415      3.9519
0.012424      6.7568      3.2288      3.8995
0.01214      6.7568       3.316      4.5245
0.011679      6.7568      3.4033     0.28388
0.011062      6.7568      3.4906      5.0631
0.010901      6.7114      2.7924      2.4783
0.011499      6.7114      2.8797      1.0368
0.011944      6.7114       2.967      5.6377
0.012219      6.7114      3.0542      5.6066
0.012312      6.7114      3.1415      5.3096
0.012219      6.7114      3.2288       3.751
0.011944      6.7114       3.316      2.6247
0.011499      6.7114      3.4033      3.4999
0.010901      6.7114      3.4906      3.4173
0.010742      6.6667      2.7924      4.5142
0.011322      6.6667      2.8797      2.3422
0.011753      6.6667       2.967      1.5091
0.012019      6.6667      3.0542      4.2021
0.012109      6.6667      3.1415     0.23045
0.012019      6.6667      3.2288      2.4226
0.011753      6.6667       3.316        4.92
0.011322      6.6667      3.4033      2.1581
0.010742      6.6667      3.4906      3.5563
0.010587      6.6225      2.7924      1.9996
0.011149      6.6225      2.8797      6.2395
0.011566      6.6225       2.967     0.17168
0.011824      6.6225      3.0542      1.7124
0.011911      6.6225      3.1415      3.1562
0.011824      6.6225      3.2288      2.3227
0.011566      6.6225       3.316      1.3944
0.011149      6.6225      3.4033      2.4276
0.010587      6.6225      3.4906      5.0532
0.010435      6.5789      2.7924      4.9298
0.010979      6.5789      2.8797       4.118
0.011383      6.5789       2.967      2.2457
0.011633      6.5789      3.0542        2.13
0.011717      6.5789      3.1415     0.33111
0.011633      6.5789      3.2288      5.4214
0.011383      6.5789       3.316       0.464
0.010979      6.5789      3.4033      4.3014
0.010435      6.5789      3.4906      3.6038
0.010285      6.5359      2.7924      2.7077
0.010813      6.5359      2.8797      3.0547
0.011204      6.5359       2.967      4.2632
0.011445      6.5359      3.0542      1.2768
0.011527      6.5359      3.1415      2.3139
0.011445      6.5359      3.2288      4.7744
0.011204      6.5359       3.316     0.65972
0.010813      6.5359      3.4033      4.0157
0.010285      6.5359      3.4906      4.7472
0.010138      6.4935      2.7924      4.0601
0.010649      6.4935      2.8797      4.1997
0.011029      6.4935       2.967      3.7213
0.011262      6.4935      3.0542      4.6514
0.011341      6.4935      3.1415      2.9158
0.011262      6.4935      3.2288     0.90211
0.011029      6.4935       3.316      2.0025
0.010649      6.4935      3.4033       5.327
0.010138      6.4935      3.4906      4.1331
0.0099938      6.4516      2.7924      2.4438
0.01049      6.4516      2.8797      5.7616
0.010857      6.4516       2.967      3.3149
0.011083      6.4516      3.0542      0.9984
0.01116      6.4516      3.1415      4.3542
0.011083      6.4516      3.2288      4.9221
0.010857      6.4516       3.316      5.3182
0.01049      6.4516      3.4033      2.8732
0.0099938      6.4516      3.4906     0.55894
0.0098521      6.4103      2.7924     0.85213
0.010333      6.4103      2.8797      3.5896
0.010689      6.4103       2.967      3.9177
0.010908      6.4103      3.0542      4.3802
0.010982      6.4103      3.1415       2.612
0.010908      6.4103      3.2288     0.87167
0.010689      6.4103       3.316      1.9483
0.010333      6.4103      3.4033      4.4757
0.0098521      6.4103      3.4906      1.3348
0.0097129      6.3694      2.7924      4.6105
0.010179      6.3694      2.8797      2.4462
0.010524      6.3694       2.967     0.13259
0.010737      6.3694      3.0542      4.0892
0.010808      6.3694      3.1415      3.9857
0.010737      6.3694      3.2288      4.5139
0.010524      6.3694       3.316      5.0366
0.010179      6.3694      3.4033      4.2779
0.0097129      6.3694      3.4906      1.7403
0.0095762      6.3291      2.7924       4.112
0.010028      6.3291      2.8797      4.8051
0.010363      6.3291       2.967      1.8345
0.010569      6.3291      3.0542      5.1426
0.010638      6.3291      3.1415     0.48833
0.010569      6.3291      3.2288      5.7105
0.010363      6.3291       3.316      6.2684
0.010028      6.3291      3.4033      2.6313
0.0095762      6.3291      3.4906      1.6707
0.009442      6.2893      2.7924      1.6334
0.0098808      6.2893      2.8797      2.1369
0.010205      6.2893       2.967      4.9547
0.010405      6.2893      3.0542      3.9992
0.010472      6.2893      3.1415      4.6949
0.010405      6.2893      3.2288      5.6747
0.010205      6.2893       3.316      6.2828
0.0098808      6.2893      3.4033      6.1398
0.009442      6.2893      3.4906      2.9906
0.0093102        6.25      2.7924      3.0016
0.009736        6.25      2.8797     0.43107
0.010051        6.25       2.967      1.9146
0.010244        6.25      3.0542      5.7998
0.010309        6.25      3.1415      4.3112
0.010244        6.25      3.2288      1.7993
0.010051        6.25       3.316      2.7262
0.009736        6.25      3.4033      2.3084
0.0093102        6.25      3.4906      3.1431
0.0091807      6.2112      2.7924     0.99027
0.0095939      6.2112      2.8797      2.8121
0.0098992      6.2112       2.967      5.7473
0.010087      6.2112      3.0542     0.55774
0.01015      6.2112      3.1415       2.338
0.010087      6.2112      3.2288     0.32991
0.0098992      6.2112       3.316      5.1669
0.0095939      6.2112      3.4033      5.0581
0.0091807      6.2112      3.4906      5.2969
0.0090535      6.1728      2.7924      4.1595
0.0094546      6.1728      2.8797      6.0382
0.0097508      6.1728       2.967      3.7562
0.0099325      6.1728      3.0542      5.5189
0.0099938      6.1728      3.1415     0.32943
0.0099325      6.1728      3.2288     0.14571
0.0097508      6.1728       3.316      1.2894
0.0094546      6.1728      3.4033      3.6299
0.0090535      6.1728      3.4906      4.8458
0.0089286       6.135      2.7924      5.4793
0.0093181       6.135      2.8797     0.50803
0.0096054       6.135       2.967      5.3408
0.0097817       6.135      3.0542      5.8459
0.009841       6.135      3.1415      3.3779
0.0097817       6.135      3.2288     0.33083
0.0096054       6.135       3.316      5.5718
0.0093181       6.135      3.4033      1.0043
0.0089286       6.135      3.4906      4.9997
0.008806      6.0976      2.7924      1.9307
0.0091841      6.0976      2.8797      4.0996
0.009463      6.0976       2.967      5.4932
0.0096339      6.0976      3.0542     0.91344
0.0096915      6.0976      3.1415      5.4621
0.0096339      6.0976      3.2288      5.4177
0.009463      6.0976       3.316      4.6967
0.0091841      6.0976      3.4033      4.1939
0.008806      6.0976      3.4906      5.8538
0.0086855      6.0606      2.7924      2.4694
0.0090527      6.0606      2.8797      2.7901
0.0093234      6.0606       2.967      1.3659
0.0094892      6.0606      3.0542      5.0068
0.0095451      6.0606      3.1415      5.4664
0.0094892      6.0606      3.2288      4.5629
0.0093234      6.0606       3.316     0.81088
0.0090527      6.0606      3.4033     0.59421
0.0086855      6.0606      3.4906     0.58852
