
[NumberOfWaves] 1053
=================================
0.00239677      11.9048      2.66952      1.98799
0.00250965      11.9048      2.66952      2.11416
0.00259319      11.9048       3.1415      3.44371
0.00264452      11.9048       3.1415      1.79195
0.00266183      11.9048       3.1415      5.75434
0.00264452      11.9048       3.1415       4.2139
0.00259319      11.9048       3.1415      4.93524
0.00250965      11.9048      3.61348      1.14982
0.00239677      11.9048      3.61348     0.885186
0.00267067      11.7647      2.67562     0.350244
0.00280431      11.7647      2.67562      3.88524
0.00290345      11.7647       3.1415       3.7066
0.00296445      11.7647       3.1415      2.35635
0.00298504      11.7647       3.1415      0.14211
0.00296445      11.7647       3.1415      1.00058
0.00290345      11.7647       3.1415      3.18405
0.00280431      11.7647      3.60738       4.9458
0.00267067      11.7647      3.60738      4.78788
0.00295233      11.6279      2.68157      5.87036
0.00310919      11.6279      2.68157      4.99612
0.00322585      11.6279       3.1415      2.85412
0.00329775      11.6279       3.1415      2.16386
0.00332204      11.6279       3.1415     0.834758
0.00329775      11.6279       3.1415      3.52623
0.00322585      11.6279       3.1415      1.30445
0.00310919      11.6279      3.60143     0.741436
0.00295233      11.6279      3.60143      4.82317
0.00323959      11.4943      2.68737      2.87293
0.00342224      11.4943      2.68737      4.56047
0.00355844      11.4943       3.1415     0.670557
0.00364253      11.4943       3.1415      2.75912
0.00367096      11.4943       3.1415      3.50207
0.00364253      11.4943       3.1415      5.37563
0.00355844      11.4943       3.1415      5.72965
0.00342224      11.4943      3.59563      2.20741
0.00323959      11.4943      3.59563      2.33955
0.00353031      11.3636      2.69303     0.642345
0.00374139      11.3636      2.69303      4.13166
0.00389923      11.3636       3.1415      1.37478
0.00399686      11.3636       3.1415      5.44379
0.0040299      11.3636       3.1415      2.47176
0.00399686      11.3636       3.1415      2.85176
0.00389923      11.3636       3.1415      1.14196
0.00374139      11.3636      3.58997     0.423716
0.00353031      11.3636      3.58997      4.92935
0.00382234       11.236      2.69854      5.03813
0.00406458       11.236      2.69854      2.91166
0.00424624       11.236       3.1415      5.35577
0.00435882       11.236       3.1415      3.93095
0.00439696       11.236       3.1415      1.13402
0.00435882       11.236       3.1415     0.188931
0.00424624       11.236       3.1415     0.815398
0.00406458       11.236      3.58446      1.98295
0.00382234       11.236      3.58446      4.59623
0.00411362      11.1111      2.70393      4.85664
0.0043898      11.1111      2.70393     0.933458
0.00459753      11.1111       3.1415      5.00001
0.00472652      11.1111       3.1415      1.03886
0.00477026      11.1111       3.1415      4.50556
0.00472652      11.1111       3.1415     0.493573
0.00459753      11.1111       3.1415      2.47466
0.0043898      11.1111      3.57907      5.12586
0.00411362      11.1111      3.57907      3.32983
0.0044022       10.989      2.70919      5.95224
0.00471512       10.989      2.70919      1.98971
0.00495123       10.989       3.1415      3.63261
0.00509816       10.989       3.1415      1.19521
0.00514803       10.989       3.1415      2.46458
0.00509816       10.989       3.1415      6.27519
0.00495123       10.989       3.1415      2.15939
0.00471512       10.989      3.57381      5.70855
0.0044022       10.989      3.57381      4.38344
0.00468626      10.8696      2.71432     0.187046
0.00503877      10.8696      2.71432      3.02386
0.00530563      10.8696       3.1415        4.253
0.00547205      10.8696       3.1415       2.5288
0.00552861      10.8696       3.1415     0.968154
0.00547205      10.8696       3.1415      3.52582
0.00530563      10.8696       3.1415      5.96461
0.00503877      10.8696      3.56868      6.02725
0.00468626      10.8696      3.56868       6.2198
0.00496417      10.7527      2.71934      5.25267
0.00535913      10.7527      2.71934      4.10958
0.00565915      10.7527       3.1415      5.46101
0.00584668      10.7527       3.1415      5.42708
0.00591048      10.7527       3.1415      4.78717
0.00584668      10.7527       3.1415      1.03838
0.00565915      10.7527       3.1415     0.499336
0.00535913      10.7527      3.56366      3.19738
0.00496417      10.7527      3.56366     0.584572
0.0052345      10.6383      2.72424      2.75107
0.00567479      10.6383      2.72424      1.96012
0.00601044      10.6383       3.1415       2.3822
0.00622075      10.6383       3.1415      6.25531
0.00629238      10.6383       3.1415      5.46302
0.00622075      10.6383       3.1415       5.9557
0.00601044      10.6383       3.1415       1.5978
0.00567479      10.6383      3.55876     0.304673
0.0052345      10.6383      3.55876      5.22644
0.00549611      10.5263      2.72904      4.32726
0.0059846      10.5263      2.72904      3.74481
0.0063584      10.5263       3.1415      1.34921
0.00659319      10.5263       3.1415      3.36247
0.00667326      10.5263       3.1415     0.350312
0.00659319      10.5263       3.1415      2.70828
0.0063584      10.5263       3.1415      1.19841
0.0059846      10.5263      3.55396      2.05941
0.00549611      10.5263      3.55396       5.8913
0.00574811      10.4167      2.73373      5.32401
0.00628772      10.4167      2.73373      1.61463
0.00670224      10.4167       3.1415      2.36998
0.00696328      10.4167       3.1415      4.60867
0.00705242      10.4167       3.1415      4.91471
0.00696328      10.4167       3.1415    0.0731156
0.00670224      10.4167       3.1415      1.39298
0.00628772      10.4167      3.54927     0.421412
0.00574811      10.4167      3.54927      4.43362
0.00598997      10.3093      2.73831      5.50349
0.00658362      10.3093      2.73831      1.74342
0.00704152      10.3093       3.1415      4.35289
0.00733065      10.3093       3.1415     0.873422
0.00742952      10.3093       3.1415      2.35467
0.00733065      10.3093       3.1415      5.25182
0.00704152      10.3093       3.1415      4.37139
0.00658362      10.3093      3.54469      4.36605
0.00598997      10.3093      3.54469      5.36167
0.00622151      10.2041       2.7428       1.8509
0.00687219      10.2041       2.7428      4.09003
0.00737621      10.2041       3.1415      1.87628
0.00769537      10.2041       3.1415      5.93541
0.00780466      10.2041       3.1415       4.9057
0.00769537      10.2041       3.1415      5.18359
0.00737621      10.2041       3.1415      4.62545
0.00687219      10.2041       3.5402      4.98664
0.00622151      10.2041       3.5402       2.5456
0.00644296       10.101      2.74719     0.820635
0.00715376       10.101      2.74719      1.00249
0.00770679       10.101       3.1415      5.13097
0.00805801       10.101       3.1415     0.191972
0.00817844       10.101       3.1415       3.4179
0.00805801       10.101       3.1415      5.17403
0.00770679       10.101       3.1415      5.95878
0.00715376       10.101      3.53581      2.89187
0.00644296       10.101      3.53581      0.43667
0.00665502           10       2.7515      3.28224
0.00742917           10       2.7515      1.23057
0.00803426           10       3.1415       1.8768
0.00841971           10       3.1415      6.13042
0.00855209           10       3.1415      1.03868
0.00841971           10       3.1415      4.88409
0.00803426           10       3.1415      2.14488
0.00742917           10       3.5315      2.97879
0.00665502           10       3.5315     0.629787
0.0068588       9.901      2.7557     0.37812
0.0076998       9.901      2.7557      5.4142
0.0083602       9.901      3.1415     0.44529
0.0087823       9.901      3.1415      5.5466
0.0089275       9.901      3.1415      2.4745
0.0087823       9.901      3.1415      2.7648
0.0083602       9.901      3.1415      2.2036
0.0076998       9.901      3.5273     0.20326
0.0068588       9.901      3.5273      4.5587
0.007056      9.8039      2.7598       2.221
0.0079675      9.8039      2.7598      4.0278
0.0086869      9.8039      3.1415      4.8479
0.0091482      9.8039      3.1415      4.2541
0.0093072      9.8039      3.1415      3.0527
0.0091482      9.8039      3.1415      5.1026
0.0086869      9.8039      3.1415     0.47749
0.0079675      9.8039      3.5232     0.17802
0.007056      9.8039      3.5232      2.7237
0.0072486      9.7087      2.7639     0.90147
0.0082349      9.7087      2.7639      5.0769
0.0090174      9.7087      3.1415    0.011025
0.0095208      9.7087      3.1415     0.60456
0.0096946      9.7087      3.1415      2.6494
0.0095208      9.7087      3.1415      1.4772
0.0090174      9.7087      3.1415      6.0084
0.0082349      9.7087      3.5191      2.3341
0.0072486      9.7087      3.5191       3.087
0.0074394      9.6154      2.7678      1.6808
0.0085051      9.6154      2.7678      3.6208
0.0093552      9.6154      3.1415      3.2674
0.0099041      9.6154      3.1415      6.1502
0.010094      9.6154      3.1415      4.1514
0.0099041      9.6154      3.1415      5.3169
0.0093552      9.6154      3.1415     0.54752
0.0085051      9.6154      3.5152      2.6569
0.0074394      9.6154      3.5152     0.26016
0.0076311      9.5238      2.7717      3.7832
0.0087818      9.5238      2.7717      4.5957
0.0097048      9.5238      3.1415       4.289
0.010303      9.5238      3.1415     0.38346
0.01051      9.5238      3.1415      4.2505
0.010303      9.5238      3.1415      1.9294
0.0097048      9.5238      3.1415      2.1883
0.0087818      9.5238      3.5113      4.5646
0.0076311      9.5238      3.5113     0.67286
0.0078273       9.434      2.7756      1.5865
0.0090691       9.434      2.7756      2.7578
0.010071       9.434      3.1415      3.6893
0.010723       9.434      3.1415      1.9289
0.010949       9.434      3.1415      2.7361
0.010723       9.434      3.1415      1.9498
0.010071       9.434      3.1415       5.755
0.0090691       9.434      3.5074      4.1369
0.0078273       9.434      3.5074      1.1115
0.0080313      9.3458      2.7793      4.0532
0.0093717      9.3458      2.7793     0.22174
0.010459      9.3458      3.1415      4.9171
0.01117      9.3458      3.1415    0.011334
0.011417      9.3458      3.1415      2.4159
0.01117      9.3458      3.1415      4.2251
0.010459      9.3458      3.1415     0.24812
0.0093717      9.3458      3.5037      2.7316
0.0080313      9.3458      3.5037      1.0956
0.0082468      9.2593       2.783      3.6643
0.0096941      9.2593       2.783      1.2003
0.010876      9.2593      3.1415      2.4104
0.011651      9.2593      3.1415      5.5427
0.011921      9.2593      3.1415    0.011569
0.011651      9.2593      3.1415      4.2737
0.010876      9.2593      3.1415       1.775
0.0096941      9.2593         3.5      5.1609
0.0082468      9.2593         3.5      1.8479
0.0084772      9.1743      2.7866       2.451
0.010041      9.1743      2.7866      5.9756
0.011327      9.1743      3.1415      5.2479
0.012174      9.1743      3.1415      5.5932
0.012469      9.1743      3.1415      5.8595
0.012174      9.1743      3.1415     0.81277
0.011327      9.1743      3.1415      2.1883
0.010041      9.1743      3.4964      4.4836
0.0084772      9.1743      3.4964      3.9278
0.0087253      9.0909      2.7901      5.2376
0.010417      9.0909      2.7901      1.3854
0.011817      9.0909      2.7901      2.0063
0.012744      9.0909      3.1415      1.3784
0.013068      9.0909      3.1415     0.17615
0.012744      9.0909      3.1415      4.2738
0.011817      9.0909      3.4929      1.7979
0.010417      9.0909      3.4929     0.19346
0.0087253      9.0909      3.4929      1.7872
0.0089935       9.009      2.7936      0.7112
0.010826       9.009      2.7936     0.45001
0.012353       9.009      2.7936      3.6505
0.013368       9.009      3.1415    0.068868
0.013724       9.009      3.1415      5.2997
0.013368       9.009      3.1415     0.41507
0.012353       9.009      3.4894      3.0416
0.010826       9.009      3.4894      1.0204
0.0089935       9.009      3.4894      2.6512
0.0092829      8.9286       2.797      5.4226
0.01127      8.9286       2.797      4.1242
0.012937      8.9286       2.797      6.0472
0.014051      8.9286      3.1415      2.4866
0.014442      8.9286      3.1415      2.5882
0.014051      8.9286      3.1415      4.8961
0.012937      8.9286       3.486      5.6676
0.01127      8.9286       3.486      4.2053
0.0092829      8.9286       3.486      1.0768
0.0095929      8.8496      2.8003      2.0092
0.011749      8.8496      2.8003       1.704
0.013572      8.8496      2.8003      1.4501
0.014796      8.8496      3.1415      4.4138
0.015228      8.8496      3.1415      1.9444
0.014796      8.8496      3.1415      6.1188
0.013572      8.8496      3.4827      5.4187
0.011749      8.8496      3.4827       3.894
0.0095929      8.8496      3.4827      5.5256
0.0099214      8.7719      2.8036      1.9296
0.012263      8.7719      2.8036      3.9344
0.014258      8.7719      2.8036      3.9833
0.015604      8.7719      3.1415      1.8924
0.01608      8.7719      3.1415      3.6627
0.015604      8.7719      3.1415     0.67653
0.014258      8.7719      3.4794      5.0164
0.012263      8.7719      3.4794      5.4985
0.0099214      8.7719      3.4794      4.0693
0.010263      8.6957      2.8069       0.346
0.012806      8.6957      2.8069       5.897
0.01499      8.6957      2.8069     0.36417
0.016472      8.6957      3.1415      1.5654
0.016997      8.6957      3.1415      2.3569
0.016472      8.6957      3.1415      2.5982
0.01499      8.6957      3.4761      1.0379
0.012806      8.6957      3.4761      5.9184
0.010263      8.6957      3.4761      0.8045
0.010612      8.6207      2.8101      4.7461
0.013371      8.6207      2.8101      4.0221
0.015761      8.6207      2.8101      1.9265
0.017391      8.6207      3.1415     0.72706
0.01797      8.6207      3.1415      6.0037
0.017391      8.6207      3.1415      5.1781
0.015761      8.6207      3.4729     0.95626
0.013371      8.6207      3.4729      2.4685
0.010612      8.6207      3.4729      2.9075
0.010955       8.547      2.8132      4.6357
0.013945       8.547      2.8132      5.5017
0.016556       8.547      2.8132      6.1187
0.018348       8.547      3.1415      4.5481
0.018986       8.547      3.1415      3.9138
0.018348       8.547      3.1415      5.2909
0.016556       8.547      3.4698      2.3752
0.013945       8.547      3.4698      5.6464
0.010955       8.547      3.4698      4.9558
0.011282      8.4746      2.8163        5.71
0.014511      8.4746      2.8163      2.6477
0.017358      8.4746      2.8163      0.4435
0.019323      8.4746      3.1415       5.702
0.020025      8.4746      3.1415      3.8498
0.019323      8.4746      3.1415      4.7144
0.017358      8.4746      3.4667      3.6467
0.014511      8.4746      3.4667      6.2486
0.011282      8.4746      3.4667      1.0421
0.011575      8.4034      2.8193      4.4535
0.015051      8.4034      2.8193      1.0474
0.018143      8.4034      2.8193     0.49844
0.02029      8.4034      3.1415      3.9839
0.021059      8.4034      3.1415       3.465
0.02029      8.4034      3.1415      4.8522
0.018143      8.4034      3.4637     0.34483
0.015051      8.4034      3.4637     0.29305
0.011575      8.4034      3.4637      3.6599
0.011818      8.3333      2.8223       4.786
0.01554      8.3333      2.8223       1.164
0.018883      8.3333      2.8223      3.3675
0.021218      8.3333      3.1415      3.6045
0.022058      8.3333      3.1415      3.8008
0.021218      8.3333      3.1415     0.25629
0.018883      8.3333      3.4607      1.6972
0.01554      8.3333      3.4607      1.1243
0.011818      8.3333      3.4607      3.3157
0.011993      8.2645      2.8252      4.6185
0.015954      8.2645      2.8252      5.7655
0.019547      8.2645      2.8252     0.19225
0.022073      8.2645      3.1415      5.1786
0.022985      8.2645      3.1415      5.3242
0.022073      8.2645      3.1415      2.9507
0.019547      8.2645      3.4578      2.3267
0.015954      8.2645      3.4578     0.47523
0.011993      8.2645      3.4578      1.0678
0.012084      8.1967      2.8281       4.222
0.01627      8.1967      2.8281      3.7078
0.020104      8.1967      2.8281      4.1957
0.022819      8.1967      3.1415       2.829
0.023802      8.1967      3.1415      4.9758
0.022819      8.1967      3.1415      2.8638
0.020104      8.1967      3.4549      5.6199
0.01627      8.1967      3.4549     0.45587
0.012084      8.1967      3.4549      3.9924
0.012079      8.1301      2.8309      5.0806
0.016465      8.1301      2.8309      2.0175
0.020526      8.1301      2.8309      3.3681
0.023421      8.1301      3.1415      5.4416
0.024472      8.1301      3.1415      3.3565
0.023421      8.1301      3.1415      4.9863
0.020526      8.1301      3.4521      3.6833
0.016465      8.1301      3.4521      5.5385
0.012079      8.1301      3.4521      2.7845
0.011968      8.0645      2.8337     0.58535
0.016525      8.0645      2.8337        5.84
0.020789      8.0645      2.8337      2.6299
0.023851      8.0645      3.1415      3.3093
0.024967      8.0645      3.1415      4.3412
0.023851      8.0645      3.1415     0.34341
0.020789      8.0645      3.4493      2.1388
0.016525      8.0645      3.4493      4.9811
0.011968      8.0645      3.4493    0.041123
0.011751           8      2.8365     0.34055
0.016441           8      2.8365       1.722
0.020879           8      2.8365       2.246
0.024088           8      3.1415      4.9074
0.025263           8      3.1415      1.1865
0.024088           8      3.1415      2.5539
0.020879           8      3.4465      4.3601
0.016441           8      3.4465      5.2116
0.011751           8      3.4465      3.4316
0.011853      7.9365      2.8392      5.7322
0.016474      7.9365      2.8392      5.7655
0.020822      7.9365      2.8392      3.8863
0.023956      7.9365      3.1415      5.7205
0.025101      7.9365      3.1415      5.6161
0.023956      7.9365      3.1415      2.1695
0.020822      7.9365      3.4438      6.2603
0.016474      7.9365      3.4438      5.5935
0.011853      7.9365      3.4438      2.2859
0.011889       7.874      2.8418      4.9189
0.016418       7.874      2.8418      2.0629
0.020657       7.874      2.8418     0.98459
0.0237       7.874      3.1415      4.6462
0.02481       7.874      3.1415      3.9692
0.0237       7.874      3.1415      3.7692
0.020657       7.874      3.4412      1.5115
0.016418       7.874      3.4412       1.774
0.011889       7.874      3.4412      5.0185
0.011861      7.8125      2.8445      3.6878
0.016277      7.8125      2.8445      1.8959
0.020389      7.8125      2.8445      1.8605
0.02333      7.8125      3.1415       1.415
0.024401      7.8125      3.1415      3.1757
0.02333      7.8125      3.1415      3.5501
0.020389      7.8125      3.4385     0.43287
0.016277      7.8125      3.4385      1.0298
0.011861      7.8125      3.4385      3.2076
0.011774      7.7519      2.8471      3.4025
0.016059      7.7519      2.8471      3.2046
0.020028      7.7519      2.8471       0.766
0.022858      7.7519      3.1415     0.97857
0.023886      7.7519      3.1415      2.5707
0.022858      7.7519      3.1415      4.3582
0.020028      7.7519      3.4359      4.9056
0.016059      7.7519      3.4359      3.9983
0.011774      7.7519      3.4359      3.6555
0.011632      7.6923      2.8496      6.1243
0.015771      7.6923      2.8496      3.3277
0.019586      7.6923      2.8496      1.8118
0.022298      7.6923      3.1415      1.2328
0.023281      7.6923      3.1415      1.3532
0.022298      7.6923      3.1415      2.7498
0.019586      7.6923      3.4334      3.5621
0.015771      7.6923      3.4334      5.7526
0.011632      7.6923      3.4334       1.986
0.011444      7.6336      2.8521      1.7657
0.015427      7.6336      2.8521      3.8885
0.01908      7.6336      2.8521      1.3851
0.021668      7.6336      3.1415      1.0808
0.022605      7.6336      3.1415     0.10315
0.021668      7.6336      3.1415      3.2441
0.01908      7.6336      3.4309    0.015181
0.015427      7.6336      3.4309      3.4934
0.011444      7.6336      3.4309      3.4917
0.011217      7.5758      2.8546     0.46326
0.015037      7.5758      2.8546      2.4938
0.018523      7.5758      2.8546      4.8518
0.020985      7.5758      3.1415      3.5972
0.021875      7.5758      3.1415      2.5325
0.020985      7.5758      3.1415       3.288
0.018523      7.5758      3.4284       2.466
0.015037      7.5758      3.4284     0.42112
0.011217      7.5758      3.4284      4.8914
0.010961      7.5188      2.8571      4.8022
0.014613      7.5188      2.8571      3.5721
0.017932      7.5188      2.8571      3.8607
0.020268      7.5188      3.1415      3.6999
0.021111      7.5188      3.1415      3.8743
0.020268      7.5188      3.1415      1.5065
0.017932      7.5188      3.4259      4.9704
0.014613      7.5188      3.4259      4.4336
0.010961      7.5188      3.4259      4.6361
0.010685      7.4627      2.8595     0.86968
0.014169      7.4627      2.8595    0.034495
0.01732      7.4627      2.8595      4.6401
0.019532      7.4627      3.1415      5.0942
0.02033      7.4627      3.1415      3.5481
0.019532      7.4627      3.1415     0.34985
0.01732      7.4627      3.4235        2.03
0.014169      7.4627      3.4235      5.8659
0.010685      7.4627      3.4235      5.3579
0.010395      7.4074      2.8619       4.315
0.013714      7.4074      2.8619      1.0508
0.016702      7.4074      2.8619      4.2703
0.018794      7.4074      3.1415     0.49993
0.019547      7.4074      3.1415      3.5248
0.018794      7.4074      3.1415      2.8842
0.016702      7.4074      3.4211      4.1786
0.013714      7.4074      3.4211      2.7275
0.010395      7.4074      3.4211     0.19291
0.010101      7.3529      2.8642      2.7797
0.013258      7.3529      2.8642      2.9346
0.016089      7.3529      2.8642    0.065245
0.018065      7.3529      3.1415      3.7293
0.018775      7.3529      3.1415      1.8951
0.018065      7.3529      3.1415      5.1893
0.016089      7.3529      3.4188      5.7547
0.013258      7.3529      3.4188      1.6798
0.010101      7.3529      3.4188      1.8599
0.0098082      7.2993      2.8665     0.58101
0.01281      7.2993      2.8665      4.5604
0.015491      7.2993      2.8665      4.5078
0.017357      7.2993      3.1415      3.9009
0.018027      7.2993      3.1415      2.3631
0.017357      7.2993      3.1415      3.9625
0.015491      7.2993      3.4165      3.2501
0.01281      7.2993      3.4165      4.0852
0.0098082      7.2993      3.4165      5.4741
0.0095218      7.2464      2.8688      2.0798
0.012377      7.2464      2.8688      3.5031
0.014916      7.2464      2.8688     0.17978
0.016678      7.2464      3.1415      1.3877
0.01731      7.2464      3.1415      4.9359
0.016678      7.2464      3.1415      1.8278
0.014916      7.2464      3.4142     0.35928
0.012377      7.2464      3.4142      4.3912
0.0095218      7.2464      3.4142      4.0106
0.0092464      7.1942      2.8711      4.0696
0.011963      7.1942      2.8711      5.5454
0.014368      7.1942      2.8711      1.0309
0.016034      7.1942      3.1415      4.1887
0.01663      7.1942      3.1415      2.4076
0.016034      7.1942      3.1415      4.3555
0.014368      7.1942      3.4119      1.9111
0.011963      7.1942      3.4119      4.0816
0.0092464      7.1942      3.4119       2.259
0.0089851      7.1429      2.8733      5.7355
0.011571      7.1429      2.8733      2.4427
0.013853      7.1429      2.8733        4.26
0.015429      7.1429      3.1415       4.729
0.015993      7.1429      3.1415      1.2528
0.015429      7.1429      3.1415      4.2619
0.013853      7.1429      3.4097      4.9699
0.011571      7.1429      3.4097      4.5628
0.0089851      7.1429      3.4097      1.1008
0.00874      7.0922      2.8755     0.64851
0.011206      7.0922      2.8755      5.1366
0.013373      7.0922      2.8755      6.1579
0.014866      7.0922      3.1415      4.7228
0.015399      7.0922      3.1415      5.7159
0.014866      7.0922      3.1415      3.8233
0.013373      7.0922      3.4075      2.8852
0.011206      7.0922      3.4075     0.28847
0.00874      7.0922      3.4075      3.7677
0.0085126      7.0423      2.8777      4.9097
0.010867      7.0423      2.8777      5.1398
0.012929      7.0423      2.8777      1.4016
0.014345      7.0423      3.1415      4.6048
0.01485      7.0423      3.1415      4.2571
0.014345      7.0423      3.1415      6.1077
0.012929      7.0423      3.4053      2.5861
0.010867      7.0423      3.4053     0.32186
0.0085126      7.0423      3.4053      1.9808
0.0083035       6.993      2.8798      1.9776
0.010555       6.993      2.8798      3.0959
0.01252       6.993      2.8798     0.34953
0.013866       6.993      3.1415     0.59678
0.014346       6.993      3.1415      1.5021
0.013866       6.993      3.1415       4.916
0.01252       6.993      3.4032      5.4589
0.010555       6.993      3.4032      3.9205
0.0083035       6.993      3.4032      2.0892
0.0081127      6.9444      2.8819      1.7043
0.01027      6.9444      2.8819     0.20089
0.012145      6.9444      2.8819       5.462
0.013428      6.9444      3.1415       1.556
0.013884      6.9444      3.1415      6.1914
0.013428      6.9444      3.1415     0.80163
0.012145      6.9444      3.4011      3.3485
0.01027      6.9444      3.4011      2.3787
0.0081127      6.9444      3.4011      4.9244
0.0079396      6.8966       2.884      5.7432
0.01001      6.8966       2.884      2.2689
0.011804      6.8966       2.884      5.7241
0.013029      6.8966      3.1415     0.74844
0.013464      6.8966      3.1415     0.21882
0.013029      6.8966      3.1415       5.683
0.011804      6.8966       3.399      5.8478
0.01001      6.8966       3.399      3.7069
0.0079396      6.8966       3.399     0.35466
0.0077836      6.8493      2.8861      5.5426
0.0097747      6.8493      2.8861      5.3375
0.011494      6.8493      2.8861      3.5734
0.012665      6.8493      3.1415      2.8939
0.013081      6.8493      3.1415     0.42476
0.012665      6.8493      3.1415      2.4077
0.011494      6.8493      3.3969      4.6519
0.0097747      6.8493      3.3969      3.2818
0.0077836      6.8493      3.3969      3.1211
0.0076435      6.8027      2.8881      5.2161
0.0095619      6.8027      2.8881      0.1054
0.011213      6.8027      2.8881      1.6591
0.012335      6.8027      3.1415     0.89156
0.012733      6.8027      3.1415     0.20715
0.012335      6.8027      3.1415      1.8178
0.011213      6.8027      3.3949      5.6162
0.0095619      6.8027      3.3949      1.0248
0.0076435      6.8027      3.3949      6.2138
0.0075182      6.7568      2.8902     0.82497
0.0093697      6.7568      2.8902       2.936
0.010959      6.7568      2.8902      2.3257
0.012036      6.7568      3.1415      4.1315
0.012417      6.7568      3.1415      5.4886
0.012036      6.7568      3.1415      1.8527
0.010959      6.7568      3.3928      1.7142
0.0093697      6.7568      3.3928     0.50824
0.0075182      6.7568      3.3928      1.1708
0.0074061      6.7114      2.8921      4.7751
0.0091961      6.7114      2.8921      5.7151
0.010728      6.7114      2.8921      4.0502
0.011764      6.7114      3.1415      3.2511
0.01213      6.7114      3.1415      4.4081
0.011764      6.7114      3.1415      0.2832
0.010728      6.7114      3.3909      5.5934
0.0091961      6.7114      3.3909      4.2261
0.0074061      6.7114      3.3909      1.0359
0.0073059      6.6667      2.8941      3.1576
0.0090393      6.6667      2.8941      3.3414
0.010518      6.6667      2.8941      3.9206
0.011516      6.6667      3.1415      6.0604
0.011869      6.6667      3.1415      3.5761
0.011516      6.6667      3.1415      3.6295
0.010518      6.6667      3.3889      5.8902
0.0090393      6.6667      3.3889     0.38678
0.0073059      6.6667      3.3889      4.1405
0.0072163      6.6225      2.8961     0.62452
0.0088971      6.6225      2.8961      3.8243
0.010326      6.6225      2.8961      5.0537
0.01129      6.6225      3.1415     0.20304
0.01163      6.6225      3.1415      3.2793
0.01129      6.6225      3.1415      1.8701
0.010326      6.6225      3.3869      4.1509
0.0088971      6.6225      3.3869      3.7555
0.0072163      6.6225      3.3869     0.38671
0.0071358      6.5789       2.898      5.5992
0.0087677      6.5789       2.898      5.9898
0.010152      6.5789       2.898      1.1364
0.011082      6.5789      3.1415     0.46208
0.01141      6.5789      3.1415      6.2078
0.011082      6.5789      3.1415      2.6885
0.010152      6.5789       3.385      4.7687
0.0087677      6.5789       3.385      5.8003
0.0071358      6.5789       3.385      5.4795
0.0070631      6.5359      2.8999      6.0528
0.0086495      6.5359      2.8999      1.8645
0.0099908      6.5359      2.8999      4.4612
0.010891      6.5359      3.1415      5.6616
0.011208      6.5359      3.1415      5.4926
0.010891      6.5359      3.1415      5.2061
0.0099908      6.5359      3.3831     0.22122
0.0086495      6.5359      3.3831      5.6933
0.0070631      6.5359      3.3831      3.9453
0.0069971      6.4935      2.9018      3.5976
0.0085406      6.4935      2.9018       4.638
0.0098421      6.4935      2.9018      3.1932
0.010714      6.4935      3.1415      5.4337
0.011021      6.4935      3.1415     0.88112
0.010714      6.4935      3.1415      4.1288
0.0098421      6.4935      3.3812      3.7258
0.0085406      6.4935      3.3812      3.2255
0.0069971      6.4935      3.3812      1.5369
0.0069367      6.4516      2.9036      6.1165
0.0084398      6.4516      2.9036      5.7566
0.0097038      6.4516      2.9036      4.0966
0.010549      6.4516      3.1415     0.69428
0.010847      6.4516      3.1415      3.2334
0.010549      6.4516      3.1415      3.0225
0.0097038      6.4516      3.3794     0.42832
0.0084398      6.4516      3.3794      2.4431
0.0069367      6.4516      3.3794      5.0591
0.0068808      6.4103      2.9055      4.9426
0.0083456      6.4103      2.9055     0.75382
0.0095742      6.4103      2.9055      2.5884
0.010394      6.4103      3.1415      5.0143
0.010683      6.4103      3.1415      1.5878
0.010394      6.4103      3.1415      3.6911
0.0095742      6.4103      3.3775      0.2308
0.0083456      6.4103      3.3775      4.2827
0.0068808      6.4103      3.3775      5.1949
0.0068285      6.3694      2.9073      4.3975
0.008257      6.3694      2.9073      2.2102
0.0094519      6.3694      2.9073      3.0733
0.010248      6.3694      3.1415      1.7852
0.010528      6.3694      3.1415      1.6711
0.010248      6.3694      3.1415       4.806
0.0094519      6.3694      3.3757      3.6717
0.008257      6.3694      3.3757      3.3838
0.0068285      6.3694      3.3757      6.2244
0.0067791      6.3291      2.9091      4.8326
0.0081728      6.3291      2.9091      3.6825
0.0093356      6.3291      2.9091      4.9689
0.010109      6.3291      3.1415      3.4489
0.010381      6.3291      3.1415     0.48015
0.010109      6.3291      3.1415      2.9801
0.0093356      6.3291      3.3739      5.3388
0.0081728      6.3291      3.3739      2.5325
0.0067791      6.3291      3.3739      1.4878
0.006732      6.2893      2.9109      3.4022
0.0080923      6.2893      2.9109      2.3178
0.0092244      6.2893      2.9109      4.7658
0.0099764      6.2893      3.1415      4.8319
0.01024      6.2893      3.1415      2.1759
0.0099764      6.2893      3.1415      6.0785
0.0092244      6.2893      3.3721      2.2355
0.0080923      6.2893      3.3721      1.2138
0.006732      6.2893      3.3721      0.5721
0.0066866        6.25      2.6706      1.9681
0.0080147        6.25      2.9127      6.0213
0.0091174        6.25      2.9127      4.0115
0.0098486        6.25      3.1415      1.3077
0.010105        6.25      3.1415       2.093
0.0098486        6.25      3.1415      2.1552
0.0091174        6.25      3.3703      5.6223
0.0080147        6.25      3.3703      3.1676
0.0066866        6.25      3.6124      3.5324
0.0066423      6.2112      2.6744      4.9595
0.0079393      6.2112      2.9144      2.2049
0.0090137      6.2112      2.9144      1.3834
0.0097251      6.2112      3.1415      5.1699
0.0099741      6.2112      3.1415     0.47777
0.0097251      6.2112      3.1415     0.51637
0.0090137      6.2112      3.3686      1.9459
0.0079393      6.2112      3.3686      5.3751
0.0066423      6.2112      3.6086        2.98
0.0065989      6.1728      2.6782      2.0372
0.0078659      6.1728      2.9161      2.8905
0.0089129      6.1728      2.9161      4.2358
0.0096051      6.1728      3.1415      3.6068
0.0098472      6.1728      3.1415      5.2955
0.0096051      6.1728      3.1415     0.47639
0.0089129      6.1728      3.3669      1.6326
0.0078659      6.1728      3.3669      4.3199
0.0065989      6.1728      3.6048      2.7174
0.006556       6.135      2.6819       2.034
0.0077938       6.135      2.9178     0.28947
0.0088144       6.135      2.9178      1.9499
0.0094881       6.135      3.1415      2.6805
0.0097236       6.135      3.1415      3.8676
0.0094881       6.135      3.1415      1.5269
0.0088144       6.135      3.3652      5.3074
0.0077938       6.135      3.3652      5.5466
0.006556       6.135      3.6011      5.8322
0.0065133      6.0976      2.6856       3.535
0.0077228      6.0976      2.9195      1.9037
0.0087178      6.0976      2.9195      4.8388
0.0093736      6.0976      3.1415      3.1869
0.0096027      6.0976      3.1415      3.8489
0.0093736      6.0976      3.1415      4.3138
0.0087178      6.0976      3.3635     0.52718
0.0077228      6.0976      3.3635      4.4867
0.0065133      6.0976      3.5974      1.8747
0.0064708      6.0606      2.6892      1.4651
0.0076527      6.0606      2.9212      1.9945
0.0086229      6.0606      2.9212      1.7719
0.0092614      6.0606      3.1415      1.5743
0.0094843      6.0606      3.1415     0.77623
0.0092614      6.0606      3.1415      4.1979
0.0086229      6.0606      3.3618      1.7491
0.0076527      6.0606      3.3618      1.5555
0.0064708      6.0606      3.5938      3.5736
0.0064282      6.0241      2.6928     0.32262
0.0075832      6.0241      2.9229       5.172
0.0085293      6.0241      2.9229     0.23213
0.0091511      6.0241      3.1415      1.6786
0.009368      6.0241      3.1415      1.8987
0.0091511      6.0241      3.1415      4.1613
0.0085293      6.0241      3.3601      3.9316
0.0075832      6.0241      3.3601      4.4756
0.0064282      6.0241      3.5902      1.7331
0.0063854       5.988      2.6963      6.2584
0.0075142       5.988      2.9245      1.8877
0.008437       5.988      2.9245      3.1495
0.0090425       5.988      3.1415     0.83138
0.0092536       5.988      3.1415      5.6394
0.0090425       5.988      3.1415       1.495
0.008437       5.988      3.3585     0.42153
0.0075142       5.988      3.3585      2.2972
0.0063854       5.988      3.5867      6.2139
0.0063425      5.9524      2.6998      1.3322
0.0074457      5.9524      2.9261      1.8066
0.0083457      5.9524      2.9261      3.1703
0.0089355      5.9524      3.1415      3.9619
0.009141      5.9524      3.1415      2.4704
0.0089355      5.9524      3.1415      4.2722
0.0083457      5.9524      3.3569       0.817
0.0074457      5.9524      3.3569     0.44131
0.0063425      5.9524      3.5832     0.28515
0.0062993      5.9172      2.7033      3.4803
0.0073775      5.9172      2.9277       5.597
0.0082554      5.9172      2.9277      3.6805
0.00883      5.9172      3.1415      3.3397
0.00903      5.9172      3.1415      4.0465
0.00883      5.9172      3.1415      2.5604
0.0082554      5.9172      3.3553      1.6422
0.0073775      5.9172      3.3553      3.8277
0.0062993      5.9172      3.5797      3.9758
0.0062558      5.8824      2.7068      4.7705
0.0073097      5.8824      2.9293      1.4696
0.008166      5.8824      2.9293      1.8141
0.0087257      5.8824      3.1415     0.14261
0.0089205      5.8824      3.1415      1.8311
0.0087257      5.8824      3.1415      2.2247
0.008166      5.8824      3.3537      4.0816
0.0073097      5.8824      3.3537      3.8176
0.0062558      5.8824      3.5762       4.751
0.006212       5.848      2.7102      5.5565
0.0072421       5.848      2.9309      5.6264
0.0080774       5.848      2.9309     0.49055
0.0086228       5.848      3.1415       3.304
0.0088124       5.848      3.1415     0.28365
0.0086228       5.848      3.1415      5.0051
0.0080774       5.848      3.3521      1.9781
0.0072421       5.848      3.3521      1.4797
0.006212       5.848      3.5728      1.6803
0.0061679       5.814      2.7135      0.8946
0.0071747       5.814      2.9325       1.218
0.0079897       5.814      2.9325      5.2362
0.0085211       5.814      3.1415      4.6815
0.0087057       5.814      3.1415      4.6736
0.0085211       5.814      3.1415      1.6709
0.0079897       5.814      3.3505     0.71261
0.0071747       5.814      3.3505     0.30775
0.0061679       5.814      3.5695      1.7349
0.0061236      5.7803      2.7168      4.1302
0.0071077      5.7803       2.934      3.9376
0.0079028      5.7803       2.934      3.6071
0.0084206      5.7803      3.1415      1.2589
0.0086004      5.7803      3.1415      2.5721
0.0084206      5.7803      3.1415      1.7863
0.0079028      5.7803       3.349      5.2405
0.0071077      5.7803       3.349      4.7584
0.0061236      5.7803      3.5662      5.4405
0.006079      5.7471      2.7201      2.6196
0.0070409      5.7471      2.9355      4.6652
0.0078167      5.7471      2.9355      0.4394
0.0083213      5.7471      3.1415       6.022
0.0084964      5.7471      3.1415      4.3176
0.0083213      5.7471      3.1415      1.6338
0.0078167      5.7471      3.3475      4.6219
0.0070409      5.7471      3.3475      3.0072
0.006079      5.7471      3.5629      5.4748
0.0060342      5.7143      2.7234      2.0266
0.0069745      5.7143      2.9371      3.5249
0.0077314      5.7143      2.9371      1.5447
0.0082232      5.7143      3.1415     0.84499
0.0083938      5.7143      3.1415      1.4929
0.0082232      5.7143      3.1415       2.285
0.0077314      5.7143      3.3459      4.3233
0.0069745      5.7143      3.3459     0.24516
0.0060342      5.7143      3.5596      4.3273
0.0059892      5.6818      2.7266      1.6387
0.0069083      5.6818      2.9386       5.382
0.0076469      5.6818      2.9386      3.4312
0.0081262      5.6818      3.1415      2.8933
0.0082924      5.6818      3.1415      0.9592
0.0081262      5.6818      3.1415      1.6071
0.0076469      5.6818      3.3444      2.4607
0.0069083      5.6818      3.3444      6.0606
0.0059892      5.6818      3.5564      3.2635
0.0059441      5.6497      2.7298     0.75951
0.0068425      5.6497      2.9401      5.7483
0.0075632      5.6497      2.9401      2.8689
0.0080304      5.6497      3.1415      5.6841
0.0081923      5.6497      3.1415       1.834
0.0080304      5.6497      3.1415      4.9145
0.0075632      5.6497      3.3429     0.35126
0.0068425      5.6497      3.3429      1.3386
0.0059441      5.6497      3.5532       4.879
0.0058988       5.618       2.733      4.3781
0.006777       5.618      2.9415      5.7042
0.0074804       5.618      2.9415      3.8256
0.0079358       5.618      3.1415      3.4215
0.0080934       5.618      3.1415      4.7318
0.0079358       5.618      3.1415      5.5118
0.0074804       5.618      3.3415      5.6156
0.006777       5.618      3.3415      5.3772
0.0058988       5.618        3.55      4.2928
0.0058534      5.5866      2.7361       2.561
0.0067118      5.5866       2.943     0.30067
0.0073983      5.5866       2.943       1.498
0.0078423      5.5866      3.1415    0.087706
0.0079959      5.5866      3.1415      2.3982
0.0078423      5.5866      3.1415      5.6995
0.0073983      5.5866        3.34      1.9075
0.0067118      5.5866        3.34      5.4494
0.0058534      5.5866      3.5469     0.92469
0.0058079      5.5556      2.7392      1.9472
0.0066471      5.5556      2.9444      2.6278
0.007317      5.5556      2.9444      1.3205
0.0077499      5.5556      3.1415      4.8219
0.0078996      5.5556      3.1415      1.5239
0.0077499      5.5556      3.1415      5.5676
0.007317      5.5556      3.3386      1.8695
0.0066471      5.5556      3.3386       1.198
0.0058079      5.5556      3.5438      4.5496
0.0057623      5.5249      2.7422      6.0116
0.0065827      5.5249      2.9459      5.6639
0.0072366      5.5249      2.9459      4.4018
0.0076587      5.5249      3.1415       5.111
0.0078045      5.5249      3.1415      5.4437
0.0076587      5.5249      3.1415      5.5806
0.0072366      5.5249      3.3371      1.4479
0.0065827      5.5249      3.3371      3.9361
0.0057623      5.5249      3.5408      1.5327
0.0057168      5.4945      2.7453      2.7814
0.0065188      5.4945      2.9473      4.9182
0.0071571      5.4945      2.9473      4.4976
0.0075686      5.4945      3.1415       1.537
0.0077108      5.4945      3.1415      4.6358
0.0075686      5.4945      3.1415      5.7038
0.0071571      5.4945      3.3357      5.2917
0.0065188      5.4945      3.3357      6.1037
0.0057168      5.4945      3.5377     0.89759
0.0056712      5.4645      2.7483       5.384
0.0064552      5.4645      2.9487       4.788
0.0070783      5.4645      2.9487      4.7767
0.0074796      5.4645      3.1415      2.8865
0.0076182      5.4645      3.1415      2.4132
0.0074796      5.4645      3.1415     0.67497
0.0070783      5.4645      3.3343      2.8617
0.0064552      5.4645      3.3343     0.92515
0.0056712      5.4645      3.5347      1.8446
0.0056256      5.4348      2.7512      2.3902
0.0063922      5.4348      2.9501      5.8089
0.0070004      5.4348      2.9501      1.2156
0.0073918      5.4348      3.1415      4.1157
0.0075269      5.4348      3.1415      2.4769
0.0073918      5.4348      3.1415      1.2157
0.0070004      5.4348      3.3329     0.19939
0.0063922      5.4348      3.3329      5.0378
0.0056256      5.4348      3.5318      1.9686
0.0055801      5.4054      2.7542       4.693
0.0063296      5.4054      2.9515       3.711
0.0069234      5.4054      2.9515      1.8625
0.0073051      5.4054      3.1415      5.1238
0.0074368      5.4054      3.1415      5.6077
0.0073051      5.4054      3.1415      3.7043
0.0069234      5.4054      3.3315      5.1218
0.0063296      5.4054      3.3315      3.4879
0.0055801      5.4054      3.5288       5.118
0.0055347      5.3763      2.7571     0.24098
0.0062674      5.3763      2.9529       5.331
0.0068472      5.3763      2.9529     0.71931
0.0072195      5.3763      3.1415     0.94983
0.0073479      5.3763      3.1415      4.5742
0.0072195      5.3763      3.1415       1.269
0.0068472      5.3763      3.3301      4.6369
0.0062674      5.3763      3.3301      5.4484
0.0055347      5.3763      3.5259      1.3134
0.0054893      5.3476        2.76      4.5788
0.0062058      5.3476      2.9542      3.8534
0.0067719      5.3476      2.9542       3.223
0.0071351      5.3476      3.1415      6.0275
0.0072602      5.3476      3.1415      1.1589
0.0071351      5.3476      3.1415      1.2612
0.0067719      5.3476      3.3288      4.1413
0.0062058      5.3476      3.3288      4.6438
0.0054893      5.3476       3.523      2.3522
0.005444      5.3191      2.7628      6.1327
0.0061446      5.3191      2.9556     0.22123
0.0066974      5.3191      2.9556      2.0624
0.0070517      5.3191      3.1415        4.09
0.0071738      5.3191      3.1415     0.24724
0.0070517      5.3191      3.1415     0.85211
0.0066974      5.3191      3.3274         1.5
0.0061446      5.3191      3.3274      5.3994
0.005444      5.3191      3.5202      5.7457
0.0053989       5.291      2.7657    0.047799
0.006084       5.291      2.9569      1.5468
0.0066237       5.291      2.9569      3.8309
0.0069694       5.291      3.1415      6.1857
0.0070885       5.291      3.1415       6.153
0.0069694       5.291      3.1415      3.8904
0.0066237       5.291      3.3261      5.9583
0.006084       5.291      3.3261      2.3483
0.0053989       5.291      3.5173      1.4298
0.0053539      5.2632      2.7685      3.5699
0.0060238      5.2632      2.9583       3.519
0.006551      5.2632      2.9583      1.7662
0.0068883      5.2632      3.1415        5.48
0.0070044      5.2632      3.1415      5.3131
0.0068883      5.2632      3.1415      4.0713
0.006551      5.2632      3.3247      4.5468
0.0060238      5.2632      3.3247      1.6759
0.0053539      5.2632      3.5145     0.76647
0.0053091      5.2356      2.7712     0.94781
0.0059642      5.2356      2.9596      4.1965
0.006479      5.2356      2.9596      2.1145
0.0068082      5.2356      3.1415      3.8809
0.0069214      5.2356      3.1415      4.8714
0.0068082      5.2356      3.1415       4.605
0.006479      5.2356      3.3234      4.6261
0.0059642      5.2356      3.3234     0.37636
0.0053091      5.2356      3.5118      1.4266
0.0052644      5.2083       2.774      2.9296
0.0059051      5.2083      2.9609      5.6482
0.006408      5.2083      2.9609      3.4195
0.0067292      5.2083      3.1415     0.35899
0.0068396      5.2083      3.1415      4.9918
0.0067292      5.2083      3.1415      4.8684
0.006408      5.2083      3.3221      3.1982
0.0059051      5.2083      3.3221      0.1618
0.0052644      5.2083       3.509      6.1292
0.0052199      5.1813      2.7767      1.5228
0.0058466      5.1813      2.9622      5.6611
0.0063377      5.1813      2.9622      2.8172
0.0066512      5.1813      3.1415     0.39453
0.006759      5.1813      3.1415     0.62365
0.0066512      5.1813      3.1415      2.3153
0.0063377      5.1813      3.3208      3.2265
0.0058466      5.1813      3.3208       2.388
0.0052199      5.1813      3.5063     0.01066
0.0051757      5.1546      2.7794      4.5085
0.0057885      5.1546      2.9635      2.1681
0.0062683      5.1546      2.9635      4.1241
0.0065743      5.1546      3.1415      1.0639
0.0066794      5.1546      3.1415      3.9027
0.0065743      5.1546      3.1415      2.6678
0.0062683      5.1546      3.3195      4.2541
0.0057885      5.1546      3.3195      1.1235
0.0051757      5.1546      3.5036      5.5759
0.0051316      5.1282      2.7821      1.0049
0.0057311      5.1282      2.9647     0.61476
0.0061998      5.1282      2.9647      4.7841
0.0064985      5.1282      3.1415      5.6175
0.006601      5.1282      3.1415      1.5565
0.0064985      5.1282      3.1415      3.7524
0.0061998      5.1282      3.3183     0.48139
0.0057311      5.1282      3.3183      1.6747
0.0051316      5.1282      3.5009      5.3175
0.0050878       5.102      2.7848      4.2979
0.0056741       5.102       2.966      3.0625
0.0061321       5.102       2.966      2.2417
0.0064236       5.102      3.1415      1.3404
0.0065237       5.102      3.1415      1.4378
0.0064236       5.102      3.1415      4.8051
0.0061321       5.102       3.317       2.489
0.0056741       5.102       3.317      5.1688
0.0050878       5.102      3.4982      3.2988
0.0050442      5.0761      2.7874     0.64551
0.0056177      5.0761      2.9672     0.30399
0.0060652      5.0761      2.9672       5.899
0.0063498      5.0761      2.9672      3.8624
0.0064475      5.0761      3.1415      6.2321
0.0063498      5.0761      3.3158      2.9956
0.0060652      5.0761      3.3158       6.174
0.0056177      5.0761      3.3158      3.5943
0.0050442      5.0761      3.4956      1.4608
0.0050008      5.0505        2.79     0.73522
0.0055619      5.0505        2.79     0.81915
0.0059991      5.0505      2.9685      4.6609
0.0062771      5.0505      2.9685     0.86902
0.0063724      5.0505      3.1415      1.1759
0.0062771      5.0505      3.3145      2.4911
0.0059991      5.0505      3.3145      2.1111
0.0055619      5.0505       3.493      2.8821
0.0050008      5.0505       3.493     0.64662
0.0049577      5.0251      2.7926       1.071
0.0055066      5.0251      2.7926      4.0299
0.0059339      5.0251      2.9697       4.949
0.0062053      5.0251      2.9697      2.3395
0.0062983      5.0251      3.1415      1.9263
0.0062053      5.0251      3.3133      5.6399
0.0059339      5.0251      3.3133      4.5514
0.0055066      5.0251      3.4904      2.5553
0.0049577      5.0251      3.4904      1.1709
0.0049148           5      2.7951      0.3241
0.0054519           5      2.7951      5.9309
0.0058694           5      2.9709      2.6428
0.0061345           5      2.9709      3.7456
0.0062253           5      3.1415      3.2266
0.0061345           5      3.3121      5.6285
0.0058694           5      3.3121      1.1676
0.0054519           5      3.4879     0.58747
0.0049148           5      3.4879     0.35534
