
[NumberOfWaves] 990
=================================
3.23848e-05      22.2222    -0.349056      3.19976
3.39452e-05      22.2222    -0.261792       3.4648
3.51011e-05      22.2222    -0.174528     0.405878
3.58116e-05      22.2222   -0.0872639      1.87175
3.60513e-05      22.2222            0      2.25952
3.58116e-05      22.2222    0.0872639     0.383044
3.51011e-05      22.2222     0.174528      2.81633
3.39452e-05      22.2222     0.261792      5.62963
3.23848e-05      22.2222     0.349056      1.93478
3.91933e-05      21.7391    -0.349056      2.88548
4.13069e-05      21.7391    -0.261792      4.93102
4.28799e-05      21.7391    -0.174528      1.93105
4.38497e-05      21.7391   -0.0872639      3.62741
4.41775e-05      21.7391            0      3.47483
4.38497e-05      21.7391    0.0872639      1.84417
4.28799e-05      21.7391     0.174528       2.9851
4.13069e-05      21.7391     0.261792      2.48647
3.91933e-05      21.7391     0.349056      1.36856
4.62327e-05      21.2766    -0.349056      2.69167
4.90173e-05      21.2766    -0.261792      1.56881
5.11003e-05      21.2766    -0.174528      3.66975
5.23889e-05      21.2766   -0.0872639      2.96036
5.28251e-05      21.2766            0       2.6894
5.23889e-05      21.2766    0.0872639      4.04996
5.11003e-05      21.2766     0.174528      4.80017
4.90173e-05      21.2766     0.261792      4.88793
4.62327e-05      21.2766     0.349056      5.80182
5.33208e-05      20.8333    -0.349056      1.41154
5.69006e-05      20.8333    -0.261792      2.04829
5.95932e-05      20.8333    -0.174528      6.00086
6.12653e-05      20.8333   -0.0872639      3.47902
6.18322e-05      20.8333            0      3.95187
6.12653e-05      20.8333    0.0872639      3.15678
5.95932e-05      20.8333     0.174528      5.43074
5.69006e-05      20.8333     0.261792      4.96755
5.33208e-05      20.8333     0.349056      5.09436
6.02871e-05      20.4082    -0.349056      1.35002
6.47901e-05      20.4082    -0.261792      4.71253
6.81977e-05      20.4082    -0.174528      5.66591
7.03221e-05      20.4082   -0.0872639      2.44022
7.10439e-05      20.4082            0      4.38119
7.03221e-05      20.4082    0.0872639       1.7814
6.81977e-05      20.4082     0.174528      2.88501
6.47901e-05      20.4082     0.261792      3.77017
6.02871e-05      20.4082     0.349056      2.66187
6.69838e-05           20    -0.349056      5.38868
7.25404e-05           20    -0.261792      5.14834
7.67726e-05           20    -0.174528     0.942876
7.94227e-05           20   -0.0872639      2.65422
8.03251e-05           20            0      3.01775
7.94227e-05           20    0.0872639      2.30228
7.67726e-05           20     0.174528      2.96859
7.25404e-05           20     0.261792      3.85604
6.69838e-05           20     0.349056      1.68378
7.32973e-05      19.6078    -0.349056     0.297428
8.00388e-05      19.6078    -0.261792      2.22098
8.521e-05      19.6078    -0.174528      5.41861
8.84632e-05      19.6078   -0.0872639      2.73463
8.95736e-05      19.6078            0      5.59725
8.84632e-05      19.6078    0.0872639      2.24947
8.521e-05      19.6078     0.174528      2.74887
8.00388e-05      19.6078     0.261792      3.50837
7.32973e-05      19.6078     0.349056      4.03556
7.91593e-05      19.2308    -0.349056     0.666618
8.72189e-05      19.2308    -0.261792      4.64981
9.34486e-05      19.2308    -0.174528      2.36612
9.73878e-05      19.2308   -0.0872639      3.87719
9.87356e-05      19.2308            0      3.27468
9.73878e-05      19.2308    0.0872639      4.08628
9.34486e-05      19.2308     0.174528      2.07547
8.72189e-05      19.2308     0.261792      1.72624
7.91593e-05      19.2308     0.349056     0.172879
8.45581e-05      18.8679    -0.349056      5.04303
9.40744e-05      18.8679    -0.261792      5.01624
0.000101491      18.8679    -0.174528      4.68995
0.000106206      18.8679   -0.0872639      2.06207
0.000107824      18.8679            0      4.69676
0.000106206      18.8679    0.0872639      4.14622
0.000101491      18.8679     0.174528      6.22151
9.40744e-05      18.8679     0.261792      1.33376
8.45581e-05      18.8679     0.349056     0.153872
8.95499e-05      18.5185    -0.349056   0.00576803
0.000100674      18.5185    -0.261792      6.01661
0.000109422      18.5185    -0.174528      1.58387
0.000115016      18.5185   -0.0872639      2.10424
0.000116941      18.5185            0      5.71695
0.000115016      18.5185    0.0872639      3.63774
0.000109422      18.5185     0.174528      1.96529
0.000100674      18.5185     0.261792     0.856952
8.95499e-05      18.5185     0.349056      6.09495
9.42665e-05      18.1818    -0.349056      2.99441
0.000107176      18.1818    -0.261792      1.00631
0.000117424      18.1818    -0.174528      5.40856
0.000124021      18.1818   -0.0872639      5.73614
0.000126298      18.1818            0     0.044658
0.000124021      18.1818    0.0872639      3.72614
0.000117424      18.1818     0.174528      3.33366
0.000107176      18.1818     0.261792     0.840261
9.42665e-05      18.1818     0.349056      4.99137
9.89148e-05      17.8571    -0.349056      2.20614
0.00011383      17.8571    -0.261792      3.61146
0.000125793      17.8571    -0.174528      5.19982
0.000133546      17.8571   -0.0872639     0.281583
0.000136232      17.8571            0      1.71298
0.000133546      17.8571    0.0872639      3.16619
0.000125793      17.8571     0.174528      6.12354
0.00011383      17.8571     0.261792      4.68957
9.89148e-05      17.8571     0.349056      3.82787
0.000103764      17.5439    -0.349056       5.7541
0.000120972      17.5439    -0.261792      4.64309
0.000134928      17.5439    -0.174528      5.75036
0.000144039      17.5439   -0.0872639      3.57194
0.000147207      17.5439            0      5.82013
0.000144039      17.5439    0.0872639      4.21268
0.000134928      17.5439     0.174528      1.38802
0.000120972      17.5439     0.261792      0.21452
0.000103764      17.5439     0.349056      3.74782
0.000109114      17.2414    -0.349056      5.38213
0.000128995      17.2414    -0.261792       4.6508
0.000145311      17.2414    -0.174528      1.75974
0.000156047      17.2414   -0.0872639      4.42658
0.000159794      17.2414            0      4.98838
0.000156047      17.2414    0.0872639      1.67205
0.000145311      17.2414     0.174528      2.13897
0.000128995      17.2414     0.261792      6.10114
0.000109114      17.2414     0.349056      5.37582
0.000115239      16.9492    -0.349056      4.72595
0.000138286      16.9492    -0.261792      4.14331
0.000157441      16.9492    -0.174528      4.97515
0.000170151      16.9492   -0.0872639     0.416036
0.000174607      16.9492            0      3.76851
0.000170151      16.9492    0.0872639      3.59991
0.000157441      16.9492     0.174528      3.48067
0.000138286      16.9492     0.261792     0.697397
0.000115239      16.9492     0.349056      4.46332
0.000122302      16.6667    -0.349056      2.57485
0.000149126      16.6667    -0.261792       1.2413
0.000171725      16.6667    -0.174528      2.13038
0.000186856      16.6667   -0.0872639      3.41755
0.000192184      16.6667            0      1.13747
0.000186856      16.6667    0.0872639      5.46519
0.000171725      16.6667     0.174528       1.3076
0.000149126      16.6667     0.261792      1.86601
0.000122302      16.6667     0.349056       1.9748
0.000130247      16.3934    -0.349056      5.97984
0.000161551      16.3934    -0.261792      3.76285
0.000188308      16.3934    -0.174528       4.3688
0.000206396      16.3934   -0.0872639       1.1189
0.000212796      16.3934            0       3.7325
0.000206396      16.3934    0.0872639      3.15638
0.000188308      16.3934     0.174528      5.31992
0.000161551      16.3934     0.261792      2.88384
0.000130247      16.3934     0.349056      1.89231
0.000138672       16.129    -0.349056      2.37665
0.000175167       16.129    -0.261792      1.52229
0.000206847       16.129    -0.174528      5.79737
0.000228485       16.129   -0.0872639       5.2846
0.000236179       16.129            0      3.93028
0.000228485       16.129    0.0872639      1.12147
0.000206847       16.129     0.174528      1.79907
0.000175167       16.129     0.261792    0.0869408
0.000138672       16.129     0.349056      4.99929
0.000146736       15.873    -0.349056      2.71323
0.000188996       15.873    -0.261792      3.06344
0.000226288       15.873    -0.174528      2.93989
0.000252039       15.873   -0.0872639      4.44725
0.000261247       15.873            0      3.31633
0.000252039       15.873    0.0872639      4.27499
0.000226288       15.873     0.174528      3.09525
0.000188996       15.873     0.261792      2.44683
0.000146736       15.873     0.349056       6.2109
0.000153182       15.625    -0.349056     0.188707
0.000201431       15.625    -0.261792     0.903341
0.000244762       15.625    -0.174528      4.16808
0.000275033       15.625   -0.0872639      2.67435
0.000285919       15.625            0      2.84362
0.000275033       15.625    0.0872639      6.24466
0.000244762       15.625     0.174528      5.57224
0.000201431       15.625     0.261792      3.16399
0.000153182       15.625     0.349056      2.84617
0.000156553      15.3846    -0.349056      1.83426
0.000210459      15.3846    -0.261792      3.64688
0.000259779      15.3846    -0.174528      4.52369
0.000294664      15.3846   -0.0872639      2.86931
0.000307288      15.3846            0     0.421837
0.000294664      15.3846    0.0872639       1.1143
0.000259779      15.3846     0.174528      3.71742
0.000210459      15.3846     0.261792      1.71367
0.000156553      15.3846     0.349056      2.30813
0.000155624      15.1515    -0.349056      2.46387
0.000214178      15.1515    -0.261792      3.81534
0.000268822      15.1515    -0.174528      3.50879
0.000307985      15.1515   -0.0872639      1.25892
0.000322249      15.1515            0      4.24026
0.000307985      15.1515    0.0872639      2.11505
0.000268822      15.1515     0.174528      5.04944
0.000214178      15.1515     0.261792       5.4416
0.000155624      15.1515     0.349056     0.162102
0.000153245      14.9254    -0.349056      1.12659
0.000213513      14.9254    -0.261792     0.256571
0.000270343      14.9254    -0.174528     0.219022
0.000311353      14.9254   -0.0872639      6.01573
0.000326342      14.9254            0      4.09178
0.000311353      14.9254    0.0872639      5.82923
0.000270343      14.9254     0.174528     0.657983
0.000213513      14.9254     0.261792      2.74576
0.000153245      14.9254     0.349056      1.79708
0.000154029      14.7059    -0.349056      5.85406
0.000212033      14.7059    -0.261792      2.34286
0.000266176      14.7059    -0.174528     0.486409
0.000304983      14.7059   -0.0872639      1.74615
0.00031912      14.7059            0      1.11353
0.000304983      14.7059    0.0872639      5.91547
0.000266176      14.7059     0.174528      4.88806
0.000212033      14.7059     0.261792      0.34931
0.000154029      14.7059     0.349056      5.01316
0.000151997      14.4928    -0.349056      5.77006
0.000206853      14.4928    -0.261792      3.04812
0.000257565      14.4928    -0.174528      1.14144
0.000293681      14.4928   -0.0872639      5.10624
0.000306795      14.4928            0      3.70919
0.000293681      14.4928    0.0872639      0.57186
0.000257565      14.4928     0.174528      3.15433
0.000206853      14.4928     0.261792      4.90539
0.000151997      14.4928     0.349056      0.85455
0.000147639      14.2857    -0.349056      2.41776
0.000198747      14.2857    -0.261792      2.59541
0.000245562      14.2857    -0.174528      0.65305
0.0002787      14.2857   -0.0872639      5.77408
0.000290696      14.2857            0       4.5787
0.0002787      14.2857    0.0872639      2.98773
0.000245562      14.2857     0.174528      4.12828
0.000198747      14.2857     0.261792      2.92669
0.000147639      14.2857     0.349056      4.96427
0.000141644      14.0845    -0.349056      1.88125
0.000188711      14.0845    -0.261792    0.0953009
0.00023145      14.0845    -0.174528      3.89785
0.000261528      14.0845   -0.0872639      1.85406
0.000272385      14.0845            0       4.9402
0.000261528      14.0845    0.0872639     0.523053
0.00023145      14.0845     0.174528      2.97078
0.000188711      14.0845     0.261792      2.44897
0.000141644      14.0845     0.349056      3.68883
0.000134746      13.8889    -0.349056      4.92537
0.000177761      13.8889    -0.261792      4.70193
0.000216495      13.8889    -0.174528      5.65904
0.000243605      13.8889   -0.0872639      3.81091
0.000253363      13.8889            0     0.250492
0.000243605      13.8889    0.0872639     0.854536
0.000216495      13.8889     0.174528      3.08507
0.000177761      13.8889     0.261792      2.50052
0.000134746      13.8889     0.349056      2.01207
0.000127605      13.6986    -0.349056      5.38173
0.000166767      13.6986    -0.261792     0.388721
0.000201753      13.6986    -0.174528     0.928594
0.00022611      13.6986   -0.0872639      5.85486
0.000234855      13.6986            0      3.49028
0.00022611      13.6986    0.0872639      4.65467
0.000201753      13.6986     0.174528     0.733147
0.000166767      13.6986     0.261792       3.0063
0.000127605      13.6986     0.349056      4.70967
0.000120729      13.5135    -0.349056      3.83327
0.000156374      13.5135    -0.261792      5.01486
0.00018798      13.5135    -0.174528      5.16504
0.000209873      13.5135   -0.0872639      4.47317
0.000217713      13.5135            0      4.00248
0.000209873      13.5135    0.0872639      2.34219
0.00018798      13.5135     0.174528      6.19552
0.000156374      13.5135     0.261792      2.59834
0.000120729      13.5135     0.349056      2.38928
0.000114454      13.3333    -0.349056      1.55296
0.000146986      13.3333    -0.261792      2.39447
0.000175623      13.3333    -0.174528      4.03937
0.000195366      13.3333   -0.0872639      5.45577
0.000202419      13.3333            0      1.00406
0.000195366      13.3333    0.0872639      1.76289
0.000175623      13.3333     0.174528      4.23318
0.000146986      13.3333     0.261792      4.21936
0.000114454      13.3333     0.349056      1.91074
0.000108956      13.1579    -0.349056      3.61071
0.00013879      13.1579    -0.261792     0.843615
0.000164872      13.1579    -0.174528      1.61191
0.000182771      13.1579   -0.0872639     0.859621
0.00018915      13.1579            0      5.52862
0.000182771      13.1579    0.0872639    0.0188002
0.000164872      13.1579     0.174528      2.73871
0.00013879      13.1579     0.261792     0.782041
0.000108956      13.1579     0.349056      1.03544
0.000104289       12.987    -0.349056     0.527368
0.000131815       12.987    -0.261792       4.1331
0.000155722       12.987    -0.174528       2.8662
0.000172056       12.987   -0.0872639      2.54005
0.000177866       12.987            0     0.943134
0.000172056       12.987    0.0872639      1.12808
0.000155722       12.987     0.174528      4.19468
0.000131815       12.987     0.261792      1.64621
0.000104289       12.987     0.349056     0.562148
0.000100419      12.8205    -0.349056        6.201
0.000125984      12.8205    -0.261792      5.87401
0.000148047      12.8205    -0.174528      4.58594
0.000163059      12.8205   -0.0872639      1.28185
0.000168387      12.8205            0      5.18183
0.000163059      12.8205    0.0872639      1.03353
0.000148047      12.8205     0.174528       1.1603
0.000125984      12.8205     0.261792     0.699649
0.000100419      12.8205     0.349056      3.97009
9.72597e-05      12.6582    -0.349056      6.22618
0.000121156      12.6582    -0.261792     0.430737
0.000141656      12.6582    -0.174528       5.5299
0.000155548      12.6582   -0.0872639      3.02919
0.000160469      12.6582            0      5.25479
0.000155548      12.6582    0.0872639      2.71537
0.000141656      12.6582     0.174528      3.63821
0.000121156      12.6582     0.261792      1.98206
9.72597e-05      12.6582     0.349056      5.25304
9.46994e-05         12.5    -0.349056      4.98842
0.000117167         12.5    -0.261792      4.76328
0.00013633         12.5    -0.174528      4.99894
0.000149268         12.5   -0.0872639      6.13412
0.000153841         12.5            0     0.274436
0.000149268         12.5    0.0872639      5.39333
0.00013633         12.5     0.174528      2.63253
0.000117167         12.5     0.261792      1.13275
9.46994e-05         12.5     0.349056       5.0984
9.26185e-05      12.3457    -0.349056      2.29613
0.000113849      12.3457    -0.261792      3.68706
0.000131857      12.3457    -0.174528      5.90798
0.00014397      12.3457   -0.0872639      2.83818
0.000148245      12.3457            0     0.730578
0.00014397      12.3457    0.0872639     0.443104
0.000131857      12.3457     0.174528      6.01396
0.000113849      12.3457     0.261792      6.09279
9.26185e-05      12.3457     0.349056       4.4255
9.09034e-05      12.1951    -0.349056      2.28316
0.000111046      12.1951    -0.261792      5.66207
0.000128042      12.1951    -0.174528      2.53281
0.000139434      12.1951   -0.0872639      5.25605
0.000143447      12.1951            0      0.26259
0.000139434      12.1951    0.0872639      4.34523
0.000128042      12.1951     0.174528      4.00808
0.000111046      12.1951     0.261792     0.410458
9.09034e-05      12.1951     0.349056      3.23019
8.94541e-05      12.0482    -0.349056      5.38573
0.000108625      12.0482    -0.261792      2.53171
0.000124719      12.0482    -0.174528      3.89321
0.00013547      12.0482   -0.0872639      4.99281
0.000139251      12.0482            0      5.73236
0.00013547      12.0482    0.0872639      2.79548
0.000124719      12.0482     0.174528       1.7137
0.000108625      12.0482     0.261792      2.16645
8.94541e-05      12.0482     0.349056       2.5892
8.81872e-05      11.9048    -0.349056      2.70613
0.000106475      11.9048    -0.261792      4.39549
0.000121753      11.9048    -0.174528      1.43017
0.000131926      11.9048   -0.0872639      4.59777
0.000135498      11.9048            0      1.53951
0.000131926      11.9048    0.0872639      3.54095
0.000121753      11.9048     0.174528      1.55276
0.000106475      11.9048     0.261792       3.5762
8.81872e-05      11.9048     0.349056      1.09095
8.70374e-05      11.7647    -0.349056      4.57755
0.000104511      11.7647    -0.261792      6.08313
0.000119041      11.7647    -0.174528      5.47772
0.000128686      11.7647   -0.0872639       5.7123
0.000132068      11.7647            0      5.90457
0.000128686      11.7647    0.0872639      4.75465
0.000119041      11.7647     0.174528      5.90638
0.000104511      11.7647     0.261792      4.84043
8.70374e-05      11.7647     0.349056      3.41751
8.59562e-05      11.6279    -0.349056      3.63116
0.00010267      11.6279    -0.261792      4.75136
0.000116506      11.6279    -0.174528      3.32642
0.000125664      11.6279   -0.0872639      3.51704
0.000128869      11.6279            0      4.09415
0.000125664      11.6279    0.0872639      5.41946
0.000116506      11.6279     0.174528      4.77887
0.00010267      11.6279     0.261792      1.51558
8.59562e-05      11.6279     0.349056      5.93473
8.49094e-05      11.4943    -0.349056     0.578826
0.000100907      11.4943    -0.261792      5.35206
0.000114095      11.4943    -0.174528      2.21872
0.000122797      11.4943   -0.0872639      5.21447
0.00012584      11.4943            0     0.126818
0.000122797      11.4943    0.0872639       5.7867
0.000114095      11.4943     0.174528       4.5133
0.000100907      11.4943     0.261792      5.44685
8.49094e-05      11.4943     0.349056      4.69823
8.38744e-05      11.3636    -0.349056      2.70058
9.91939e-05      11.3636    -0.261792      4.21577
0.00011177      11.3636    -0.174528       6.0292
0.000120047      11.3636   -0.0872639      2.73812
0.000122936      11.3636            0     0.447374
0.000120047      11.3636    0.0872639     0.133798
0.00011177      11.3636     0.174528      1.95302
9.91939e-05      11.3636     0.261792      3.83135
8.38744e-05      11.3636     0.349056      1.10966
8.28376e-05       11.236    -0.349056      2.52986
9.7511e-05       11.236    -0.261792     0.499625
0.000109509       11.236    -0.174528    0.0645554
0.000117384       11.236   -0.0872639      5.41771
0.00012013       11.236            0      4.93752
0.000117384       11.236    0.0872639      3.96927
0.000109509       11.236     0.174528       1.8868
9.7511e-05       11.236     0.261792      2.11976
8.28376e-05       11.236     0.349056      1.30689
8.17915e-05      11.1111    -0.349056      6.10376
9.58481e-05      11.1111    -0.261792       3.5955
0.000107298      11.1111    -0.174528      4.16409
0.000114795      11.1111   -0.0872639       4.9089
0.000117405      11.1111            0     0.330626
0.000114795      11.1111    0.0872639      2.34814
0.000107298      11.1111     0.174528      5.33068
9.58481e-05      11.1111     0.261792      4.47577
8.17915e-05      11.1111     0.349056      2.61078
8.07331e-05       10.989    -0.349056      3.14832
9.41998e-05       10.989    -0.261792      5.77796
0.000105129       10.989    -0.174528       3.9963
0.000112267       10.989   -0.0872639     0.374701
0.00011475       10.989            0      5.17173
0.000112267       10.989    0.0872639      4.37064
0.000105129       10.989     0.174528     0.471853
9.41998e-05       10.989     0.261792      3.05211
8.07331e-05       10.989     0.349056      3.98851
7.96619e-05      10.8696    -0.349056      4.79389
9.25643e-05      10.8696    -0.261792      3.97097
0.000102999      10.8696    -0.174528      3.93958
0.000109798      10.8696   -0.0872639      1.69499
0.000112159      10.8696            0      4.02435
0.000109798      10.8696    0.0872639      1.50217
0.000102999      10.8696     0.174528      3.50619
9.25643e-05      10.8696     0.261792      3.32596
7.96619e-05      10.8696     0.349056      1.72166
7.8579e-05      10.7527    -0.349056      4.83521
9.09412e-05      10.7527    -0.261792      3.78689
0.000100905      10.7527    -0.174528      2.47905
0.000107382      10.7527   -0.0872639      0.64607
0.00010963      10.7527            0      2.76392
0.000107382      10.7527    0.0872639      4.97242
0.000100905      10.7527     0.174528       5.6246
9.09412e-05      10.7527     0.261792      4.39412
7.8579e-05      10.7527     0.349056    0.0607318
7.74865e-05      10.6383    -0.349056      1.90505
8.93318e-05      10.6383    -0.261792      6.18916
9.88474e-05      10.6383    -0.174528      6.23438
0.00010502      10.6383   -0.0872639      2.67437
0.00010716      10.6383            0      4.24003
0.00010502      10.6383    0.0872639     0.526702
9.88474e-05      10.6383     0.174528       6.0428
8.93318e-05      10.6383     0.261792      5.78427
7.74865e-05      10.6383     0.349056      2.07844
7.63866e-05      10.5263    -0.349056       1.1385
8.77373e-05      10.5263    -0.261792      4.30385
9.68269e-05      10.5263    -0.174528      3.88643
0.000102711      10.5263   -0.0872639     0.280211
0.000104748      10.5263            0     0.661792
0.000102711      10.5263    0.0872639      2.86656
9.68269e-05      10.5263     0.174528      3.22571
8.77373e-05      10.5263     0.261792      4.93599
7.63866e-05      10.5263     0.349056      5.12025
7.52818e-05      10.4167    -0.349056        5.124
8.61594e-05      10.4167    -0.261792      2.47336
9.48436e-05      10.4167    -0.174528      6.23223
0.000100454      10.4167   -0.0872639      1.94526
0.000102395      10.4167            0      1.42799
0.000100454      10.4167    0.0872639    0.0127085
9.48436e-05      10.4167     0.174528      5.26729
8.61594e-05      10.4167     0.261792      2.58105
7.52818e-05      10.4167     0.349056      1.08883
7.41745e-05      10.3093    -0.349056      2.56999
8.45996e-05      10.3093    -0.261792      4.12819
9.28982e-05      10.3093    -0.174528      5.28157
9.82491e-05      10.3093   -0.0872639       6.2411
0.000100098      10.3093            0      2.99698
9.82491e-05      10.3093    0.0872639      5.61405
9.28982e-05      10.3093     0.174528      6.07049
8.45996e-05      10.3093     0.261792      4.27195
7.41745e-05      10.3093     0.349056      4.99771
7.30669e-05      10.2041    -0.349056      0.80324
8.30593e-05      10.2041    -0.261792      5.69572
9.0991e-05      10.2041    -0.174528      1.79884
9.60958e-05      10.2041   -0.0872639      1.91193
9.78579e-05      10.2041            0      2.20322
9.60958e-05      10.2041    0.0872639      1.96753
9.0991e-05      10.2041     0.174528     0.694916
8.30593e-05      10.2041     0.261792      2.16611
7.30669e-05      10.2041     0.349056      5.95546
7.1961e-05       10.101    -0.349056      4.90659
8.15399e-05       10.101    -0.261792      3.19683
8.91225e-05       10.101    -0.174528     0.766541
9.39938e-05       10.101   -0.0872639      1.74236
9.56738e-05       10.101            0      3.17645
9.39938e-05       10.101    0.0872639      3.91507
8.91225e-05       10.101     0.174528      5.27616
8.15399e-05       10.101     0.261792     0.280483
7.1961e-05       10.101     0.349056      3.22655
7.08587e-05           10    -0.349056      2.97581
8.00423e-05           10    -0.261792      3.06206
8.72929e-05           10    -0.174528      4.09908
9.19426e-05           10   -0.0872639     0.468456
9.35449e-05           10            0      5.62141
9.19426e-05           10    0.0872639      5.64034
8.72929e-05           10     0.174528     0.139417
8.00423e-05           10     0.261792      5.41791
7.08587e-05           10     0.349056      3.43716
6.9762e-05       9.901    -0.34906       4.754
7.8567e-05       9.901    -0.26179      3.5566
8.5502e-05       9.901    -0.17453      1.1245
8.9942e-05       9.901   -0.087264     0.67584
9.147e-05       9.901           0      3.4287
8.9942e-05       9.901    0.087264      5.7055
8.5502e-05       9.901     0.17453      4.3785
7.8567e-05       9.901     0.26179      5.5002
6.9762e-05       9.901     0.34906      4.4783
6.8671e-05      9.8039    -0.34906      3.0193
7.7116e-05      9.8039    -0.26179     0.60609
8.375e-05      9.8039    -0.17453     0.43489
8.799e-05      9.8039   -0.087264      5.8729
8.9449e-05      9.8039           0      3.7544
8.799e-05      9.8039    0.087264      4.0574
8.375e-05      9.8039     0.17453      2.7714
7.7116e-05      9.8039     0.26179      1.5474
6.8671e-05      9.8039     0.34906      4.5562
6.7589e-05      9.7087    -0.34906      4.2387
7.5689e-05      9.7087    -0.26179      1.2329
8.2037e-05      9.7087    -0.17453      2.6937
8.6088e-05      9.7087   -0.087264      4.8493
8.748e-05      9.7087           0      4.3877
8.6088e-05      9.7087    0.087264      1.5072
8.2037e-05      9.7087     0.17453       4.074
7.5689e-05      9.7087     0.26179     0.46288
6.7589e-05      9.7087     0.34906      4.1341
6.6516e-05      9.6154    -0.34906      5.6211
7.4286e-05      9.6154    -0.26179       4.799
8.0362e-05      9.6154    -0.17453     0.28109
8.4233e-05      9.6154   -0.087264     0.25313
8.5563e-05      9.6154           0       5.159
8.4233e-05      9.6154    0.087264     0.51362
8.0362e-05      9.6154     0.17453      3.4135
7.4286e-05      9.6154     0.26179      3.2909
6.6516e-05      9.6154     0.34906      2.2258
6.5453e-05      9.5238    -0.34906      2.9233
7.2908e-05      9.5238    -0.26179      5.3806
7.8725e-05      9.5238    -0.17453      3.0052
8.2426e-05      9.5238   -0.087264      4.5356
8.3696e-05      9.5238           0       3.534
8.2426e-05      9.5238    0.087264      4.4209
7.8725e-05      9.5238     0.17453    0.059895
7.2908e-05      9.5238     0.26179      3.7336
6.5453e-05      9.5238     0.34906      2.9781
6.4401e-05       9.434    -0.34906      5.4102
7.1556e-05       9.434    -0.26179      3.5793
7.7125e-05       9.434    -0.17453      1.7804
8.0664e-05       9.434   -0.087264      1.3003
8.1878e-05       9.434           0      6.0852
8.0664e-05       9.434    0.087264      3.9919
7.7125e-05       9.434     0.17453      5.6731
7.1556e-05       9.434     0.26179      4.0694
6.4401e-05       9.434     0.34906      5.1407
6.3361e-05      9.3458    -0.34906      4.3108
7.0228e-05      9.3458    -0.26179      1.5396
7.5563e-05      9.3458    -0.17453      1.7499
7.8948e-05      9.3458   -0.087264      4.7359
8.0108e-05      9.3458           0      1.1656
7.8948e-05      9.3458    0.087264      5.3982
7.5563e-05      9.3458     0.17453     0.90988
7.0228e-05      9.3458     0.26179      1.5334
6.3361e-05      9.3458     0.34906      3.9636
6.2333e-05      9.2593    -0.34906      3.7791
6.8926e-05      9.2593    -0.26179      3.2491
7.4037e-05      9.2593    -0.17453      4.7073
7.7276e-05      9.2593   -0.087264     0.55226
7.8385e-05      9.2593           0        3.23
7.7276e-05      9.2593    0.087264      4.8601
7.4037e-05      9.2593     0.17453      3.2191
6.8926e-05      9.2593     0.26179      2.3566
6.2333e-05      9.2593     0.34906     0.53257
6.1319e-05      9.1743    -0.34906       2.138
6.7649e-05      9.1743    -0.26179     0.32198
7.2547e-05      9.1743    -0.17453      5.1956
7.5647e-05      9.1743   -0.087264      4.1383
7.6708e-05      9.1743           0      2.7166
7.5647e-05      9.1743    0.087264       3.484
7.2547e-05      9.1743     0.17453       3.601
6.7649e-05      9.1743     0.26179     0.27132
6.1319e-05      9.1743     0.34906      3.1611
6.0318e-05      9.0909    -0.34906      4.7245
6.6397e-05      9.0909    -0.26179      3.7308
7.1093e-05      9.0909    -0.17453      1.9632
7.406e-05      9.0909   -0.087264      1.6108
7.5076e-05      9.0909           0      5.4433
7.406e-05      9.0909    0.087264       4.863
7.1093e-05      9.0909     0.17453      6.2091
6.6397e-05      9.0909     0.26179      5.3878
6.0318e-05      9.0909     0.34906      2.2277
5.9331e-05       9.009    -0.34906      4.9075
6.5171e-05       9.009    -0.26179       5.566
6.9673e-05       9.009    -0.17453      5.3174
7.2515e-05       9.009   -0.087264      4.8141
7.3486e-05       9.009           0      1.5971
7.2515e-05       9.009    0.087264      5.4202
6.9673e-05       9.009     0.17453      4.1284
6.5171e-05       9.009     0.26179      3.2986
5.9331e-05       9.009     0.34906      6.1557
5.8358e-05      8.9286    -0.34906      1.1817
6.3969e-05      8.9286    -0.26179     0.26973
6.8287e-05      8.9286    -0.17453      5.2028
7.1009e-05      8.9286   -0.087264      5.9841
7.194e-05      8.9286           0       6.139
7.1009e-05      8.9286    0.087264       5.821
6.8287e-05      8.9286     0.17453      1.9326
6.3969e-05      8.9286     0.26179      4.0807
5.8358e-05      8.9286     0.34906     0.04578
5.74e-05      8.8496    -0.34906      6.2448
6.2792e-05      8.8496    -0.26179      5.4429
6.6935e-05      8.8496    -0.17453      4.4478
6.9543e-05      8.8496   -0.087264      2.5855
7.0434e-05      8.8496           0      3.2802
6.9543e-05      8.8496    0.087264      5.4376
6.6935e-05      8.8496     0.17453      4.3133
6.2792e-05      8.8496     0.26179      5.3405
5.74e-05      8.8496     0.34906     0.77344
5.6457e-05      8.7719    -0.34906      0.5712
6.164e-05      8.7719    -0.26179      2.3301
6.5614e-05      8.7719    -0.17453     0.24587
6.8115e-05      8.7719   -0.087264      1.0746
6.8968e-05      8.7719           0      5.7736
6.8115e-05      8.7719    0.087264      1.4566
6.5614e-05      8.7719     0.17453      3.4436
6.164e-05      8.7719     0.26179      2.6454
5.6457e-05      8.7719     0.34906     0.85645
5.5529e-05      8.6957    -0.34906      3.2713
6.0511e-05      8.6957    -0.26179      5.0139
6.4326e-05      8.6957    -0.17453      1.5464
6.6724e-05      8.6957   -0.087264     0.89882
6.7542e-05      8.6957           0      1.8759
6.6724e-05      8.6957    0.087264      3.8965
6.4326e-05      8.6957     0.17453      1.4694
6.0511e-05      8.6957     0.26179     0.50312
5.5529e-05      8.6957     0.34906     0.91715
5.4615e-05      8.6207    -0.34906     0.58098
5.9406e-05      8.6207    -0.26179      5.3123
6.3069e-05      8.6207    -0.17453    0.060281
6.5369e-05      8.6207   -0.087264      4.4131
6.6153e-05      8.6207           0      2.8641
6.5369e-05      8.6207    0.087264      3.0513
6.3069e-05      8.6207     0.17453     0.56188
5.9406e-05      8.6207     0.26179      5.0772
5.4615e-05      8.6207     0.34906      1.5681
5.3717e-05       8.547    -0.34906     0.71961
5.8325e-05       8.547    -0.26179       2.553
6.1843e-05       8.547    -0.17453      2.5821
6.4049e-05       8.547   -0.087264      2.6412
6.48e-05       8.547           0      3.4007
6.4049e-05       8.547    0.087264      6.1569
6.1843e-05       8.547     0.17453      5.7417
5.8325e-05       8.547     0.26179      5.4542
5.3717e-05       8.547     0.34906      4.3259
5.2834e-05      8.4746    -0.34906      2.4312
5.7267e-05      8.4746    -0.26179       3.763
6.0646e-05      8.4746    -0.17453       4.191
6.2763e-05      8.4746   -0.087264      2.9488
6.3484e-05      8.4746           0       2.962
6.2763e-05      8.4746    0.087264      3.9841
6.0646e-05      8.4746     0.17453      2.1453
5.7267e-05      8.4746     0.26179      5.7027
5.2834e-05      8.4746     0.34906      3.8201
5.1966e-05      8.4034    -0.34906      4.7594
5.6231e-05      8.4034    -0.26179      4.0072
5.9478e-05      8.4034    -0.17453      2.8532
6.151e-05      8.4034   -0.087264      0.9315
6.2202e-05      8.4034           0      3.9232
6.151e-05      8.4034    0.087264      1.3523
5.9478e-05      8.4034     0.17453      2.3369
5.6231e-05      8.4034     0.26179      3.4426
5.1966e-05      8.4034     0.34906      1.1246
5.1113e-05      8.3333    -0.34906     0.97188
5.5218e-05      8.3333    -0.26179      4.7707
5.8338e-05      8.3333    -0.17453      4.5094
6.029e-05      8.3333   -0.087264      2.2902
6.0954e-05      8.3333           0      2.6684
6.029e-05      8.3333    0.087264       2.978
5.8338e-05      8.3333     0.17453      2.4439
5.5218e-05      8.3333     0.26179      1.1436
5.1113e-05      8.3333     0.34906      4.9309
5.0275e-05      8.2645    -0.34906      5.9156
5.4227e-05      8.2645    -0.26179      6.1415
5.7226e-05      8.2645    -0.17453     0.23912
5.91e-05      8.2645   -0.087264      4.6885
5.9738e-05      8.2645           0    0.070994
5.91e-05      8.2645    0.087264      5.7312
5.7226e-05      8.2645     0.17453      4.8682
5.4227e-05      8.2645     0.26179       0.953
5.0275e-05      8.2645     0.34906      2.4989
4.9452e-05      8.1967    -0.34906     0.69171
5.3257e-05      8.1967    -0.26179      1.0325
5.6141e-05      8.1967    -0.17453      5.8493
5.7942e-05      8.1967   -0.087264      6.0478
5.8554e-05      8.1967           0     0.42138
5.7942e-05      8.1967    0.087264      6.0313
5.6141e-05      8.1967     0.17453      1.1298
5.3257e-05      8.1967     0.26179      4.8482
4.9452e-05      8.1967     0.34906      1.8949
4.8644e-05      8.1301    -0.34906      6.1234
5.2308e-05      8.1301    -0.26179       5.116
5.5082e-05      8.1301    -0.17453      4.5498
5.6813e-05      8.1301   -0.087264     0.64168
5.7401e-05      8.1301           0      2.5462
5.6813e-05      8.1301    0.087264      5.3996
5.5082e-05      8.1301     0.17453      1.5925
5.2308e-05      8.1301     0.26179       1.627
4.8644e-05      8.1301     0.34906      0.8077
4.785e-05      8.0645    -0.34906      5.1885
5.138e-05      8.0645    -0.26179      5.7984
5.4049e-05      8.0645    -0.17453      2.2613
5.5712e-05      8.0645   -0.087264      3.4001
5.6277e-05      8.0645           0      2.4423
5.5712e-05      8.0645    0.087264      1.1215
5.4049e-05      8.0645     0.17453      3.4051
5.138e-05      8.0645     0.26179      4.2471
4.785e-05      8.0645     0.34906     0.84907
4.7071e-05           8    -0.34906      3.7939
5.0472e-05           8    -0.26179       2.899
5.3041e-05           8    -0.17453     0.95739
5.464e-05           8   -0.087264      3.3071
5.5183e-05           8           0      3.6578
5.464e-05           8    0.087264      1.0531
5.3041e-05           8     0.17453      5.0005
5.0472e-05           8     0.26179      2.4565
4.7071e-05           8     0.34906      5.1815
4.6307e-05      7.9365    -0.34906     0.60938
4.9584e-05      7.9365    -0.26179      1.2052
5.2056e-05      7.9365    -0.17453      1.8762
5.3595e-05      7.9365   -0.087264       2.274
5.4117e-05      7.9365           0      3.8609
5.3595e-05      7.9365    0.087264      2.2375
5.2056e-05      7.9365     0.17453     0.27655
4.9584e-05      7.9365     0.26179      5.6565
4.6307e-05      7.9365     0.34906      2.6513
4.5556e-05       7.874    -0.34906      6.1641
4.8715e-05       7.874    -0.26179      4.8525
5.1096e-05       7.874    -0.17453    0.038434
5.2576e-05       7.874   -0.087264      3.1398
5.3078e-05       7.874           0      1.9936
5.2576e-05       7.874    0.087264      2.2517
5.1096e-05       7.874     0.17453      5.2444
4.8715e-05       7.874     0.26179      4.4781
4.5556e-05       7.874     0.34906      1.5265
4.482e-05      7.8125    -0.34906      2.2108
4.7866e-05      7.8125    -0.26179       0.417
5.0158e-05      7.8125    -0.17453      6.2325
5.1582e-05      7.8125   -0.087264      3.1134
5.2065e-05      7.8125           0      2.1167
5.1582e-05      7.8125    0.087264      5.0993
5.0158e-05      7.8125     0.17453      4.5834
4.7866e-05      7.8125     0.26179      1.4486
4.482e-05      7.8125     0.34906      2.7305
4.4098e-05      7.7519    -0.34906      3.5291
4.7035e-05      7.7519    -0.26179     0.30777
4.9243e-05      7.7519    -0.17453      4.5597
5.0614e-05      7.7519   -0.087264      5.7277
5.1078e-05      7.7519           0      5.3961
5.0614e-05      7.7519    0.087264      4.6044
4.9243e-05      7.7519     0.17453      5.1427
4.7035e-05      7.7519     0.26179      4.9844
4.4098e-05      7.7519     0.34906      6.2034
4.3389e-05      7.6923    -0.34906      3.8391
4.6222e-05      7.6923    -0.26179     0.34288
4.8349e-05      7.6923    -0.17453      3.7936
4.9669e-05      7.6923   -0.087264      4.0478
5.0117e-05      7.6923           0      4.8249
4.9669e-05      7.6923    0.087264      5.2314
4.8349e-05      7.6923     0.17453      2.5417
4.6222e-05      7.6923     0.26179      1.7162
4.3389e-05      7.6923     0.34906      2.4405
4.2694e-05      7.6336    -0.34906      3.3459
4.5427e-05      7.6336    -0.26179       5.563
4.7477e-05      7.6336    -0.17453      2.2639
4.8748e-05      7.6336   -0.087264       5.597
4.9179e-05      7.6336           0      1.2644
4.8748e-05      7.6336    0.087264      6.0368
4.7477e-05      7.6336     0.17453      6.1135
4.5427e-05      7.6336     0.26179    0.018247
4.2694e-05      7.6336     0.34906      3.2216
4.2012e-05      7.5758    -0.34906      5.8131
4.4649e-05      7.5758    -0.26179      3.0896
4.6625e-05      7.5758    -0.17453      5.7048
4.785e-05      7.5758   -0.087264      3.1932
4.8264e-05      7.5758           0      2.4665
4.785e-05      7.5758    0.087264      4.0687
4.6625e-05      7.5758     0.17453      2.3251
4.4649e-05      7.5758     0.26179       3.513
4.2012e-05      7.5758     0.34906      4.1906
4.1343e-05      7.5188    -0.34906      5.2766
4.3888e-05      7.5188    -0.26179      1.3417
4.5793e-05      7.5188    -0.17453      3.9557
4.6973e-05      7.5188   -0.087264      1.1537
4.7373e-05      7.5188           0      3.3833
4.6973e-05      7.5188    0.087264      2.9206
4.5793e-05      7.5188     0.17453     0.55299
4.3888e-05      7.5188     0.26179      4.8279
4.1343e-05      7.5188     0.34906      2.7042
4.0687e-05      7.4627    -0.34906      5.1145
4.3143e-05      7.4627    -0.26179      3.6275
4.4981e-05      7.4627    -0.17453      2.3108
4.6118e-05      7.4627   -0.087264      3.3924
4.6503e-05      7.4627           0      4.7961
4.6118e-05      7.4627    0.087264      2.8861
4.4981e-05      7.4627     0.17453      4.9894
4.3143e-05      7.4627     0.26179     0.78278
4.0687e-05      7.4627     0.34906      2.5599
4.0043e-05      7.4074    -0.34906      6.2537
4.2415e-05      7.4074    -0.26179      4.7126
4.4188e-05      7.4074    -0.17453      3.8409
4.5284e-05      7.4074   -0.087264      3.1584
4.5655e-05      7.4074           0      5.0617
4.5284e-05      7.4074    0.087264      5.3301
4.4188e-05      7.4074     0.17453      3.4817
4.2415e-05      7.4074     0.26179      2.3635
4.0043e-05      7.4074     0.34906     0.96997
3.9412e-05      7.3529    -0.34906      1.9712
4.1703e-05      7.3529    -0.26179      5.7247
4.3413e-05      7.3529    -0.17453      1.0919
4.447e-05      7.3529   -0.087264      3.0554
4.4828e-05      7.3529           0      2.9827
4.447e-05      7.3529    0.087264      1.0462
4.3413e-05      7.3529     0.17453      5.3131
4.1703e-05      7.3529     0.26179     0.18563
3.9412e-05      7.3529     0.34906      5.5812
3.8793e-05      7.2993    -0.34906      2.9167
4.1006e-05      7.2993    -0.26179      4.2758
4.2657e-05      7.2993    -0.17453      3.1567
4.3676e-05      7.2993   -0.087264     0.46673
4.4021e-05      7.2993           0      5.8665
4.3676e-05      7.2993    0.087264      2.4565
4.2657e-05      7.2993     0.17453      1.6383
4.1006e-05      7.2993     0.26179      4.7925
3.8793e-05      7.2993     0.34906      2.7302
3.8186e-05      7.2464    -0.34906      2.3372
4.0324e-05      7.2464    -0.26179      1.0125
4.1917e-05      7.2464    -0.17453      1.4922
4.2901e-05      7.2464   -0.087264      2.7356
4.3234e-05      7.2464           0      1.4232
4.2901e-05      7.2464    0.087264      4.0941
4.1917e-05      7.2464     0.17453      4.9868
4.0324e-05      7.2464     0.26179      6.0901
3.8186e-05      7.2464     0.34906      2.1834
3.759e-05      7.1942    -0.34906      2.7114
3.9656e-05      7.1942    -0.26179      1.0151
4.1195e-05      7.1942    -0.17453      2.8865
4.2144e-05      7.1942   -0.087264      3.6194
4.2465e-05      7.1942           0     0.64573
4.2144e-05      7.1942    0.087264      5.1051
4.1195e-05      7.1942     0.17453      1.4021
3.9656e-05      7.1942     0.26179      4.4329
3.759e-05      7.1942     0.34906       5.758
3.7007e-05      7.1429    -0.34906      3.7456
3.9003e-05      7.1429    -0.26179     0.20732
4.0489e-05      7.1429    -0.17453     0.82912
4.1405e-05      7.1429   -0.087264     0.76796
4.1715e-05      7.1429           0       4.012
4.1405e-05      7.1429    0.087264      6.0682
4.0489e-05      7.1429     0.17453      3.5049
3.9003e-05      7.1429     0.26179      3.2753
3.7007e-05      7.1429     0.34906      5.4867
3.6434e-05      7.0922    -0.34906      5.3981
3.8364e-05      7.0922    -0.26179      3.3881
3.98e-05      7.0922    -0.17453      4.7806
4.0684e-05      7.0922   -0.087264      6.2002
4.0983e-05      7.0922           0      5.9803
4.0684e-05      7.0922    0.087264      1.0642
3.98e-05      7.0922     0.17453      2.4597
3.8364e-05      7.0922     0.26179     0.96626
3.6434e-05      7.0922     0.34906      2.5688
3.5872e-05      7.0423    -0.34906      1.1421
3.7739e-05      7.0423    -0.26179      4.5898
3.9126e-05      7.0423    -0.17453      1.8486
3.998e-05      7.0423   -0.087264      4.1634
4.0268e-05      7.0423           0      1.4236
3.998e-05      7.0423    0.087264      4.3116
3.9126e-05      7.0423     0.17453      2.8923
3.7739e-05      7.0423     0.26179      3.6095
3.5872e-05      7.0423     0.34906      2.5502
3.5322e-05       6.993    -0.34906      1.0188
3.7127e-05       6.993    -0.26179      5.4857
3.8467e-05       6.993    -0.17453      3.1701
3.9292e-05       6.993   -0.087264      6.2816
3.9571e-05       6.993           0      5.6465
3.9292e-05       6.993    0.087264      2.1618
3.8467e-05       6.993     0.17453       3.362
3.7127e-05       6.993     0.26179      5.5581
3.5322e-05       6.993     0.34906      4.2842
3.4782e-05      6.9444    -0.34906      3.1869
3.6528e-05      6.9444    -0.26179      3.4387
3.7823e-05      6.9444    -0.17453      6.1023
3.862e-05      6.9444   -0.087264     0.14063
3.8889e-05      6.9444           0      3.8541
3.862e-05      6.9444    0.087264       3.461
3.7823e-05      6.9444     0.17453      6.1544
3.6528e-05      6.9444     0.26179      3.4516
3.4782e-05      6.9444     0.34906      3.0005
3.4252e-05      6.8966    -0.34906      2.3459
3.5941e-05      6.8966    -0.26179      2.1457
3.7194e-05      6.8966    -0.17453      1.0646
3.7964e-05      6.8966   -0.087264      3.2419
3.8224e-05      6.8966           0      1.6842
3.7964e-05      6.8966    0.087264     0.42836
3.7194e-05      6.8966     0.17453      2.8984
3.5941e-05      6.8966     0.26179      5.8833
3.4252e-05      6.8966     0.34906      1.6888
3.3733e-05      6.8493    -0.34906     0.90539
3.5367e-05      6.8493    -0.26179     0.86002
3.6578e-05      6.8493    -0.17453      1.6908
3.7323e-05      6.8493   -0.087264        5.19
3.7574e-05      6.8493           0      5.0192
3.7323e-05      6.8493    0.087264       2.699
3.6578e-05      6.8493     0.17453      5.6416
3.5367e-05      6.8493     0.26179      5.2068
3.3733e-05      6.8493     0.34906       4.734
3.3223e-05      6.8027    -0.34906      1.9268
3.4805e-05      6.8027    -0.26179      3.6128
3.5976e-05      6.8027    -0.17453      1.3767
3.6696e-05      6.8027   -0.087264      2.4103
3.6939e-05      6.8027           0       3.835
3.6696e-05      6.8027    0.087264        1.18
3.5976e-05      6.8027     0.17453      5.4331
3.4805e-05      6.8027     0.26179     0.20831
3.3223e-05      6.8027     0.34906      2.0371
3.2724e-05      6.7568    -0.34906      2.1861
3.4255e-05      6.7568    -0.26179     0.11202
3.5388e-05      6.7568    -0.17453     0.55786
3.6084e-05      6.7568   -0.087264      3.5823
3.6319e-05      6.7568           0        1.95
3.6084e-05      6.7568    0.087264      1.6141
3.5388e-05      6.7568     0.17453    0.079447
3.4255e-05      6.7568     0.26179      1.1462
3.2724e-05      6.7568     0.34906      4.9941
3.2234e-05      6.7114    -0.34906      1.8211
3.3716e-05      6.7114    -0.26179       3.812
3.4813e-05      6.7114    -0.17453    0.099017
3.5486e-05      6.7114   -0.087264      2.1258
3.5713e-05      6.7114           0      1.5599
3.5486e-05      6.7114    0.087264      5.6548
3.4813e-05      6.7114     0.17453      3.4437
3.3716e-05      6.7114     0.26179      0.2228
3.2234e-05      6.7114     0.34906      4.3119
3.1753e-05      6.6667    -0.34906      3.9956
3.3189e-05      6.6667    -0.26179      5.2692
3.425e-05      6.6667    -0.17453      3.5628
3.4901e-05      6.6667   -0.087264      2.6784
3.512e-05      6.6667           0      5.0745
3.4901e-05      6.6667    0.087264      1.6047
3.425e-05      6.6667     0.17453     0.17927
3.3189e-05      6.6667     0.26179      3.5045
3.1753e-05      6.6667     0.34906      1.8562
3.1282e-05      6.6225    -0.34906      5.3679
3.2672e-05      6.6225    -0.26179      6.0141
3.3699e-05      6.6225    -0.17453      1.1658
3.4329e-05      6.6225   -0.087264      5.8343
3.4542e-05      6.6225           0      3.4403
3.4329e-05      6.6225    0.087264      2.8585
3.3699e-05      6.6225     0.17453      5.7341
3.2672e-05      6.6225     0.26179      4.4303
3.1282e-05      6.6225     0.34906     0.64685
3.0819e-05      6.5789    -0.34906      2.2193
3.2166e-05      6.5789    -0.26179      0.1337
3.3161e-05      6.5789    -0.17453     0.93166
3.377e-05      6.5789   -0.087264       3.042
3.3976e-05      6.5789           0      4.3959
3.377e-05      6.5789    0.087264       3.044
3.3161e-05      6.5789     0.17453      4.1501
3.2166e-05      6.5789     0.26179       1.316
3.0819e-05      6.5789     0.34906      1.5241
3.0366e-05      6.5359    -0.34906      4.4139
3.1671e-05      6.5359    -0.26179      1.7607
3.2634e-05      6.5359    -0.17453     0.20273
3.3224e-05      6.5359   -0.087264      5.5286
3.3423e-05      6.5359           0      4.7176
3.3224e-05      6.5359    0.087264      4.3807
3.2634e-05      6.5359     0.17453      3.4693
3.1671e-05      6.5359     0.26179      3.9597
3.0366e-05      6.5359     0.34906      3.8517
2.9921e-05      6.4935    -0.34906      1.1238
3.1185e-05      6.4935    -0.26179      2.1047
3.2118e-05      6.4935    -0.17453      1.9228
3.2689e-05      6.4935   -0.087264      2.2998
3.2882e-05      6.4935           0      5.2056
3.2689e-05      6.4935    0.087264      5.3588
3.2118e-05      6.4935     0.17453       3.737
3.1185e-05      6.4935     0.26179      3.5557
2.9921e-05      6.4935     0.34906      1.6931
