
[NumberOfWaves] 990
=================================
0.00647705      22.2222    -0.369454      4.70288
0.00678913      22.2222    -0.369454      3.41355
0.00702031      22.2222            0      2.12449
0.00716241      22.2222            0      5.22955
0.00721035      22.2222            0      3.47181
0.00716241      22.2222            0      6.01624
0.00702031      22.2222            0      5.60967
0.00678913      22.2222     0.369454      2.23991
0.00647705      22.2222     0.369454      3.43304
0.00783875      21.7391    -0.361014       2.1782
0.00826148      21.7391    -0.361014      3.91307
0.00857608      21.7391            0      5.00519
0.00877006      21.7391            0      4.68633
0.00883561      21.7391            0     0.788744
0.00877006      21.7391            0       5.1671
0.00857608      21.7391            0     0.158021
0.00826148      21.7391     0.361014      2.60386
0.00783875      21.7391     0.361014      4.59543
0.00924665      21.2766    -0.352956      4.90937
0.00980358      21.2766    -0.352956      2.30766
0.0102202      21.2766    -0.352956         4.68
0.0104779      21.2766            0      5.60611
0.0105652      21.2766            0      1.52428
0.0104779      21.2766            0     0.814258
0.0102202      21.2766     0.352956       1.4141
0.00980358      21.2766     0.352956      2.19914
0.00924665      21.2766     0.352956      1.80375
0.0106643      20.8333    -0.345254      5.82741
0.0113803      20.8333    -0.345254     0.322404
0.0119188      20.8333    -0.345254      3.72373
0.0122532      20.8333            0      1.02349
0.0123666      20.8333            0       5.2677
0.0122532      20.8333            0      1.05279
0.0119188      20.8333     0.345254      3.15533
0.0113803      20.8333     0.345254      6.27879
0.0106643      20.8333     0.345254      2.23302
0.0120576      20.4082    -0.337884     0.295789
0.0129582      20.4082    -0.337884      1.34243
0.0136397      20.4082    -0.337884      2.49962
0.0140646      20.4082            0      2.09644
0.014209      20.4082            0      1.44259
0.0140646      20.4082            0      5.88164
0.0136397      20.4082     0.337884      4.29248
0.0129582      20.4082     0.337884      6.04496
0.0120576      20.4082     0.337884      2.75179
0.0133969           20    -0.330825      5.90814
0.0145083           20    -0.330825    0.0366571
0.0153547           20    -0.330825      3.83456
0.0158847           20            0      5.03316
0.0160652           20            0      1.46382
0.0158847           20            0       5.8587
0.0153547           20     0.330825      4.79558
0.0145083           20     0.330825      5.19258
0.0133969           20     0.330825      3.60307
0.0146597      19.6078    -0.324055      4.97979
0.016008      19.6078    -0.324055      2.06737
0.0170422      19.6078    -0.324055      1.40401
0.0176929      19.6078            0      1.96272
0.0179149      19.6078            0      3.67256
0.0176929      19.6078            0      5.21435
0.0170422      19.6078     0.324055      1.82498
0.016008      19.6078     0.324055      2.52925
0.0146597      19.6078     0.324055      5.41631
0.0158321      19.2308    -0.317559      3.86241
0.017444      19.2308    -0.317559      6.22763
0.01869      19.2308    -0.317559      1.27984
0.0194778      19.2308            0      5.19735
0.0197474      19.2308            0      4.24644
0.0194778      19.2308            0      1.56415
0.01869      19.2308     0.317559      2.98936
0.017444      19.2308     0.317559      2.50739
0.0158321      19.2308     0.317559      3.76627
0.0169118      18.8679    -0.311317      5.02968
0.0188151      18.8679    -0.311317     0.660147
0.0202985      18.8679    -0.311317      5.16112
0.0212416      18.8679            0      5.28455
0.0215652      18.8679            0      2.22736
0.0212416      18.8679            0      2.70213
0.0202985      18.8679     0.311317      3.59538
0.0188151      18.8679     0.311317      4.40328
0.0169118      18.8679     0.311317      4.66494
0.0179102      18.5185    -0.305317      4.76179
0.0201351      18.5185    -0.305317       2.4449
0.0218846      18.5185    -0.305317      2.69731
0.0230035      18.5185            0      6.00871
0.0233886      18.5185            0      3.59998
0.0230035      18.5185            0       5.3388
0.0218846      18.5185     0.305317      1.73628
0.0201351      18.5185     0.305317      3.91006
0.0179102      18.5185     0.305317      3.69668
0.0188535      18.1818    -0.299542      6.05347
0.0214354      18.1818    -0.299542     0.539727
0.0234852      18.1818    -0.299542      3.14463
0.0248045      18.1818            0      3.27715
0.02526      18.1818            0     0.566513
0.0248045      18.1818            0      5.68402
0.0234852      18.1818     0.299542      5.55662
0.0214354      18.1818     0.299542      2.75817
0.0188535      18.1818     0.299542      4.91156
0.0197832      17.8571    -0.293981     0.932806
0.0227663      17.8571    -0.293981       3.8943
0.0251589      17.8571    -0.293981       1.6375
0.0267095      17.8571            0      2.80006
0.0272467      17.8571            0      5.30285
0.0267095      17.8571            0      1.23276
0.0251589      17.8571     0.293981       1.9091
0.0227663      17.8571     0.293981      3.03654
0.0197832      17.8571     0.293981      2.12247
0.0207531      17.5439    -0.288621      5.01689
0.0241948      17.5439    -0.288621      6.20438
0.026986      17.5439    -0.288621     0.999296
0.0288082      17.5439            0      1.48832
0.0294417      17.5439            0      4.41215
0.0288082      17.5439            0      2.35909
0.026986      17.5439     0.288621      6.11779
0.0241948      17.5439     0.288621        6.109
0.0207531      17.5439     0.288621      4.04435
0.0218231      17.2414    -0.283451        5.404
0.0257994      17.2414    -0.283451      2.52503
0.0290626      17.2414    -0.283451      3.97042
0.0312097      17.2414            0      6.19024
0.0319592      17.2414            0       3.5152
0.0312097      17.2414            0      5.86576
0.0290626      17.2414     0.283451      4.52592
0.0257994      17.2414     0.283451      3.04121
0.0218231      17.2414     0.283451      4.01503
0.023048      16.9492    -0.278461      5.57702
0.0276575      16.9492    -0.278461      1.24866
0.0314886      16.9492    -0.278461      2.48409
0.0340307      16.9492            0      6.23384
0.0349218      16.9492            0      2.52798
0.0340307      16.9492            0       4.1396
0.0314886      16.9492     0.278461      5.66317
0.0276575      16.9492     0.278461      6.25398
0.023048      16.9492     0.278461      4.10382
0.0244607      16.6667    -0.273641     0.681306
0.0298256      16.6667    -0.273641     0.226904
0.0343454      16.6667    -0.273641      3.88347
0.0373717      16.6667            0      3.56337
0.0384372      16.6667            0      6.04402
0.0373717      16.6667            0      4.68778
0.0343454      16.6667     0.273641      4.16259
0.0298256      16.6667     0.273641      3.28798
0.0244607      16.6667     0.273641      1.63292
0.0260498      16.3934    -0.268983      6.04421
0.0323106      16.3934    -0.268983       3.3941
0.037662      16.3934    -0.268983     0.190187
0.0412798      16.3934            0      4.37494
0.0425597      16.3934            0      3.26538
0.0412798      16.3934            0     0.370889
0.037662      16.3934     0.268983       5.5921
0.0323106      16.3934     0.268983      2.07466
0.0260498      16.3934     0.268983      1.44321
0.0277348       16.129    -0.264478     0.715939
0.0350339       16.129    -0.264478      1.95353
0.04137       16.129    -0.264478      1.43524
0.0456975       16.129            0       4.0965
0.0472364       16.129            0     0.415684
0.0456975       16.129            0      1.73054
0.04137       16.129     0.264478      1.77068
0.0350339       16.129     0.264478      5.52946
0.0277348       16.129     0.264478      2.79173
0.0293476       15.873    -0.260118      4.74941
0.0377997       15.873    -0.260118      3.79051
0.0452582       15.873    -0.260118      4.92126
0.0504085       15.873            0     0.715826
0.05225       15.873            0      6.14832
0.0504085       15.873            0      5.33173
0.0452582       15.873     0.260118     0.318212
0.0377997       15.873     0.260118      2.92915
0.0293476       15.873     0.260118      2.04608
0.0306368       15.625    -0.255896      3.95958
0.0402867       15.625    -0.255896      1.44697
0.048953       15.625    -0.255896      3.64342
0.0550072       15.625            0      3.78963
0.0571845       15.625            0      3.76904
0.0550072       15.625            0      2.81747
0.048953       15.625     0.255896     0.222566
0.0402867       15.625     0.255896       3.2283
0.0306368       15.625     0.255896      2.56177
0.0313111      15.3846    -0.251805     0.678853
0.0420923      15.3846    -0.251805       2.8894
0.0519566      15.3846    -0.251805       2.8329
0.0589336      15.3846            0      3.46281
0.0614583      15.3846            0      5.06036
0.0589336      15.3846            0      4.40344
0.0519566      15.3846     0.251805      5.48026
0.0420923      15.3846     0.251805     0.327923
0.0313111      15.3846     0.251805      1.38026
0.0311251      15.1515     -0.24784      2.88793
0.0428361      15.1515     -0.24784      6.02247
0.0537651      15.1515     -0.24784      4.96385
0.0615977      15.1515            0      2.83913
0.0644506      15.1515            0      2.09493
0.0615977      15.1515            0     0.371296
0.0537651      15.1515      0.24784      4.65511
0.0428361      15.1515      0.24784      3.18419
0.0311251      15.1515      0.24784      1.25613
0.0306493      14.9254    -0.243993      2.68406
0.0427031      14.9254    -0.243993      1.05988
0.0540693      14.9254    -0.243993       4.7229
0.0622714      14.9254            0      2.31435
0.0652693      14.9254            0      5.91744
0.0622714      14.9254            0     0.107895
0.0540693      14.9254     0.243993      5.20896
0.0427031      14.9254     0.243993      3.93687
0.0306493      14.9254     0.243993      3.38494
0.0308062      14.7059     -0.24026      4.08714
0.0424072      14.7059     -0.24026      4.56541
0.0532358      14.7059     -0.24026     0.593672
0.0609974      14.7059            0       5.5138
0.0638248      14.7059            0    0.0902374
0.0609974      14.7059            0       1.8491
0.0532358      14.7059      0.24026      1.13041
0.0424072      14.7059      0.24026      5.81991
0.0308062      14.7059      0.24026     0.428378
0.0303997      14.4928    -0.236635      3.65101
0.0413711      14.4928    -0.236635      4.00322
0.0515136      14.4928    -0.236635      4.09192
0.0587369      14.4928            0      5.43242
0.0613598      14.4928            0      0.35155
0.0587369      14.4928            0       5.1323
0.0515136      14.4928     0.236635      3.32322
0.0413711      14.4928     0.236635       4.3626
0.0303997      14.4928     0.236635      1.33454
0.0295282      14.2857    -0.233114      3.41343
0.0397499      14.2857    -0.233114      4.41393
0.049113      14.2857    -0.233114      6.00928
0.0557406      14.2857            0      2.79306
0.0581399      14.2857            0     0.536555
0.0557406      14.2857            0     0.360268
0.049113      14.2857     0.233114      3.95484
0.0397499      14.2857     0.233114      5.00239
0.0295282      14.2857     0.233114      4.34276
0.0283291      14.0845     -0.47277      2.16957
0.0377428      14.0845    -0.229691      5.94885
0.0462907      14.0845    -0.229691      3.26836
0.0523063      14.0845            0      5.99281
0.0544776      14.0845            0     0.462401
0.0523063      14.0845            0      1.30078
0.0462907      14.0845     0.229691       4.8695
0.0377428      14.0845     0.229691      5.74384
0.0283291      14.0845      0.47277      4.91677
0.0269495      13.8889    -0.465501      1.85684
0.0355525      13.8889    -0.226363     0.954047
0.0432996      13.8889    -0.226363      5.32742
0.0487216      13.8889            0      4.93124
0.0506732      13.8889            0      1.70163
0.0487216      13.8889            0      1.43133
0.0432996      13.8889     0.226363      2.01699
0.0355525      13.8889     0.226363      5.21214
0.0269495      13.8889     0.465501      5.16577
0.0255213      13.6986    -0.458449       3.5856
0.0333537      13.6986    -0.223125      3.59281
0.0403511      13.6986    -0.223125      1.79705
0.0452227      13.6986            0      4.39266
0.0469716      13.6986            0      5.00289
0.0452227      13.6986            0       2.7745
0.0403511      13.6986     0.223125      2.80357
0.0333537      13.6986     0.223125      2.92576
0.0255213      13.6986     0.458449       1.7532
0.0241461      13.5135    -0.451603      4.24338
0.0312753      13.5135    -0.219974      5.67772
0.0375964      13.5135    -0.219974      5.70827
0.0419751      13.5135            0      4.69464
0.0435431      13.5135            0      1.63679
0.0419751      13.5135            0      4.33299
0.0375964      13.5135     0.219974     0.828292
0.0312753      13.5135     0.219974     0.775956
0.0241461      13.5135     0.451603      1.19944
0.022891      13.3333    -0.444955     0.915635
0.0293975      13.3333    -0.216905      3.67583
0.0351251      13.3333    -0.216905     0.460931
0.0390737      13.3333            0      5.16668
0.0404843      13.3333            0        4.542
0.0390737      13.3333            0      5.81717
0.0351251      13.3333     0.216905      3.09525
0.0293975      13.3333     0.216905      4.11463
0.022891      13.3333     0.444955      5.59265
0.0217914      13.1579    -0.438494      3.38356
0.0277583      13.1579    -0.213916       1.7731
0.0329748      13.1579    -0.213916      6.13194
0.0365546      13.1579            0     0.228862
0.0378305      13.1579            0      2.04979
0.0365546      13.1579            0      6.11344
0.0329748      13.1579     0.213916       2.2935
0.0277583      13.1579     0.213916      1.94239
0.0217914      13.1579     0.438494     0.759693
0.020858       12.987    -0.432213      5.75376
0.0263634       12.987    -0.211002      0.85121
0.0311448       12.987    -0.211002       2.0867
0.0344116       12.987            0      5.63887
0.0355735       12.987            0      3.13929
0.0344116       12.987            0      3.86586
0.0311448       12.987     0.211002      3.66382
0.0263634       12.987     0.211002      4.38713
0.020858       12.987     0.432213     0.184295
0.020084      12.8205    -0.426102      3.31669
0.025197      12.8205    -0.208162     0.201514
0.0296098      12.8205    -0.208162      5.19694
0.0326123      12.8205            0      2.13613
0.0336779      12.8205            0      5.31988
0.0326123      12.8205            0      1.54606
0.0296098      12.8205     0.208162      3.65351
0.025197      12.8205     0.208162      5.89142
0.020084      12.8205     0.426102     0.300248
0.0194522      12.6582    -0.420155     0.339142
0.0242315      12.6582    -0.205392     0.129543
0.0283315      12.6582    -0.205392      4.28173
0.03111      12.6582            0      3.76118
0.0320942      12.6582            0     0.716451
0.03111      12.6582            0      5.00281
0.0283315      12.6582     0.205392      3.88196
0.0242315      12.6582     0.205392     0.441152
0.0194522      12.6582     0.420155      0.43528
0.0189401         12.5    -0.414364     0.854534
0.0234337         12.5    -0.202689       4.9566
0.0272664         12.5    -0.202689      0.58054
0.0298539         12.5            0      1.49453
0.0307686         12.5            0      1.53084
0.0298539         12.5            0     0.658598
0.0272664         12.5     0.202689      5.39303
0.0234337         12.5     0.202689      4.38679
0.0189401         12.5     0.414364       4.6101
0.0185239      12.3457    -0.408723      4.08728
0.02277      12.3457     -0.20005      3.24373
0.0263718      12.3457     -0.20005       2.0507
0.0287944      12.3457            0      4.15794
0.0296493      12.3457            0     0.738664
0.0287944      12.3457            0     0.928737
0.0263718      12.3457      0.20005     0.124181
0.02277      12.3457      0.20005      6.05864
0.0185239      12.3457     0.408723      6.09685
0.0181809      12.1951    -0.403225     0.778216
0.0222095      12.1951    -0.197474      2.93674
0.0256087      12.1951    -0.197474      4.12601
0.0278871      12.1951            0      1.82324
0.0286897      12.1951            0      4.74075
0.0278871      12.1951            0      3.50666
0.0256087      12.1951     0.197474      2.68782
0.0222095      12.1951     0.197474      1.67878
0.0181809      12.1951     0.403225      4.73572
0.017891      12.0482    -0.397864       5.6445
0.0217252      12.0482    -0.194958      4.57681
0.0249441      12.0482    -0.194958      2.55611
0.0270943      12.0482            0      5.89544
0.0278505      12.0482            0      1.60485
0.0270943      12.0482            0      3.34986
0.0249441      12.0482     0.194958      5.99872
0.0217252      12.0482     0.194958      1.68226
0.017891      12.0482     0.397864      1.57128
0.0176377      11.9048    -0.392635      5.82857
0.0212952      11.9048    -0.192499     0.430903
0.0243509      11.9048    -0.192499      1.88113
0.0263856      11.9048            0      3.71692
0.0271      11.9048            0      1.27733
0.0263856      11.9048            0      3.99525
0.0243509      11.9048     0.192499      5.01616
0.0212952      11.9048     0.192499      3.15219
0.0176377      11.9048     0.392635      4.08905
0.0174077      11.7647    -0.387532      5.00099
0.0209024      11.7647    -0.190095      1.46629
0.0238085      11.7647    -0.190095      3.77507
0.0257376      11.7647            0     0.706601
0.0264139      11.7647            0      3.24056
0.0257376      11.7647            0      5.26415
0.0238085      11.7647     0.190095      5.78532
0.0209024      11.7647     0.190095      3.13037
0.0174077      11.7647     0.387532      1.74423
0.0171915      11.6279     -0.38255      4.09978
0.0205342      11.6279    -0.187744      5.76339
0.0233016      11.6279    -0.187744      3.20332
0.025133      11.6279            0      6.12085
0.0257742      11.6279            0       1.2395
0.025133      11.6279            0     0.698575
0.0233016      11.6279     0.187744      1.86828
0.0205342      11.6279     0.187744       2.4907
0.0171915      11.6279      0.38255      2.64361
0.0169821      11.4943    -0.377684        1.957
0.0201817      11.4943    -0.185445      4.35942
0.0228192      11.4943    -0.185445     0.577231
0.0245598      11.4943            0      2.52632
0.0251682      11.4943            0      1.85462
0.0245598      11.4943            0      1.92572
0.0228192      11.4943     0.185445     0.663241
0.0201817      11.4943     0.185445      3.73102
0.0169821      11.4943     0.377684      1.77638
0.0167751      11.3636     -0.37293     0.975257
0.019839      11.3636    -0.183196   0.00413841
0.0223543      11.3636    -0.183196      1.78183
0.0240096      11.3636            0      3.46074
0.0245875      11.3636            0      5.47188
0.0240096      11.3636            0     0.265478
0.0223543      11.3636     0.183196      5.68437
0.019839      11.3636     0.183196      0.82291
0.0167751      11.3636      0.37293      5.23832
0.0165677       11.236    -0.368284      5.02934
0.0195024       11.236    -0.180994      5.76704
0.0219021       11.236    -0.180994     0.862679
0.0234772       11.236            0      3.17123
0.0240263       11.236            0      2.54435
0.0234772       11.236            0      1.09055
0.0219021       11.236     0.180994      3.61388
0.0195024       11.236     0.180994      3.80887
0.0165677       11.236     0.368284      1.34736
0.0163585      11.1111     -0.36374      3.26673
0.0191699      11.1111    -0.178838      6.21505
0.0214598      11.1111    -0.178838      3.07814
0.0229592      11.1111            0      4.36589
0.0234812      11.1111            0      2.58496
0.0229592      11.1111            0     0.218502
0.0214598      11.1111     0.178838      1.83986
0.0191699      11.1111     0.178838      5.03546
0.0163585      11.1111      0.36374      2.17707
0.0161468       10.989    -0.359297     0.523474
0.0188402       10.989    -0.176726      3.21128
0.0210261       10.989    -0.176726      2.30481
0.0224538       10.989            0      4.64615
0.0229502       10.989            0      3.29694
0.0224538       10.989            0       5.0548
0.0210261       10.989     0.176726      5.13265
0.0188402       10.989     0.176726      1.19045
0.0161468       10.989     0.359297     0.777166
0.0159326      10.8696    -0.354949      5.15832
0.0185131      10.8696    -0.174658      4.00791
0.0206      10.8696    -0.174658     0.101281
0.0219598      10.8696    -0.174658      5.62928
0.0224321      10.8696            0       3.2381
0.0219598      10.8696     0.174658      3.42123
0.0206      10.8696     0.174658      3.81028
0.0185131      10.8696     0.174658      4.77782
0.0159326      10.8696     0.354949      5.37414
0.015716      10.7527    -0.350693      2.40556
0.0181885      10.7527    -0.350693     0.531851
0.0201812      10.7527     -0.17263      4.61093
0.0214768      10.7527     -0.17263      2.08589
0.0219262      10.7527            0      5.27615
0.0214768      10.7527      0.17263      2.33554
0.0201812      10.7527      0.17263      5.20368
0.0181885      10.7527     0.350693      1.10907
0.015716      10.7527     0.350693     0.813773
0.0154975      10.6383    -0.346527      5.52831
0.0178666      10.6383    -0.346527     0.276949
0.0197697      10.6383    -0.170643      4.31466
0.0210044      10.6383    -0.170643       4.6103
0.0214323      10.6383            0      2.74675
0.0210044      10.6383     0.170643      2.38653
0.0197697      10.6383     0.170643      6.15519
0.0178666      10.6383     0.346527      2.50688
0.0154975      10.6383     0.346527      2.76569
0.0152775      10.5263    -0.342446     0.985224
0.0175477      10.5263    -0.342446      2.04847
0.0193656      10.5263    -0.168695      1.97325
0.0205425      10.5263    -0.168695      5.62015
0.0209499      10.5263            0      1.55205
0.0205425      10.5263     0.168695        1.952
0.0193656      10.5263     0.168695      2.56892
0.0175477      10.5263     0.342446      4.44843
0.0152775      10.5263     0.342446     0.902475
0.0150566      10.4167    -0.338447      5.47452
0.0172321      10.4167    -0.338447     0.522468
0.018969      10.4167    -0.166783       2.9011
0.0200911      10.4167    -0.166783     0.190934
0.0204792      10.4167            0      4.73236
0.0200911      10.4167     0.166783      4.39837
0.018969      10.4167     0.166783      1.34778
0.0172321      10.4167     0.338447      4.27184
0.0150566      10.4167     0.338447      3.50147
0.0148351      10.3093    -0.334529      5.34482
0.0169201      10.3093    -0.334529      3.50947
0.0185799      10.3093    -0.164908      5.66584
0.0196501      10.3093    -0.164908      2.63583
0.0200198      10.3093            0      2.25012
0.0196501      10.3093     0.164908      3.07231
0.0185799      10.3093     0.164908      1.60821
0.0169201      10.3093     0.334529      5.83797
0.0148351      10.3093     0.334529      2.93263
0.0146136      10.2041    -0.330687      1.59593
0.0166121      10.2041    -0.330687      2.70935
0.0181984      10.2041    -0.163068        4.414
0.0192194      10.2041    -0.163068      2.52784
0.0195718      10.2041            0       1.1425
0.0192194      10.2041     0.163068      5.37983
0.0181984      10.2041     0.163068      3.67054
0.0166121      10.2041     0.330687       2.3472
0.0146136      10.2041     0.330687      1.39291
0.0143924       10.101     -0.32692      1.37594
0.0163082       10.101     -0.32692      3.28119
0.0178247       10.101    -0.161262      2.72319
0.018799       10.101    -0.161262      4.65761
0.019135       10.101            0     0.442635
0.018799       10.101     0.161262       5.3238
0.0178247       10.101     0.161262      4.27169
0.0163082       10.101      0.32692     0.858582
0.0143924       10.101      0.32692      5.39334
0.0141719           10    -0.323225      1.25556
0.0160087           10    -0.323225      3.81592
0.0174588           10    -0.159488      3.41195
0.0183887           10    -0.159488      1.01989
0.0187092           10            0    0.0355182
0.0183887           10     0.159488      4.84724
0.0174588           10     0.159488      4.80516
0.0160087           10     0.323225      2.64558
0.0141719           10     0.323225     0.356957
0.013953       9.901     -0.3196      3.6802
0.015714       9.901     -0.3196      1.0942
0.017101       9.901    -0.15775      4.5779
0.017989       9.901    -0.15775       3.357
0.018294       9.901           0        1.59
0.017989       9.901     0.15775      5.7619
0.017101       9.901     0.15775      4.7637
0.015714       9.901      0.3196      5.5732
0.013953       9.901      0.3196     0.43226
0.013734      9.8039    -0.31604      1.1531
0.015423      9.8039    -0.31604       4.631
0.01675      9.8039    -0.15604      4.3775
0.017598      9.8039    -0.15604      4.8818
0.01789      9.8039           0      3.1535
0.017598      9.8039     0.15604      2.6734
0.01675      9.8039     0.15604      3.8404
0.015423      9.8039     0.31604      5.3768
0.013734      9.8039     0.31604      4.2146
0.013518      9.7087    -0.31255      3.2897
0.015138      9.7087    -0.31255      1.8775
0.016408      9.7087    -0.15435       4.423
0.017218      9.7087    -0.15435      2.3977
0.017496      9.7087           0      3.5668
0.017218      9.7087     0.15435      5.5784
0.016408      9.7087     0.15435      5.2963
0.015138      9.7087     0.31255      5.6472
0.013518      9.7087     0.31255      5.8998
0.013303      9.6154    -0.30912      5.1234
0.014857      9.6154    -0.30912   0.0085312
0.016073      9.6154     -0.1527    0.019419
0.016847      9.6154     -0.1527     0.54957
0.017113      9.6154           0      1.6381
0.016847      9.6154      0.1527     0.14324
0.016073      9.6154      0.1527      2.6645
0.014857      9.6154     0.30912      2.1429
0.013303      9.6154     0.30912      3.4013
0.013091      9.5238    -0.30575      5.8191
0.014582      9.5238    -0.30575      1.8755
0.015745      9.5238    -0.15108      2.1242
0.016485      9.5238    -0.15108      5.4001
0.016739      9.5238           0      2.1392
0.016485      9.5238     0.15108     0.86781
0.015745      9.5238     0.15108      3.1905
0.014582      9.5238     0.30575      5.3824
0.013091      9.5238     0.30575      2.4146
0.01288       9.434    -0.30244       4.371
0.014311       9.434    -0.30244      3.9451
0.015425       9.434    -0.14948      2.8298
0.016133       9.434    -0.14948      2.9757
0.016376       9.434           0       5.967
0.016133       9.434     0.14948     0.52462
0.015425       9.434     0.14948      1.7582
0.014311       9.434     0.30244      2.8085
0.01288       9.434     0.30244      3.6917
0.012672      9.3458    -0.29918      5.5142
0.014046      9.3458    -0.29918      2.9474
0.015113      9.3458    -0.14791      2.7483
0.01579      9.3458    -0.14791      4.6883
0.016022      9.3458           0      2.9399
0.01579      9.3458     0.14791      5.4086
0.015113      9.3458     0.14791      2.9311
0.014046      9.3458     0.29918      3.1296
0.012672      9.3458     0.29918      3.0625
0.012467      9.2593    -0.29598      1.4418
0.013785      9.2593    -0.29598     0.53752
0.014808      9.2593    -0.14636     0.42337
0.015455      9.2593    -0.14636      5.5818
0.015677      9.2593           0       1.465
0.015455      9.2593     0.14636      5.4134
0.014808      9.2593     0.14636      4.4718
0.013785      9.2593     0.29598      5.4839
0.012467      9.2593     0.29598      5.8935
0.012264      9.1743    -0.29284     0.87767
0.01353      9.1743    -0.29284      2.4749
0.01451      9.1743    -0.14484      6.1609
0.01513      9.1743    -0.14484      4.0512
0.015342      9.1743           0      5.6321
0.01513      9.1743     0.14484      3.0299
0.01451      9.1743     0.14484    0.088547
0.01353      9.1743     0.29284      3.9136
0.012264      9.1743     0.29284       1.452
0.012064      9.0909    -0.28975      3.3139
0.01328      9.0909    -0.28975      4.5551
0.014219      9.0909    -0.14335      3.8164
0.014812      9.0909    -0.14335      3.6967
0.015015      9.0909           0      2.7233
0.014812      9.0909     0.14335      1.5341
0.014219      9.0909     0.14335      2.6952
0.01328      9.0909     0.28975    0.063945
0.012064      9.0909     0.28975      3.8252
0.011866       9.009    -0.28671       6.019
0.013034       9.009    -0.28671     0.59969
0.013935       9.009    -0.14187     0.22362
0.014503       9.009    -0.14187      5.5682
0.014697       9.009           0      1.5515
0.014503       9.009     0.14187    0.056013
0.013935       9.009     0.14187      5.1201
0.013034       9.009     0.28671     0.88276
0.011866       9.009     0.28671      5.5282
0.011672      8.9286    -0.28371     0.59925
0.012794      8.9286    -0.28371      2.2151
0.013658      8.9286    -0.14042      3.7285
0.014202      8.9286    -0.14042      3.6767
0.014388      8.9286           0       4.195
0.014202      8.9286     0.14042      4.0716
0.013658      8.9286     0.14042      2.7229
0.012794      8.9286     0.28371      0.8781
0.011672      8.9286     0.28371      4.7244
0.01148      8.8496    -0.28077      1.5191
0.012559      8.8496    -0.28077      4.0868
0.013387      8.8496    -0.13899      5.3869
0.013909      8.8496    -0.13899      0.5301
0.014087      8.8496           0      6.1076
0.013909      8.8496     0.13899     0.19766
0.013387      8.8496     0.13899      5.2488
0.012559      8.8496     0.28077      5.2508
0.01148      8.8496     0.28077     0.31325
0.011292      8.7719    -0.27787      3.4298
0.012328      8.7719    -0.27787      5.9259
0.013123      8.7719    -0.13759      2.0198
0.013623      8.7719    -0.13759       5.067
0.013794      8.7719           0      3.7786
0.013623      8.7719     0.13759      4.9612
0.013123      8.7719     0.13759      5.0213
0.012328      8.7719     0.27787     0.31142
0.011292      8.7719     0.27787      1.7793
0.011106      8.6957    -0.41954      4.1057
0.012102      8.6957    -0.27501      3.0765
0.012865      8.6957     -0.1362      6.1124
0.013345      8.6957     -0.1362      4.7028
0.013508      8.6957           0      3.5677
0.013345      8.6957      0.1362      1.8784
0.012865      8.6957      0.1362      1.6091
0.012102      8.6957     0.27501      5.5703
0.011106      8.6957     0.41954      2.8072
0.010923      8.6207     -0.4151      5.1268
0.011881      8.6207     -0.2722     0.61785
0.012614      8.6207    -0.13483      5.4008
0.013074      8.6207    -0.13483     0.17359
0.013231      8.6207           0      5.6494
0.013074      8.6207     0.13483      5.6543
0.012614      8.6207     0.13483       3.293
0.011881      8.6207      0.2722     0.75521
0.010923      8.6207      0.4151      1.1171
0.010744       8.547    -0.41073      4.4365
0.011665       8.547    -0.26943      5.2234
0.012369       8.547    -0.13349     0.21886
0.01281       8.547    -0.13349      4.7615
0.01296       8.547           0      6.0135
0.01281       8.547     0.13349      2.1543
0.012369       8.547     0.13349      4.0101
0.011665       8.547     0.26943      2.1551
0.010744       8.547     0.41073      1.3601
0.010567      8.4746    -0.40643      4.9397
0.011454      8.4746    -0.26671      4.5432
0.012129      8.4746    -0.13216      1.7519
0.012553      8.4746    -0.13216      3.6594
0.012697      8.4746           0      2.6452
0.012553      8.4746     0.13216     0.57847
0.012129      8.4746     0.13216     0.15096
0.011454      8.4746     0.26671      3.0859
0.010567      8.4746     0.40643      1.7484
0.010393      8.4034     -0.4022      2.1347
0.011246      8.4034    -0.26402      1.8054
0.011896      8.4034    -0.13085      1.0738
0.012302      8.4034    -0.13085      2.5086
0.012441      8.4034           0      4.3833
0.012302      8.4034     0.13085      1.2797
0.011896      8.4034     0.13085      4.1865
0.011246      8.4034     0.26402      2.7838
0.010393      8.4034      0.4022      2.7224
0.010223      8.3333    -0.39804       1.101
0.011044      8.3333    -0.26137      1.2139
0.011668      8.3333    -0.12957       3.873
0.012058      8.3333    -0.12957      1.6902
0.012191      8.3333           0      3.5165
0.012058      8.3333     0.12957      5.9361
0.011668      8.3333     0.12957       4.489
0.011044      8.3333     0.26137      4.2675
0.010223      8.3333     0.39804      6.0278
0.010055      8.2645    -0.39394      4.8714
0.010845      8.2645    -0.25876      3.8183
0.011445      8.2645    -0.12829      5.9563
0.01182      8.2645    -0.12829     0.37473
0.011948      8.2645           0      1.6883
0.01182      8.2645     0.12829      6.1993
0.011445      8.2645     0.12829      4.8518
0.010845      8.2645     0.25876      2.9867
0.010055      8.2645     0.39394      4.2781
0.0098905      8.1967     -0.3899      2.6196
0.010652      8.1967    -0.25619      2.3885
0.011228      8.1967    -0.12704        1.34
0.011589      8.1967    -0.12704       2.406
0.011711      8.1967           0      0.1864
0.011589      8.1967     0.12704      2.9676
0.011228      8.1967     0.12704      2.0946
0.010652      8.1967     0.25619      6.1312
0.0098905      8.1967      0.3899      3.4899
0.0097288      8.1301    -0.38592      5.3173
0.010462      8.1301    -0.25365      2.5639
0.011017      8.1301     -0.1258      2.9029
0.011363      8.1301     -0.1258      5.1917
0.01148      8.1301           0      6.2277
0.011363      8.1301      0.1258       3.292
0.011017      8.1301      0.1258      5.8145
0.010462      8.1301     0.25365      4.6433
0.0097288      8.1301     0.38592      3.5652
0.0095701      8.0645      -0.382      6.0868
0.010276      8.0645    -0.25115      5.1803
0.01081      8.0645    -0.12458      6.0292
0.011143      8.0645    -0.12458       4.061
0.011256      8.0645           0      2.3849
0.011143      8.0645     0.12458      2.9943
0.01081      8.0645     0.12458      5.7294
0.010276      8.0645     0.25115    0.093327
0.0095701      8.0645       0.382     0.98451
0.0094144           8    -0.37814      2.9629
0.010095           8    -0.24868      3.4116
0.010608           8    -0.12338     0.37504
0.010928           8    -0.12338      4.1344
0.011037           8           0      5.5896
0.010928           8     0.12338     0.68882
0.010608           8     0.12338      2.7505
0.010095           8     0.24868      1.7607
0.0094144           8     0.37814      6.1903
0.0092615      7.9365    -0.37433      3.8248
0.0099169      7.9365    -0.24625      1.5943
0.010411      7.9365    -0.12219     0.83322
0.010719      7.9365    -0.12219      3.4243
0.010824      7.9365           0      5.2011
0.010719      7.9365     0.12219      5.2589
0.010411      7.9365     0.12219      5.2359
0.0099169      7.9365     0.24625      1.2799
0.0092615      7.9365     0.37433      3.4206
0.0091114       7.874    -0.37058      5.4973
0.0097432       7.874    -0.24385     0.76024
0.010219       7.874    -0.12101      5.3805
0.010515       7.874    -0.12101      5.6533
0.010616       7.874           0      1.3688
0.010515       7.874     0.12101     0.48366
0.010219       7.874     0.12101      2.9795
0.0097432       7.874     0.24385      5.2465
0.0091114       7.874     0.37058      2.9492
0.0089641      7.8125    -0.36688      2.5997
0.0095733      7.8125    -0.24148      3.1588
0.010032      7.8125    -0.11985     0.78814
0.010317      7.8125    -0.11985     0.83115
0.010413      7.8125           0      5.4692
0.010317      7.8125     0.11985      3.7883
0.010032      7.8125     0.11985      1.6669
0.0095733      7.8125     0.24148      5.4336
0.0089641      7.8125     0.36688      0.3651
0.0088197      7.7519    -0.36323      2.8761
0.0094071      7.7519    -0.23914      4.5376
0.0098487      7.7519    -0.11871      2.1299
0.010123      7.7519    -0.11871      2.5209
0.010216      7.7519           0       3.311
0.010123      7.7519     0.11871      5.6185
0.0098487      7.7519     0.11871      4.8904
0.0094071      7.7519     0.23914     0.43584
0.0088197      7.7519     0.36323      1.7516
0.0086779      7.6923    -0.35963      2.3836
0.0092445      7.6923    -0.23683      5.4327
0.00967      7.6923    -0.11758      2.6386
0.009934      7.6923    -0.11758      1.5072
0.010023      7.6923           0      3.7551
0.009934      7.6923     0.11758      3.0121
0.00967      7.6923     0.11758      5.6456
0.0092445      7.6923     0.23683      5.8728
0.0086779      7.6923     0.35963      5.1388
0.0085388      7.6336    -0.35608      4.4541
0.0090854      7.6336    -0.23455      4.6697
0.0094955      7.6336    -0.11647      5.6529
0.0097497      7.6336    -0.11647      0.4099
0.0098359      7.6336           0      2.1105
0.0097497      7.6336     0.11647    0.027237
0.0094955      7.6336     0.11647      5.2029
0.0090854      7.6336     0.23455      3.1882
0.0085388      7.6336     0.35608      2.3006
0.0084024      7.5758    -0.35258       1.424
0.0089298      7.5758     -0.2323      3.3603
0.0093252      7.5758     -0.2323      1.8188
0.0095701      7.5758    -0.11536     0.42957
0.009653      7.5758           0     0.53387
0.0095701      7.5758     0.11536     0.42938
0.0093252      7.5758      0.2323      2.5749
0.0089298      7.5758      0.2323     0.77521
0.0084024      7.5758     0.35258      2.7835
0.0082686      7.5188    -0.34913       5.648
0.0087777      7.5188    -0.23008      2.2219
0.0091588      7.5188    -0.23008     0.75508
0.0093948      7.5188    -0.11427      3.5757
0.0094747      7.5188           0      5.4978
0.0093948      7.5188     0.11427      2.1901
0.0091588      7.5188     0.23008     0.26339
0.0087777      7.5188     0.23008     0.89432
0.0082686      7.5188     0.34913     0.48123
0.0081374      7.4627    -0.34572      4.6527
0.0086288      7.4627    -0.22788      2.8683
0.0089964      7.4627    -0.22788      4.1986
0.0092238      7.4627     -0.1132      4.3934
0.0093008      7.4627           0      3.5898
0.0092238      7.4627      0.1132      3.9501
0.0089964      7.4627     0.22788       5.515
0.0086288      7.4627     0.22788      4.1616
0.0081374      7.4627     0.34572      5.5002
0.0080087      7.4074    -0.34235      2.9374
0.0084831      7.4074    -0.22571     0.88801
0.0088377      7.4074    -0.22571     0.42809
0.009057      7.4074    -0.11214      4.4876
0.0091312      7.4074           0      1.9351
0.009057      7.4074     0.11214      4.2169
0.0088377      7.4074     0.22571      4.0992
0.0084831      7.4074     0.22571      3.3366
0.0080087      7.4074     0.34235       4.493
0.0078825      7.3529    -0.33903      3.1717
0.0083406      7.3529    -0.22357      3.0661
0.0086828      7.3529    -0.22357      3.1279
0.0088942      7.3529    -0.11109      5.8807
0.0089657      7.3529           0      2.4459
0.0088942      7.3529     0.11109     0.73602
0.0086828      7.3529     0.22357      1.5106
0.0083406      7.3529     0.22357      4.3033
0.0078825      7.3529     0.33903       5.273
0.0077587      7.2993    -0.33575      6.0954
0.0082012      7.2993    -0.22146      1.3519
0.0085314      7.2993    -0.22146      4.7772
0.0087353      7.2993    -0.11005      3.6699
0.0088043      7.2993           0      2.5317
0.0087353      7.2993     0.11005      3.2046
0.0085314      7.2993     0.22146      3.1141
0.0082012      7.2993     0.22146      4.0925
0.0077587      7.2993     0.33575      4.6727
0.0076372      7.2464    -0.33251      1.8972
0.0080648      7.2464    -0.21937     0.56303
0.0083835      7.2464    -0.21937      5.1895
0.0085803      7.2464    -0.10902      2.4478
0.0086468      7.2464           0      4.8712
0.0085803      7.2464     0.10902       1.127
0.0083835      7.2464     0.21937     0.68712
0.0080648      7.2464     0.21937      5.6871
0.0076372      7.2464     0.33251      5.5061
0.0075182      7.1942    -0.32932      6.2817
0.0079313      7.1942     -0.2173      5.4301
0.0082391      7.1942     -0.2173      0.2317
0.0084289      7.1942    -0.10801      3.4222
0.0084931      7.1942           0       6.268
0.0084289      7.1942     0.10801      3.2107
0.0082391      7.1942      0.2173      5.4883
0.0079313      7.1942      0.2173      0.4412
0.0075182      7.1942     0.32932      6.2047
0.0074014      7.1429    -0.32616      5.7974
0.0078007      7.1429    -0.21526      3.5453
0.0080979      7.1429    -0.21526      2.7109
0.0082812      7.1429    -0.10701      2.1227
0.0083431      7.1429           0      4.5283
0.0082812      7.1429     0.10701    0.085798
0.0080979      7.1429     0.21526      2.3502
0.0078007      7.1429     0.21526      5.7972
0.0074014      7.1429     0.32616      3.4335
0.0072869      7.0922    -0.32304      2.9774
0.0076729      7.0922    -0.21325      3.1197
0.00796      7.0922    -0.21325      1.9413
0.0081369      7.0922    -0.10601      5.9741
0.0081967      7.0922           0      6.1699
0.0081369      7.0922     0.10601      3.2267
0.00796      7.0922     0.21325      6.2364
0.0076729      7.0922     0.21325      2.8641
0.0072869      7.0922     0.32304      2.6768
0.0071746      7.0423    -0.31996      1.3396
0.0075479      7.0423    -0.21125      1.2142
0.0078252      7.0423    -0.21125      5.2322
0.0079961      7.0423    -0.10503      4.5655
0.0080538      7.0423           0      3.3284
0.0079961      7.0423     0.10503      5.2091
0.0078252      7.0423     0.21125      3.2161
0.0075479      7.0423     0.21125       3.468
0.0071746      7.0423     0.31996      1.3401
0.0070645       6.993    -0.31691      3.6933
0.0074254       6.993    -0.20928     0.89698
0.0076935       6.993    -0.20928     0.32812
0.0078585       6.993    -0.10407      4.2932
0.0079142       6.993           0      3.8236
0.0078585       6.993     0.10407      1.3801
0.0076935       6.993     0.20928      2.5527
0.0074254       6.993     0.20928      3.9577
0.0070645       6.993     0.31691       3.489
0.0069564      6.9444    -0.31391     0.80158
0.0073056      6.9444    -0.31391      1.0631
0.0075647      6.9444    -0.20733   0.0062793
0.0077241      6.9444    -0.10311      2.6273
0.0077779      6.9444           0      3.0692
0.0077241      6.9444     0.10311      1.0045
0.0075647      6.9444     0.20733      4.1897
0.0073056      6.9444     0.31391     0.11259
0.0069564      6.9444     0.31391     0.75192
0.0068505      6.8966    -0.31093      5.9822
0.0071883      6.8966    -0.31093      6.1313
0.0074388      6.8966    -0.20541     0.19424
0.0075929      6.8966    -0.10216      3.1031
0.0076449      6.8966           0      5.4205
0.0075929      6.8966     0.10216       1.526
0.0074388      6.8966     0.20541      5.2417
0.0071883      6.8966     0.31093      5.1118
0.0068505      6.8966     0.31093      3.9518
0.0067466      6.8493      -0.308    0.014063
0.0070735      6.8493      -0.308      2.3858
0.0073157      6.8493     -0.2035      5.6824
0.0074646      6.8493    -0.10122      4.2746
0.0075149      6.8493           0      2.3801
0.0074646      6.8493     0.10122      3.9706
0.0073157      6.8493      0.2035      1.5285
0.0070735      6.8493       0.308      3.5902
0.0067466      6.8493       0.308      6.1682
0.0066448      6.8027    -0.30509      5.3386
0.0069611      6.8027    -0.30509      1.7809
0.0071954      6.8027    -0.20162      4.2879
0.0073393      6.8027     -0.1003      2.2501
0.0073879      6.8027           0      6.2009
0.0073393      6.8027      0.1003     0.52769
0.0071954      6.8027     0.20162      1.5727
0.0069611      6.8027     0.30509      5.0977
0.0066448      6.8027     0.30509     0.53043
0.0065448      6.7568    -0.30222      3.3379
0.0068511      6.7568    -0.30222      5.0303
0.0070777      6.7568    -0.19976       4.642
0.0072169      6.7568   -0.099378     0.89007
0.0072638      6.7568           0      2.7513
0.0072169      6.7568    0.099378      2.2014
0.0070777      6.7568     0.19976      3.0064
0.0068511      6.7568     0.30222      3.6907
0.0065448      6.7568     0.30222      0.9161
0.0064468      6.7114    -0.29939      5.6882
0.0067433      6.7114    -0.29939      4.0223
0.0069626      6.7114    -0.19791      1.0237
0.0070972      6.7114   -0.098471      3.5556
0.0071426      6.7114           0      5.8533
0.0070972      6.7114    0.098471      4.9202
0.0069626      6.7114     0.19791      4.3082
0.0067433      6.7114     0.29939      2.9293
0.0064468      6.7114     0.29939      1.6356
0.0063507      6.6667    -0.40028      3.5767
0.0066378      6.6667    -0.29658       1.563
0.00685      6.6667    -0.19609      2.0062
0.0069803      6.6667   -0.097573      5.7226
0.0070242      6.6667           0      5.5618
0.0069803      6.6667    0.097573      4.9924
0.00685      6.6667     0.19609      5.8169
0.0066378      6.6667     0.29658      1.1237
0.0063507      6.6667     0.40028      3.2517
0.0062564      6.6225    -0.39644      3.9395
0.0065345      6.6225    -0.29381      5.7375
0.0067399      6.6225    -0.19429      4.1717
0.0068659      6.6225   -0.096685      2.4453
0.0069084      6.6225           0      4.6495
0.0068659      6.6225    0.096685      5.1372
0.0067399      6.6225     0.19429       3.772
0.0065345      6.6225     0.29381     0.53404
0.0062564      6.6225     0.39644      5.7952
0.0061639      6.5789    -0.39265     0.33676
0.0064333      6.5789    -0.29107      3.3113
0.0066322      6.5789    -0.19251     0.74676
0.0067541      6.5789   -0.095806      2.3884
0.0067952      6.5789           0       5.107
0.0067541      6.5789    0.095806      1.5337
0.0066322      6.5789     0.19251      5.5568
0.0064333      6.5789     0.29107      4.4776
0.0061639      6.5789     0.39265      2.3759
0.0060732      6.5359    -0.38891       1.564
0.0063342      6.5359    -0.28836      1.5887
0.0065268      6.5359    -0.19074      4.8206
0.0066448      6.5359   -0.094937     0.31328
0.0066846      6.5359           0      4.3057
0.0066448      6.5359    0.094937      3.8972
0.0065268      6.5359     0.19074      4.6914
0.0063342      6.5359     0.28836      6.1401
0.0060732      6.5359     0.38891      2.4121
0.0059842      6.4935    -0.38521      1.6349
0.0062372      6.4935    -0.28568      5.5131
0.0064237      6.4935      -0.189      5.0647
0.0065379      6.4935   -0.094076      2.8972
0.0065764      6.4935           0     0.57151
0.0065379      6.4935    0.094076      3.5453
0.0064237      6.4935       0.189      1.1773
0.0062372      6.4935     0.28568      3.3406
0.0059842      6.4935     0.38521      2.2307
