
[NumberOfWaves] 990
=================================
0.00971558      22.2222    -0.349056      5.35431
0.0101837      22.2222    -0.261792      2.93574
0.0105305      22.2222    -0.174528       6.0989
0.0107436      22.2222   -0.0872639      5.28554
0.0108155      22.2222            0     0.493518
0.0107436      22.2222    0.0872639      1.49283
0.0105305      22.2222     0.174528       5.1368
0.0101837      22.2222     0.261792      2.54982
0.00971558      22.2222     0.349056      2.92984
0.0117581      21.7391    -0.349056       5.9785
0.0123922      21.7391    -0.261792      6.06313
0.0128641      21.7391    -0.174528      4.80828
0.0131551      21.7391   -0.0872639      3.60979
0.0132534      21.7391            0      5.75476
0.0131551      21.7391    0.0872639       3.1128
0.0128641      21.7391     0.174528      1.04306
0.0123922      21.7391     0.261792      2.04824
0.0117581      21.7391     0.349056      1.86251
0.01387      21.2766    -0.349056      3.50779
0.0147054      21.2766    -0.261792     0.423957
0.0153303      21.2766    -0.174528     0.433388
0.0157169      21.2766   -0.0872639      1.04791
0.0158477      21.2766            0      5.95275
0.0157169      21.2766    0.0872639      5.09607
0.0153303      21.2766     0.174528      4.46379
0.0147054      21.2766     0.261792      6.09605
0.01387      21.2766     0.349056      6.27312
0.0159964      20.8333    -0.349056      6.20418
0.0170704      20.8333    -0.261792     0.942994
0.0178782      20.8333    -0.174528      6.02212
0.0183798      20.8333   -0.0872639      3.33287
0.0185499      20.8333            0     0.465486
0.0183798      20.8333    0.0872639      1.95917
0.0178782      20.8333     0.174528      5.62436
0.0170704      20.8333     0.261792      5.24485
0.0159964      20.8333     0.349056    0.0147572
0.0180863      20.4082    -0.349056      4.02244
0.0194373      20.4082    -0.261792       5.0464
0.0204596      20.4082    -0.174528      1.54016
0.0210969      20.4082   -0.0872639      0.40288
0.0213134      20.4082            0      1.65336
0.0210969      20.4082    0.0872639     0.645392
0.0204596      20.4082     0.174528      3.03921
0.0194373      20.4082     0.261792      2.63185
0.0180863      20.4082     0.349056      2.39564
0.0200954           20    -0.349056      5.57155
0.0217624           20    -0.261792      2.64236
0.0230321           20    -0.174528      1.78342
0.0238271           20   -0.0872639     0.302722
0.0240978           20            0      1.37702
0.0238271           20    0.0872639      1.50274
0.0230321           20     0.174528     0.183831
0.0217624           20     0.261792      4.41262
0.0200954           20     0.349056    0.0479742
0.0219895      19.6078    -0.349056      3.83841
0.0240119      19.6078    -0.261792      2.56403
0.0255633      19.6078    -0.174528      1.56413
0.0265393      19.6078   -0.0872639       4.0994
0.0268724      19.6078            0       2.0123
0.0265393      19.6078    0.0872639     0.651372
0.0255633      19.6078     0.174528      3.36495
0.0240119      19.6078     0.261792      1.03588
0.0219895      19.6078     0.349056      5.55065
0.0237481      19.2308    -0.349056      4.18735
0.026166      19.2308    -0.261792      5.32637
0.0280349      19.2308    -0.174528       4.7918
0.0292167      19.2308   -0.0872639      5.07047
0.0296211      19.2308            0      3.97684
0.0292167      19.2308    0.0872639      4.46361
0.0280349      19.2308     0.174528      4.32687
0.026166      19.2308     0.261792      2.01652
0.0237481      19.2308     0.349056      3.34035
0.0253678      18.8679    -0.349056      5.48628
0.0282227      18.8679    -0.261792     0.342673
0.0304477      18.8679    -0.174528      3.14402
0.0318623      18.8679   -0.0872639      2.71905
0.0323477      18.8679            0      5.68161
0.0318623      18.8679    0.0872639      3.95944
0.0304477      18.8679     0.174528      6.17642
0.0282227      18.8679     0.261792      3.67681
0.0253678      18.8679     0.349056      5.28172
0.0268653      18.5185    -0.349056      2.94556
0.0302027      18.5185    -0.261792      3.42563
0.0328269      18.5185    -0.174528      1.12531
0.0345053      18.5185   -0.0872639      3.98632
0.0350829      18.5185            0      6.05027
0.0345053      18.5185    0.0872639      3.35521
0.0328269      18.5185     0.174528      3.01342
0.0302027      18.5185     0.261792       4.9866
0.0268653      18.5185     0.349056      0.58252
0.0282803      18.1818    -0.349056      5.53406
0.0321532      18.1818    -0.261792    0.0243374
0.0352278      18.1818    -0.174528      3.21394
0.0372068      18.1818   -0.0872639      4.26279
0.0378899      18.1818            0      3.55459
0.0372068      18.1818    0.0872639      3.00616
0.0352278      18.1818     0.174528      2.01378
0.0321532      18.1818     0.261792      3.77973
0.0282803      18.1818     0.349056      5.73734
0.0296748      17.8571    -0.349056      4.28826
0.0341494      17.8571    -0.261792      5.94833
0.0377384      17.8571    -0.174528     0.622576
0.0400643      17.8571   -0.0872639      3.21079
0.04087      17.8571            0     0.691936
0.0400643      17.8571    0.0872639      3.42588
0.0377384      17.8571     0.174528      4.32764
0.0341494      17.8571     0.261792     0.926221
0.0296748      17.8571     0.349056      4.88542
0.0311297      17.5439    -0.349056      2.50724
0.0362922      17.5439    -0.261792      5.64402
0.040479      17.5439    -0.174528      1.92916
0.0432123      17.5439   -0.0872639     0.383584
0.0441626      17.5439            0      1.37894
0.0432123      17.5439    0.0872639     0.520439
0.040479      17.5439     0.174528      5.97133
0.0362922      17.5439     0.261792     0.102857
0.0311297      17.5439     0.349056     0.720462
0.0327347      17.2414    -0.349056    0.0779717
0.0386991      17.2414    -0.261792      1.35856
0.0435939      17.2414    -0.174528    0.0717992
0.0468146      17.2414   -0.0872639      4.03651
0.0479388      17.2414            0      3.24825
0.0468146      17.2414    0.0872639      1.54274
0.0435939      17.2414     0.174528      1.21731
0.0386991      17.2414     0.261792      0.57094
0.0327347      17.2414     0.349056      2.31492
0.034572      16.9492    -0.349056    0.0489629
0.0414863      16.9492    -0.261792      3.78677
0.0472329      16.9492    -0.174528      3.00864
0.0510461      16.9492   -0.0872639       1.9359
0.0523826      16.9492            0      4.67734
0.0510461      16.9492    0.0872639      5.27363
0.0472329      16.9492     0.174528      1.64886
0.0414863      16.9492     0.261792      3.23096
0.034572      16.9492     0.349056      2.80708
0.036691      16.6667    -0.349056      2.14383
0.0447384      16.6667    -0.261792      5.27233
0.0515181      16.6667    -0.174528        6.173
0.0560575      16.6667   -0.0872639      3.93608
0.0576558      16.6667            0      1.13895
0.0560575      16.6667    0.0872639     0.772916
0.0515181      16.6667     0.174528      3.64394
0.0447384      16.6667     0.261792      2.06419
0.036691      16.6667     0.349056      1.68501
0.0390747      16.3934    -0.349056      3.45715
0.0484659      16.3934    -0.261792      1.13419
0.0564931      16.3934    -0.174528      4.26296
0.0619197      16.3934   -0.0872639     0.349891
0.0638395      16.3934            0     0.213981
0.0619197      16.3934    0.0872639       1.8002
0.0564931      16.3934     0.174528     0.486242
0.0484659      16.3934     0.261792       5.6583
0.0390747      16.3934     0.349056      5.31923
0.0416022       16.129    -0.349056      2.48617
0.0525509       16.129    -0.261792      1.06318
0.062055       16.129    -0.174528      2.70453
0.0685463       16.129   -0.0872639       2.6151
0.0708546       16.129            0      4.57882
0.0685463       16.129    0.0872639      2.55387
0.062055       16.129     0.174528      5.98021
0.0525509       16.129     0.261792         5.73
0.0416022       16.129     0.349056      5.97774
0.0440215       15.873    -0.349056      2.17393
0.0566995       15.873    -0.261792       1.8236
0.0678873       15.873    -0.174528      5.57114
0.0756127       15.873   -0.0872639      1.31962
0.0783749       15.873            0     0.822297
0.0756127       15.873    0.0872639       3.2704
0.0678873       15.873     0.174528      5.68902
0.0566995       15.873     0.261792       2.5291
0.0440215       15.873     0.349056      1.35563
0.0459551       15.625    -0.349056      0.49472
0.0604301       15.625    -0.261792      5.86242
0.0734294       15.625    -0.174528      3.78784
0.0825108       15.625   -0.0872639      2.37178
0.0857768       15.625            0      4.17776
0.0825108       15.625    0.0872639      4.97733
0.0734294       15.625     0.174528      2.09533
0.0604301       15.625     0.261792      4.35198
0.0459551       15.625     0.349056      1.28057
0.0469666      15.3846    -0.349056       6.0236
0.0631385      15.3846    -0.261792      4.47244
0.0779348      15.3846    -0.174528      1.04867
0.0884004      15.3846   -0.0872639      2.78197
0.0921875      15.3846            0       3.9771
0.0884004      15.3846    0.0872639      5.84298
0.0779348      15.3846     0.174528      3.32579
0.0631385      15.3846     0.261792      3.93614
0.0469666      15.3846     0.349056      4.27759
0.0466877      15.1515    -0.349056      5.80045
0.0642541      15.1515    -0.261792     0.960257
0.0806477      15.1515    -0.174528      2.54914
0.0923965      15.1515   -0.0872639      1.96329
0.096676      15.1515            0      4.35977
0.0923965      15.1515    0.0872639      5.59619
0.0806477      15.1515     0.174528      3.08289
0.0642541      15.1515     0.261792      5.06299
0.0466877      15.1515     0.349056      2.05102
0.0459739      14.9254    -0.349056      3.45489
0.0640547      14.9254    -0.261792      2.44273
0.0811039      14.9254    -0.174528      5.63478
0.0934071      14.9254   -0.0872639      4.24806
0.0979039      14.9254            0      5.20482
0.0934071      14.9254    0.0872639     0.691688
0.0811039      14.9254     0.174528      1.75439
0.0640547      14.9254     0.261792      4.82306
0.0459739      14.9254     0.349056      1.35748
0.0462092      14.7059    -0.349056     0.214012
0.0636108      14.7059    -0.261792      2.74286
0.0798537      14.7059    -0.174528      5.88631
0.0914962      14.7059   -0.0872639       1.6467
0.0957371      14.7059            0      3.57971
0.0914962      14.7059    0.0872639      2.25907
0.0798537      14.7059     0.174528     0.168627
0.0636108      14.7059     0.261792      3.14413
0.0462092      14.7059     0.349056      5.19613
0.0455996      14.4928    -0.349056      1.62719
0.0620567      14.4928    -0.261792     0.288295
0.0772704      14.4928    -0.174528      1.54858
0.0881054      14.4928   -0.0872639      4.15138
0.0920396      14.4928            0      2.06968
0.0881054      14.4928    0.0872639      4.14361
0.0772704      14.4928     0.174528    0.0817049
0.0620567      14.4928     0.261792      4.51162
0.0455996      14.4928     0.349056       2.4574
0.0442923      14.2857    -0.349056     0.210514
0.0596248      14.2857    -0.261792      2.55099
0.0736694      14.2857    -0.174528      4.50056
0.083611      14.2857   -0.0872639      5.78876
0.0872098      14.2857            0      6.18257
0.083611      14.2857    0.0872639      6.17883
0.0736694      14.2857     0.174528      5.63149
0.0596248      14.2857     0.261792      5.43921
0.0442923      14.2857     0.349056      5.03244
0.0424936      14.0845    -0.349056      3.48693
0.0566141      14.0845    -0.261792      2.63177
0.069436      14.0845    -0.174528     0.798711
0.0784594      14.0845   -0.0872639      4.11298
0.0817164      14.0845            0      5.42829
0.0784594      14.0845    0.0872639       1.7253
0.069436      14.0845     0.174528      5.27875
0.0566141      14.0845     0.261792     0.444555
0.0424936      14.0845     0.349056      2.37995
0.0404243      13.8889    -0.349056      1.68491
0.0533288      13.8889    -0.261792     0.960804
0.0649494      13.8889    -0.174528      3.96457
0.0730823      13.8889   -0.0872639      1.98778
0.0760098      13.8889            0       6.0261
0.0730823      13.8889    0.0872639      3.13317
0.0649494      13.8889     0.174528      4.64068
0.0533288      13.8889     0.261792    0.0801439
0.0404243      13.8889     0.349056      3.80343
0.0382819      13.6986    -0.349056      3.62184
0.0500306      13.6986    -0.261792      5.07276
0.0605267      13.6986    -0.174528      4.11516
0.067834      13.6986   -0.0872639      5.51791
0.0704574      13.6986            0      5.66961
0.067834      13.6986    0.0872639     0.956479
0.0605267      13.6986     0.174528      1.20998
0.0500306      13.6986     0.261792       4.9697
0.0382819      13.6986     0.349056      0.38141
0.0362191      13.5135    -0.349056      2.44928
0.0469129      13.5135    -0.261792      1.88469
0.0563946      13.5135    -0.174528      4.61285
0.0629626      13.5135   -0.0872639     0.654747
0.0653147      13.5135            0      4.97975
0.0629626      13.5135    0.0872639      4.91789
0.0563946      13.5135     0.174528      3.34505
0.0469129      13.5135     0.261792      1.59181
0.0362191      13.5135     0.349056     0.445808
0.0343365      13.3333    -0.349056      3.93192
0.0440963      13.3333    -0.261792     0.155074
0.0526877      13.3333    -0.174528     0.389813
0.0586105      13.3333   -0.0872639     0.814352
0.0607264      13.3333            0      2.83121
0.0586105      13.3333    0.0872639      4.22429
0.0526877      13.3333     0.174528      5.37894
0.0440963      13.3333     0.261792      3.13173
0.0343365      13.3333     0.349056     0.306513
0.0326871      13.1579    -0.349056      1.97181
0.0416375      13.1579    -0.261792      4.03137
0.0494622      13.1579    -0.174528      4.94087
0.0548318      13.1579   -0.0872639      1.81673
0.0567458      13.1579            0       3.1281
0.0548318      13.1579    0.0872639      5.14222
0.0494622      13.1579     0.174528      3.73919
0.0416375      13.1579     0.261792      3.37036
0.0326871      13.1579     0.349056      2.07888
0.031287       12.987    -0.349056      2.58665
0.039545       12.987    -0.261792      4.98874
0.0467172       12.987    -0.174528      2.15638
0.0516175       12.987   -0.0872639      2.90656
0.0533603       12.987            0      2.31104
0.0516175       12.987    0.0872639      4.26974
0.0467172       12.987     0.174528      3.56736
0.039545       12.987     0.261792      4.09511
0.031287       12.987     0.349056      3.08567
0.030126      12.8205    -0.349056      2.50351
0.0377955      12.8205    -0.261792      3.00003
0.0444147      12.8205    -0.174528      0.41837
0.0489184      12.8205   -0.0872639      2.58249
0.0505168      12.8205            0       6.0888
0.0489184      12.8205    0.0872639      4.90527
0.0444147      12.8205     0.174528      4.58042
0.0377955      12.8205     0.261792      4.81058
0.030126      12.8205     0.349056       4.7536
0.0291783      12.6582    -0.349056      5.29827
0.0363472      12.6582    -0.261792       4.8389
0.0424973      12.6582    -0.174528      6.14893
0.046665      12.6582   -0.0872639     0.699671
0.0481413      12.6582            0      2.48855
0.046665      12.6582    0.0872639      3.09162
0.0424973      12.6582     0.174528      1.62161
0.0363472      12.6582     0.261792     0.232259
0.0291783      12.6582     0.349056      6.12204
0.0284102         12.5    -0.349056      4.56413
0.0351505         12.5    -0.261792     0.929663
0.0408997         12.5    -0.174528     0.929222
0.0447808         12.5   -0.0872639      4.42841
0.046153         12.5            0      2.39378
0.0447808         12.5    0.0872639     0.480093
0.0408997         12.5     0.174528      2.58131
0.0351505         12.5     0.261792      0.89841
0.0284102         12.5     0.349056      5.01962
0.0277859      12.3457    -0.349056      5.84475
0.034155      12.3457    -0.261792    0.0296525
0.0395577      12.3457    -0.174528       4.0842
0.0431916      12.3457   -0.0872639      4.26322
0.044474      12.3457            0      1.59351
0.0431916      12.3457    0.0872639      5.29771
0.0395577      12.3457     0.174528      1.84694
0.034155      12.3457     0.261792     0.168764
0.0277859      12.3457     0.349056     0.586249
0.0272714      12.1951    -0.349056      5.01311
0.0333142      12.1951    -0.261792      4.46974
0.0384131      12.1951    -0.174528      4.92214
0.0418307      12.1951   -0.0872639      3.92011
0.0430346      12.1951            0      5.18609
0.0418307      12.1951    0.0872639     0.220047
0.0384131      12.1951     0.174528       2.5476
0.0333142      12.1951     0.261792      1.56867
0.0272714      12.1951     0.349056      3.02147
0.0268366      12.0482    -0.349056      5.53431
0.0325878      12.0482    -0.261792      1.76354
0.0374161      12.0482    -0.174528      3.76441
0.0406414      12.0482   -0.0872639     0.164779
0.0417757      12.0482            0     0.975113
0.0406414      12.0482    0.0872639      5.23946
0.0374161      12.0482     0.174528      1.22452
0.0325878      12.0482     0.261792      5.21356
0.0268366      12.0482     0.349056      2.12412
0.0264565      11.9048    -0.349056      4.21663
0.0319428      11.9048    -0.261792     0.329018
0.0365264      11.9048    -0.174528      4.61366
0.0395784      11.9048   -0.0872639      3.13824
0.04065      11.9048            0      5.92675
0.0395784      11.9048    0.0872639      1.82064
0.0365264      11.9048     0.174528      2.36593
0.0319428      11.9048     0.261792     0.714725
0.0264565      11.9048     0.349056      6.06216
0.0261116      11.7647    -0.349056      2.71747
0.0313536      11.7647    -0.261792     0.531311
0.0357128      11.7647    -0.174528      4.50288
0.0386064      11.7647   -0.0872639      3.18415
0.0396208      11.7647            0      2.06138
0.0386064      11.7647    0.0872639      4.73439
0.0357128      11.7647     0.174528      5.25262
0.0313536      11.7647     0.261792       1.5941
0.0261116      11.7647     0.349056      3.35779
0.0257872      11.6279    -0.349056      2.73414
0.0308013      11.6279    -0.261792     0.990855
0.0349523      11.6279    -0.174528      3.77282
0.0376996      11.6279   -0.0872639         5.89
0.0386612      11.6279            0     0.677047
0.0376996      11.6279    0.0872639      5.65458
0.0349523      11.6279     0.174528      3.45857
0.0308013      11.6279     0.261792      2.68508
0.0257872      11.6279     0.349056     0.957409
0.0254731      11.4943    -0.349056      1.55533
0.0302726      11.4943    -0.261792      2.81082
0.0342288      11.4943    -0.174528      3.34748
0.0368397      11.4943   -0.0872639      2.22827
0.0377523      11.4943            0      4.85748
0.0368397      11.4943    0.0872639       5.5396
0.0342288      11.4943     0.174528       4.6123
0.0302726      11.4943     0.261792      2.55361
0.0254731      11.4943     0.349056      3.79606
0.0251626      11.3636    -0.349056      4.02806
0.0297585      11.3636    -0.261792     0.800874
0.0335314      11.3636    -0.174528      3.11757
0.0360144      11.3636   -0.0872639      1.95068
0.0368812      11.3636            0      3.63518
0.0360144      11.3636    0.0872639      5.92869
0.0335314      11.3636     0.174528      2.68246
0.0297585      11.3636     0.261792     0.208146
0.0251626      11.3636     0.349056      5.83963
0.0248516       11.236    -0.349056      5.81166
0.0292537       11.236    -0.261792      2.25124
0.0328531       11.236    -0.174528      1.63351
0.0352158       11.236   -0.0872639      4.94384
0.0360394       11.236            0      3.21427
0.0352158       11.236    0.0872639      3.53436
0.0328531       11.236     0.174528      4.30256
0.0292537       11.236     0.261792     0.580528
0.0248516       11.236     0.349056      5.48241
0.0245378      11.1111    -0.349056      5.92448
0.0287548      11.1111    -0.261792     0.606902
0.0321898      11.1111    -0.174528      5.31468
0.0344388      11.1111   -0.0872639      5.71373
0.0352218      11.1111            0    0.0712564
0.0344388      11.1111    0.0872639       3.2903
0.0321898      11.1111     0.174528      4.08612
0.0287548      11.1111     0.261792      2.41987
0.0245378      11.1111     0.349056      4.07956
0.0242202       10.989    -0.349056      4.79301
0.0282603       10.989    -0.261792      3.61704
0.0315391       10.989    -0.174528      3.97035
0.0336806       10.989   -0.0872639      1.74796
0.0344253       10.989            0      5.27669
0.0336806       10.989    0.0872639       2.6818
0.0315391       10.989     0.174528      3.96848
0.0282603       10.989     0.261792      5.23667
0.0242202       10.989     0.349056      1.69758
0.0238989      10.8696    -0.349056      2.51823
0.0277696      10.8696    -0.261792      3.48238
0.0308999      10.8696    -0.174528      2.78881
0.0329397      10.8696   -0.0872639     0.567883
0.0336482      10.8696            0      4.67695
0.0329397      10.8696    0.0872639     0.204923
0.0308999      10.8696     0.174528      2.70007
0.0277696      10.8696     0.261792     0.234119
0.0238989      10.8696     0.349056      6.13094
0.023574      10.7527    -0.349056      3.28186
0.0272827      10.7527    -0.261792      5.71521
0.0302718      10.7527    -0.174528      2.40795
0.0322151      10.7527   -0.0872639      5.55701
0.0328894      10.7527            0      1.60228
0.0322151      10.7527    0.0872639      5.71156
0.0302718      10.7527     0.174528      5.62052
0.0272827      10.7527     0.261792      2.50388
0.023574      10.7527     0.349056        3.927
0.0232462      10.6383    -0.349056      3.56621
0.0267999      10.6383    -0.261792      5.62022
0.0296546      10.6383    -0.174528       1.3456
0.0315065      10.6383   -0.0872639    0.0242471
0.0321484      10.6383            0      5.53269
0.0315065      10.6383    0.0872639      1.47727
0.0296546      10.6383     0.174528      1.53848
0.0267999      10.6383     0.261792      4.02688
0.0232462      10.6383     0.349056      1.91333
0.0229163      10.5263    -0.349056      5.18738
0.0263215      10.5263    -0.261792      5.55222
0.0290484      10.5263    -0.174528      5.93978
0.0308137      10.5263   -0.0872639      2.45537
0.0314249      10.5263            0      5.03469
0.0308137      10.5263    0.0872639     0.987143
0.0290484      10.5263     0.174528      3.92791
0.0263215      10.5263     0.261792      4.39172
0.0229163      10.5263     0.349056     0.539515
0.0225848      10.4167    -0.349056       3.3374
0.0258481      10.4167    -0.261792      5.58286
0.0284534      10.4167    -0.174528      1.65661
0.0301366      10.4167   -0.0872639      1.47516
0.0307188      10.4167            0      5.27557
0.0301366      10.4167    0.0872639      3.11348
0.0284534      10.4167     0.174528     0.957318
0.0258481      10.4167     0.261792      1.44992
0.0225848      10.4167     0.349056      4.13392
0.0222526      10.3093    -0.349056        3.537
0.0253802      10.3093    -0.261792      1.83356
0.0278698      10.3093    -0.174528      3.90994
0.0294751      10.3093   -0.0872639      4.49803
0.0300298      10.3093            0      1.76383
0.0294751      10.3093    0.0872639      2.59031
0.0278698      10.3093     0.174528      2.27574
0.0253802      10.3093     0.261792      4.90949
0.0222526      10.3093     0.349056     0.851266
0.0219203      10.2041    -0.349056       5.6677
0.0249181      10.2041    -0.261792      1.81978
0.0272977      10.2041    -0.174528      3.13872
0.0288291      10.2041   -0.0872639       4.9233
0.0293578      10.2041            0      4.25398
0.0288291      10.2041    0.0872639     0.941267
0.0272977      10.2041     0.174528      4.37686
0.0249181      10.2041     0.261792     0.810589
0.0219203      10.2041     0.349056      5.94338
0.0215886       10.101    -0.349056      5.56933
0.0244623       10.101    -0.261792      3.23577
0.0267371       10.101    -0.174528      4.26873
0.0281985       10.101   -0.0872639      6.13719
0.0287025       10.101            0     0.788267
0.0281985       10.101    0.0872639      4.72634
0.0267371       10.101     0.174528      5.19637
0.0244623       10.101     0.261792      4.90973
0.0215886       10.101     0.349056      1.19932
0.0212579           10    -0.349056      2.69315
0.024013           10    -0.261792    0.0908317
0.0261882           10    -0.174528      2.04377
0.0275831           10   -0.0872639     0.846333
0.0280638           10            0       2.8306
0.0275831           10    0.0872639       3.5956
0.0261882           10     0.174528      4.97628
0.024013           10     0.261792      2.63721
0.0212579           10     0.349056      3.34593
0.020929       9.901    -0.34906      5.8162
0.023571       9.901    -0.26179      5.6489
0.025651       9.901    -0.17453      3.4232
0.026983       9.901   -0.087264      5.6618
0.027441       9.901           0     0.32563
0.026983       9.901    0.087264      5.0804
0.025651       9.901     0.17453      2.1042
0.023571       9.901     0.26179      1.4368
0.020929       9.901     0.34906      5.1672
0.020602      9.8039    -0.34906       2.188
0.023135      9.8039    -0.26179      1.0397
0.025125      9.8039    -0.17453     0.17676
0.026397      9.8039   -0.087264      6.0026
0.026835      9.8039           0      4.2743
0.026397      9.8039    0.087264      5.4069
0.025125      9.8039     0.17453      5.9003
0.023135      9.8039     0.26179      4.2737
0.020602      9.8039     0.34906      5.7642
0.020277      9.7087    -0.34906      1.6128
0.022707      9.7087    -0.26179      5.5643
0.024611      9.7087    -0.17453      5.7806
0.025827      9.7087   -0.087264      1.8853
0.026244      9.7087           0     0.46112
0.025827      9.7087    0.087264      4.8216
0.024611      9.7087     0.17453     0.53375
0.022707      9.7087     0.26179      4.5788
0.020277      9.7087     0.34906      2.8141
0.019955      9.6154    -0.34906      4.0918
0.022286      9.6154    -0.26179       1.065
0.024109      9.6154    -0.17453      3.3391
0.02527      9.6154   -0.087264      3.9822
0.025669      9.6154           0    0.088565
0.02527      9.6154    0.087264      2.9553
0.024109      9.6154     0.17453      5.5688
0.022286      9.6154     0.26179     0.71644
0.019955      9.6154     0.34906      2.7805
0.019636      9.5238    -0.34906      4.1439
0.021873      9.5238    -0.26179      1.8521
0.023618      9.5238    -0.17453      5.9712
0.024728      9.5238   -0.087264      4.3622
0.025109      9.5238           0      1.2994
0.024728      9.5238    0.087264      3.4856
0.023618      9.5238     0.17453      5.5245
0.021873      9.5238     0.26179       3.505
0.019636      9.5238     0.34906      4.7269
0.019321       9.434    -0.34906      5.6227
0.021467       9.434    -0.26179      5.2893
0.023138       9.434    -0.17453     0.82217
0.0242       9.434   -0.087264      1.1885
0.024564       9.434           0     0.96532
0.0242       9.434    0.087264     0.18159
0.023138       9.434     0.17453     0.05708
0.021467       9.434     0.26179      3.7475
0.019321       9.434     0.34906      3.8267
0.019009      9.3458    -0.34906      5.7736
0.021069      9.3458    -0.26179       4.609
0.022669      9.3458    -0.17453      1.8921
0.023685      9.3458   -0.087264      3.1137
0.024033      9.3458           0       1.622
0.023685      9.3458    0.087264      4.6045
0.022669      9.3458     0.17453     0.73361
0.021069      9.3458     0.26179      4.6874
0.019009      9.3458     0.34906      5.0879
0.0187      9.2593    -0.34906      4.6823
0.020678      9.2593    -0.26179      2.1183
0.022211      9.2593    -0.17453      3.6713
0.023183      9.2593   -0.087264      2.9464
0.023516      9.2593           0     0.54829
0.023183      9.2593    0.087264      5.2068
0.022211      9.2593     0.17453      4.3098
0.020678      9.2593     0.26179      1.6796
0.0187      9.2593     0.34906      6.0913
0.018396      9.1743    -0.34906      1.1547
0.020295      9.1743    -0.26179      1.8845
0.021765      9.1743    -0.17453      2.5835
0.022694      9.1743   -0.087264      1.4859
0.023013      9.1743           0      1.2255
0.022694      9.1743    0.087264      4.4319
0.021765      9.1743     0.17453      1.1344
0.020295      9.1743     0.26179      3.2818
0.018396      9.1743     0.34906      1.8608
0.018096      9.0909    -0.34906      2.9077
0.019919      9.0909    -0.26179      5.8132
0.021328      9.0909    -0.17453      1.3564
0.022218      9.0909   -0.087264   0.0063388
0.022523      9.0909           0      5.6962
0.022218      9.0909    0.087264      4.2727
0.021328      9.0909     0.17453      3.2354
0.019919      9.0909     0.26179      3.2802
0.018096      9.0909     0.34906     0.64664
0.0178       9.009    -0.34906      6.2634
0.019552       9.009    -0.26179      2.2554
0.020902       9.009    -0.17453      3.9284
0.021755       9.009   -0.087264      2.4715
0.022046       9.009           0    0.048143
0.021755       9.009    0.087264       3.426
0.020902       9.009     0.17453      3.1987
0.019552       9.009     0.26179      1.5505
0.0178       9.009     0.34906     0.28522
0.017508      8.9286    -0.34906      5.2886
0.019191      8.9286    -0.26179     0.30315
0.020486      8.9286    -0.17453      1.9874
0.021303      8.9286   -0.087264      4.9222
0.021582      8.9286           0      6.1096
0.021303      8.9286    0.087264      3.6848
0.020486      8.9286     0.17453      4.8884
0.019191      8.9286     0.26179      4.5721
0.017508      8.9286     0.34906      4.0902
0.01722      8.8496    -0.34906      4.1758
0.018838      8.8496    -0.26179      5.8984
0.020081      8.8496    -0.17453      3.3619
0.020863      8.8496   -0.087264      2.5034
0.02113      8.8496           0      4.2125
0.020863      8.8496    0.087264      2.7679
0.020081      8.8496     0.17453     0.83485
0.018838      8.8496     0.26179      2.7595
0.01722      8.8496     0.34906      3.4408
0.016937      8.7719    -0.34906      2.4826
0.018492      8.7719    -0.26179      2.5023
0.019685      8.7719    -0.17453      4.7207
0.020435      8.7719   -0.087264      3.2819
0.020691      8.7719           0      3.0814
0.020435      8.7719    0.087264     0.55717
0.019685      8.7719     0.17453      1.5761
0.018492      8.7719     0.26179       2.812
0.016937      8.7719     0.34906      4.0083
0.016659      8.6957    -0.34906      4.4574
0.018154      8.6957    -0.26179      6.2366
0.019298      8.6957    -0.17453       5.857
0.020017      8.6957   -0.087264     0.57948
0.020263      8.6957           0      5.9911
0.020017      8.6957    0.087264      1.0228
0.019298      8.6957     0.17453      6.0974
0.018154      8.6957     0.26179       3.751
0.016659      8.6957     0.34906      1.5093
0.016385      8.6207    -0.34906     0.44166
0.017822      8.6207    -0.26179      1.8852
0.018921      8.6207    -0.17453      5.1115
0.019611      8.6207   -0.087264     0.48197
0.019846      8.6207           0      2.2272
0.019611      8.6207    0.087264     0.82942
0.018921      8.6207     0.17453     0.99384
0.017822      8.6207     0.26179     0.39047
0.016385      8.6207     0.34906      4.4097
0.016115       8.547    -0.34906     0.54336
0.017498       8.547    -0.26179      3.8753
0.018553       8.547    -0.17453      1.0918
0.019215       8.547   -0.087264      4.0928
0.01944       8.547           0      3.1333
0.019215       8.547    0.087264      1.7876
0.018553       8.547     0.17453      5.2184
0.017498       8.547     0.26179      5.1418
0.016115       8.547     0.34906      5.8945
0.01585      8.4746    -0.34906   0.0020489
0.01718      8.4746    -0.26179      4.0236
0.018194      8.4746    -0.17453    0.046216
0.018829      8.4746   -0.087264     0.66864
0.019045      8.4746           0     0.67099
0.018829      8.4746    0.087264      2.3065
0.018194      8.4746     0.17453      1.5055
0.01718      8.4746     0.26179      2.1748
0.01585      8.4746     0.34906      1.5684
0.01559      8.4034    -0.34906      2.4319
0.01687      8.4034    -0.26179      2.6454
0.017844      8.4034    -0.17453      4.0216
0.018453      8.4034   -0.087264      4.9482
0.018661      8.4034           0      1.6964
0.018453      8.4034    0.087264      5.3027
0.017844      8.4034     0.17453      4.6524
0.01687      8.4034     0.26179      5.1904
0.01559      8.4034     0.34906      1.1447
0.015334      8.3333    -0.34906     0.41114
0.016566      8.3333    -0.26179      3.8348
0.017502      8.3333    -0.17453      4.4079
0.018087      8.3333   -0.087264     0.70129
0.018286      8.3333           0     0.60206
0.018087      8.3333    0.087264      3.7562
0.017502      8.3333     0.17453      5.1033
0.016566      8.3333     0.26179       5.118
0.015334      8.3333     0.34906     0.56193
0.015083      8.2645    -0.34906      4.5946
0.016268      8.2645    -0.26179      5.6789
0.017168      8.2645    -0.17453      2.8414
0.01773      8.2645   -0.087264     0.44413
0.017922      8.2645           0       1.516
0.01773      8.2645    0.087264      4.5983
0.017168      8.2645     0.17453     0.25441
0.016268      8.2645     0.26179      2.6673
0.015083      8.2645     0.34906      3.3942
0.014836      8.1967    -0.34906      5.9929
0.015977      8.1967    -0.26179      1.3126
0.016843      8.1967    -0.17453     0.73091
0.017383      8.1967   -0.087264      4.0602
0.017566      8.1967           0     0.68115
0.017383      8.1967    0.087264      6.1793
0.016843      8.1967     0.17453      1.5603
0.015977      8.1967     0.26179      3.8097
0.014836      8.1967     0.34906      5.1313
0.014593      8.1301    -0.34906      5.2152
0.015693      8.1301    -0.26179      3.0726
0.016525      8.1301    -0.17453      4.7797
0.017044      8.1301   -0.087264      5.7496
0.01722      8.1301           0      5.6608
0.017044      8.1301    0.087264      1.3461
0.016525      8.1301     0.17453      3.4372
0.015693      8.1301     0.26179      4.9303
0.014593      8.1301     0.34906      1.2217
0.014355      8.0645    -0.34906      4.6927
0.015414      8.0645    -0.26179      2.9879
0.016215      8.0645    -0.17453      3.6646
0.016714      8.0645   -0.087264       1.637
0.016883      8.0645           0     0.53294
0.016714      8.0645    0.087264      1.8732
0.016215      8.0645     0.17453      5.7623
0.015414      8.0645     0.26179      2.9563
0.014355      8.0645     0.34906      1.6931
0.014122           8    -0.34906      4.7937
0.015142           8    -0.26179      4.8516
0.015912           8    -0.17453     0.13383
0.016392           8   -0.087264       5.529
0.016555           8           0      5.0149
0.016392           8    0.087264      2.0367
0.015912           8     0.17453      4.2036
0.015142           8     0.26179      1.8616
0.014122           8     0.34906      5.8429
0.013892      7.9365    -0.34906      1.7716
0.014875      7.9365    -0.26179      1.0611
0.015617      7.9365    -0.17453      4.6819
0.016079      7.9365   -0.087264      2.9978
0.016235      7.9365           0      4.1056
0.016079      7.9365    0.087264       6.073
0.015617      7.9365     0.17453      1.9668
0.014875      7.9365     0.26179     0.48027
0.013892      7.9365     0.34906      4.9725
0.013667       7.874    -0.34906      2.2957
0.014615       7.874    -0.26179      3.6762
0.015329       7.874    -0.17453      1.1519
0.015773       7.874   -0.087264     0.48328
0.015924       7.874           0     0.96546
0.015773       7.874    0.087264      5.1953
0.015329       7.874     0.17453      1.8909
0.014615       7.874     0.26179      2.4119
0.013667       7.874     0.34906      4.0887
0.013446      7.8125    -0.34906      5.1355
0.01436      7.8125    -0.26179      4.8145
0.015048      7.8125    -0.17453      2.3509
0.015475      7.8125   -0.087264      1.1929
0.01562      7.8125           0       4.062
0.015475      7.8125    0.087264    0.022652
0.015048      7.8125     0.17453      1.7774
0.01436      7.8125     0.26179      4.0123
0.013446      7.8125     0.34906        3.72
0.013229      7.7519    -0.34906      2.0438
0.014111      7.7519    -0.26179      6.2136
0.014773      7.7519    -0.17453     0.77429
0.015184      7.7519   -0.087264      4.6235
0.015324      7.7519           0     0.98402
0.015184      7.7519    0.087264      2.7309
0.014773      7.7519     0.17453       5.229
0.014111      7.7519     0.26179      2.2613
0.013229      7.7519     0.34906       0.479
0.013017      7.6923    -0.34906      3.4992
0.013867      7.6923    -0.26179      1.7211
0.014505      7.6923    -0.17453      0.8297
0.014901      7.6923   -0.087264      4.3959
0.015035      7.6923           0      3.0529
0.014901      7.6923    0.087264       1.148
0.014505      7.6923     0.17453     0.63593
0.013867      7.6923     0.26179      1.2666
0.013017      7.6923     0.34906     0.84661
0.012808      7.6336    -0.34906      2.0344
0.013628      7.6336    -0.26179      5.9723
0.014243      7.6336    -0.17453      3.3434
0.014625      7.6336   -0.087264      1.5562
0.014754      7.6336           0      2.7474
0.014625      7.6336    0.087264      4.2039
0.014243      7.6336     0.17453      3.4412
0.013628      7.6336     0.26179      3.8267
0.012808      7.6336     0.34906      5.4231
0.012604      7.5758    -0.34906      2.3919
0.013395      7.5758    -0.26179      4.7057
0.013988      7.5758    -0.17453     0.98453
0.014355      7.5758   -0.087264     0.36519
0.01448      7.5758           0      2.1344
0.014355      7.5758    0.087264      5.1343
0.013988      7.5758     0.17453      2.3721
0.013395      7.5758     0.26179      6.1109
0.012604      7.5758     0.34906      3.8032
0.012403      7.5188    -0.34906      2.1251
0.013166      7.5188    -0.26179      5.8305
0.013738      7.5188    -0.17453      5.6448
0.014092      7.5188   -0.087264       5.345
0.014212      7.5188           0      1.6134
0.014092      7.5188    0.087264      1.7938
0.013738      7.5188     0.17453      4.9004
0.013166      7.5188     0.26179      4.4069
0.012403      7.5188     0.34906      3.0945
0.012206      7.4627    -0.34906      6.0799
0.012943      7.4627    -0.26179      2.9917
0.013495      7.4627    -0.17453       6.251
0.013836      7.4627   -0.087264      3.0823
0.013951      7.4627           0      3.1632
0.013836      7.4627    0.087264      4.8302
0.013495      7.4627     0.17453      2.4383
0.012943      7.4627     0.26179      2.8478
0.012206      7.4627     0.34906     0.83472
0.012013      7.4074    -0.34906      4.7657
0.012725      7.4074    -0.26179      3.5514
0.013257      7.4074    -0.17453      4.0754
0.013585      7.4074   -0.087264      5.0142
0.013697      7.4074           0      1.3851
0.013585      7.4074    0.087264      5.3901
0.013257      7.4074     0.17453      5.6844
0.012725      7.4074     0.26179      1.8348
0.012013      7.4074     0.34906      4.5606
0.011824      7.3529    -0.34906      2.1327
0.012511      7.3529    -0.26179      1.7133
0.013024      7.3529    -0.17453      1.0698
0.013341      7.3529   -0.087264       4.172
0.013449      7.3529           0      3.3668
0.013341      7.3529    0.087264      5.2093
0.013024      7.3529     0.17453      1.6798
0.012511      7.3529     0.26179      1.1068
0.011824      7.3529     0.34906      2.7091
0.011638      7.2993    -0.34906      2.9885
0.012302      7.2993    -0.26179      4.9335
0.012797      7.2993    -0.17453     0.82088
0.013103      7.2993   -0.087264     0.32267
0.013206      7.2993           0      3.9426
0.013103      7.2993    0.087264     0.18276
0.012797      7.2993     0.17453     0.85571
0.012302      7.2993     0.26179      4.3639
0.011638      7.2993     0.34906        3.24
0.011456      7.2464    -0.34906       3.409
0.012097      7.2464    -0.26179      5.0797
0.012575      7.2464    -0.17453      4.9867
0.01287      7.2464   -0.087264      3.1532
0.01297      7.2464           0      1.7381
0.01287      7.2464    0.087264     0.75185
0.012575      7.2464     0.17453      5.5705
0.012097      7.2464     0.26179      6.0963
0.011456      7.2464     0.34906      5.9219
0.011277      7.1942    -0.34906      4.0094
0.011897      7.1942    -0.26179     0.56918
0.012359      7.1942    -0.17453     0.46939
0.012643      7.1942   -0.087264      1.1463
0.01274      7.1942           0     0.19909
0.012643      7.1942    0.087264      4.5548
0.012359      7.1942     0.17453     0.90575
0.011897      7.1942     0.26179      3.9955
0.011277      7.1942     0.34906      4.9626
0.011102      7.1429    -0.34906      3.5578
0.011701      7.1429    -0.26179      2.3713
0.012147      7.1429    -0.17453       5.162
0.012422      7.1429   -0.087264      1.9156
0.012515      7.1429           0      2.0066
0.012422      7.1429    0.087264       4.932
0.012147      7.1429     0.17453       3.165
0.011701      7.1429     0.26179      1.6398
0.011102      7.1429     0.34906      4.6021
0.01093      7.0922    -0.34906      1.0238
0.011509      7.0922    -0.26179      5.7871
0.01194      7.0922    -0.17453      1.3962
0.012205      7.0922   -0.087264     0.52531
0.012295      7.0922           0     0.46307
0.012205      7.0922    0.087264      4.8351
0.01194      7.0922     0.17453      5.1375
0.011509      7.0922     0.26179      4.6521
0.01093      7.0922     0.34906      4.7641
0.010762      7.0423    -0.34906      6.0392
0.011322      7.0423    -0.26179      2.9305
0.011738      7.0423    -0.17453      4.9447
0.011994      7.0423   -0.087264       2.655
0.012081      7.0423           0      5.9295
0.011994      7.0423    0.087264   0.0082584
0.011738      7.0423     0.17453      6.1653
0.011322      7.0423     0.26179      3.5825
0.010762      7.0423     0.34906      2.1769
0.010597       6.993    -0.34906      3.5028
0.011138       6.993    -0.26179      1.8835
0.01154       6.993    -0.17453     0.99945
0.011788       6.993   -0.087264      4.1798
0.011871       6.993           0      4.2988
0.011788       6.993    0.087264      4.9787
0.01154       6.993     0.17453      2.1904
0.011138       6.993     0.26179      1.5712
0.010597       6.993     0.34906      2.1677
0.010435      6.9444    -0.34906      2.0648
0.010958      6.9444    -0.26179      5.8274
0.011347      6.9444    -0.17453      4.7504
0.011586      6.9444   -0.087264       1.811
0.011667      6.9444           0      3.8086
0.011586      6.9444    0.087264       4.813
0.011347      6.9444     0.17453      5.3164
0.010958      6.9444     0.26179      5.6671
0.010435      6.9444     0.34906      3.7428
0.010276      6.8966    -0.34906     0.43061
0.010783      6.8966    -0.26179        1.37
0.011158      6.8966    -0.17453      5.4625
0.011389      6.8966   -0.087264      2.6025
0.011467      6.8966           0      4.1544
0.011389      6.8966    0.087264      4.9226
0.011158      6.8966     0.17453      1.5575
0.010783      6.8966     0.26179      3.4835
0.010276      6.8966     0.34906      1.4425
0.01012      6.8493    -0.34906    0.043433
0.01061      6.8493    -0.26179      4.8168
0.010974      6.8493    -0.17453     0.13718
0.011197      6.8493   -0.087264      2.4699
0.011272      6.8493           0      1.5867
0.011197      6.8493    0.087264      1.2831
0.010974      6.8493     0.17453      4.1611
0.01061      6.8493     0.26179      5.7473
0.01012      6.8493     0.34906    0.043369
0.0099671      6.8027    -0.34906      4.6898
0.010442      6.8027    -0.26179      5.0243
0.010793      6.8027    -0.17453      5.7037
0.011009      6.8027   -0.087264      6.1232
0.011082      6.8027           0      0.7531
0.011009      6.8027    0.087264      3.2607
0.010793      6.8027     0.17453      5.1645
0.010442      6.8027     0.26179      4.0024
0.0099671      6.8027     0.34906      5.9934
0.0098172      6.7568    -0.34906      5.9495
0.010277      6.7568    -0.26179      6.0732
0.010617      6.7568    -0.17453     0.42312
0.010825      6.7568   -0.087264       2.749
0.010896      6.7568           0      2.0158
0.010825      6.7568    0.087264     0.84225
0.010617      6.7568     0.17453      0.8456
0.010277      6.7568     0.26179      5.0638
0.0098172      6.7568     0.34906      3.2971
0.0096702      6.7114    -0.34906      5.9328
0.010115      6.7114    -0.26179      6.2097
0.010444      6.7114    -0.17453      2.5754
0.010646      6.7114   -0.087264      2.3322
0.010714      6.7114           0      1.4253
0.010646      6.7114    0.087264      2.8024
0.010444      6.7114     0.17453      1.6727
0.010115      6.7114     0.26179      2.8845
0.0096702      6.7114     0.34906      2.7199
0.009526      6.6667    -0.34906      1.6312
0.0099568      6.6667    -0.26179     0.84013
0.010275      6.6667    -0.17453       2.634
0.01047      6.6667   -0.087264      3.1846
0.010536      6.6667           0      2.0377
0.01047      6.6667    0.087264      4.3019
0.010275      6.6667     0.17453       2.784
0.0099568      6.6667     0.26179      2.7373
0.009526      6.6667     0.34906      4.9826
0.0093846      6.6225    -0.34906      5.1241
0.0098018      6.6225    -0.26179      4.7255
0.01011      6.6225    -0.17453      4.9589
0.010299      6.6225   -0.087264      3.1495
0.010363      6.6225           0      3.4882
0.010299      6.6225    0.087264       3.963
0.01011      6.6225     0.17453     0.61567
0.0098018      6.6225     0.26179      1.5436
0.0093846      6.6225     0.34906      3.8686
0.0092459      6.5789    -0.34906      1.9161
0.00965      6.5789    -0.26179      4.8189
0.0099483      6.5789    -0.17453       1.679
0.010131      6.5789   -0.087264     0.24822
0.010193      6.5789           0      1.8633
0.010131      6.5789    0.087264      3.4956
0.0099483      6.5789     0.17453      6.0887
0.00965      6.5789     0.26179      4.3298
0.0092459      6.5789     0.34906      4.5104
0.0091098      6.5359    -0.34906      3.5124
0.0095014      6.5359    -0.26179      3.3511
0.0097902      6.5359    -0.17453      5.5022
0.0099673      6.5359   -0.087264      2.4698
0.010027      6.5359           0       2.878
0.0099673      6.5359    0.087264      1.3084
0.0097902      6.5359     0.17453      4.7579
0.0095014      6.5359     0.26179      3.4349
0.0091098      6.5359     0.34906      2.2455
0.0089763      6.4935    -0.34906      4.4044
0.0093558      6.4935    -0.26179     0.68624
0.0096355      6.4935    -0.17453    0.041535
0.0098069      6.4935   -0.087264      3.7528
0.0098647      6.4935           0      4.1416
0.0098069      6.4935    0.087264      3.6442
0.0096355      6.4935     0.17453      5.7172
0.0093558      6.4935     0.26179       3.996
0.0089763      6.4935     0.34906      3.3021
