
[NumberOfWaves] 2121
=================================
0.00497907      17.3077     -1.57075      0.82466
0.00509694      17.3077     -1.57075       5.5692
0.00520456      17.3077     -1.57075      4.23824
0.00530124      17.3077     -1.57075      5.24731
0.00538636      17.3077     -1.57075      4.12471
0.00545937      17.3077     -1.57075      6.18195
0.00551977      17.3077     -1.57075      6.15602
0.00556717      17.3077     -1.57075      1.57171
0.00560126      17.3077     -1.57075      3.92418
0.00562181      17.3077     -1.57075      4.57555
0.00562867      17.3077     -1.57075         3.13
0.00562181      17.3077     -1.57075      5.33947
0.00560126      17.3077     -1.57075      1.19954
0.00556717      17.3077     -1.57075     0.779995
0.00551977      17.3077     -1.57075    0.0175322
0.00545937      17.3077     -1.57075     0.961002
0.00538636      17.3077     -1.57075      3.35613
0.00530124      17.3077     -1.57075      3.20831
0.00520456      17.3077     -1.57075      2.42031
0.00509694      17.3077     -1.57075      1.95148
0.00497907      17.3077     -1.57075    0.0223389
0.00574309      16.9811     -1.57075      5.12217
0.0058928      16.9811     -1.57075      4.01118
0.00602981      16.9811     -1.57075      2.81692
0.00615313      16.9811     -1.57075      1.53359
0.00626189      16.9811     -1.57075      5.04767
0.0063553      16.9811     -1.57075      5.17701
0.00643269      16.9811     -1.57075      5.35431
0.00649348      16.9811     -1.57075      2.93574
0.00653722      16.9811     -1.57075       6.0989
0.0065636      16.9811     -1.57075      5.28554
0.00657241      16.9811     -1.57075     0.493518
0.0065636      16.9811     -1.57075      1.49283
0.00653722      16.9811     -1.57075       5.1368
0.00649348      16.9811     -1.57075      2.54982
0.00643269      16.9811     -1.57075      2.92984
0.0063553      16.9811     -1.57075       5.9785
0.00626189      16.9811     -1.57075      6.06313
0.00615313      16.9811     -1.57075      4.80828
0.00602981      16.9811     -1.57075      3.60979
0.0058928      16.9811     -1.57075      5.75476
0.00574309      16.9811     -1.57075       3.1128
0.00650886      16.6667     -1.57075      1.04306
0.0066954      16.6667     -1.57075      2.04824
0.0068665      16.6667     -1.57075      1.86251
0.00702085      16.6667     -1.57075      3.50779
0.00715722      16.6667     -1.57075     0.423957
0.00727453      16.6667     -1.57075     0.433388
0.00737185      16.6667     -1.57075      1.04791
0.00744837      16.6667     -1.57075      5.95275
0.00750348      16.6667     -1.57075      5.09607
0.00753673      16.6667     -1.57075      4.46379
0.00754785      16.6667     -1.57075      6.09605
0.00753673      16.6667     -1.57075      6.27312
0.00750348      16.6667     -1.57075      6.20418
0.00744837      16.6667     -1.57075     0.942994
0.00737185      16.6667     -1.57075      6.02212
0.00727453      16.6667     -1.57075      3.33287
0.00715722      16.6667     -1.57075     0.465486
0.00702085      16.6667     -1.57075      1.95917
0.0068665      16.6667     -1.57075      5.62436
0.0066954      16.6667     -1.57075      5.24485
0.00650886      16.6667     -1.57075    0.0147572
0.00726173      16.3636     -1.57075      4.02244
0.00749015      16.3636     -1.57075       5.0464
0.00770021      16.3636     -1.57075      1.54016
0.00789013      16.3636     -1.57075      0.40288
0.00805827      16.3636     -1.57075      1.65336
0.00820316      16.3636     -1.57075     0.645392
0.00832352      16.3636     -1.57075      3.03921
0.00841827      16.3636     -1.57075      2.63185
0.00848657      16.3636     -1.57075      2.39564
0.0085278      16.3636     -1.57075      5.57155
0.00854158      16.3636     -1.57075      2.64236
0.0085278      16.3636     -1.57075      1.78342
0.00848657      16.3636     -1.57075     0.302722
0.00841827      16.3636     -1.57075      1.37702
0.00832352      16.3636     -1.57075      1.50274
0.00820316      16.3636     -1.57075     0.183831
0.00805827      16.3636     -1.57075      4.41262
0.00789013      16.3636     -1.57075    0.0479742
0.00770021      16.3636     -1.57075      3.83841
0.00749015      16.3636     -1.57075      2.56403
0.00726173      16.3636     -1.57075      1.56413
0.00798885      16.0714     -1.57075       4.0994
0.00826423      16.0714     -1.57075       2.0123
0.00851819      16.0714     -1.57075     0.651372
0.00874835      16.0714     -1.57075      3.36495
0.00895256      16.0714     -1.57075      1.03588
0.00912885      16.0714     -1.57075      5.55065
0.00927552      16.0714     -1.57075      4.18735
0.00939113      16.0714     -1.57075      5.32637
0.00947454      16.0714     -1.57075       4.7918
0.00952491      16.0714     -1.57075      5.07047
0.00954176      16.0714     -1.57075      3.97684
0.00952491      16.0714     -1.57075      4.46361
0.00947454      16.0714     -1.57075      4.32687
0.00939113      16.0714     -1.57075      2.01652
0.00927552      16.0714     -1.57075      3.34035
0.00912885      16.0714     -1.57075      5.48628
0.00895256      16.0714     -1.57075     0.342673
0.00874835      16.0714     -1.57075      3.14402
0.00851819      16.0714     -1.57075      2.71905
0.00826423      16.0714     -1.57075      5.68161
0.00798885      16.0714     -1.57075      3.95944
0.00867989      15.7895     -1.57075      6.17642
0.00900729      15.7895     -1.57075      3.67681
0.00931012      15.7895     -1.57075      5.28172
0.00958531      15.7895     -1.57075      2.94556
0.00983002      15.7895     -1.57075      3.42563
0.0100417      15.7895     -1.57075      1.12531
0.0102181      15.7895     -1.57075      3.98632
0.0103573      15.7895     -1.57075      6.05027
0.0104578      15.7895     -1.57075      3.35521
0.0105186      15.7895     -1.57075      3.01342
0.0105389      15.7895     -1.57075       4.9866
0.0105186      15.7895     -1.57075      0.58252
0.0104578      15.7895     -1.57075      5.53406
0.0103573      15.7895     -1.57075    0.0243374
0.0102181      15.7895     -1.57075      3.21394
0.0100417      15.7895     -1.57075      4.26279
0.00983002      15.7895     -1.57075      3.55459
0.00958531      15.7895     -1.57075      3.00616
0.00931012      15.7895     -1.57075      2.01378
0.00900729      15.7895     -1.57075      3.77973
0.00867989      15.7895     -1.57075      5.73734
0.00932781      15.5172     -1.57075      4.28826
0.00971227      15.5172     -1.57075      5.94833
0.010069      15.5172     -1.57075     0.622576
0.0103941      15.5172     -1.57075      3.21079
0.0106839      15.5172     -1.57075     0.691936
0.0109351      15.5172     -1.57075      3.42588
0.0111448      15.5172     -1.57075      4.32764
0.0113105      15.5172     -1.57075     0.926221
0.0114304      15.5172     -1.57075      4.88542
0.0115028      15.5172     -1.57075      2.50724
0.0115271      15.5172     -1.57075      5.64402
0.0115028      15.5172     -1.57075      1.92916
0.0114304      15.5172     -1.57075     0.383584
0.0113105      15.5172     -1.57075      1.37894
0.0111448      15.5172     -1.57075     0.520439
0.0109351      15.5172     -1.57075      5.97133
0.0106839      15.5172     -1.57075     0.102857
0.0103941      15.5172     -1.57075     0.720462
0.010069      15.5172     -1.57075    0.0779717
0.00971227      15.5172     -1.57075      1.35856
0.00932781      15.5172     -1.57075    0.0717992
0.0099296      15.2542     -1.57075      4.03651
0.0103762      15.2542     -1.57075      3.24825
0.010792      15.2542     -1.57075      1.54274
0.0111721      15.2542     -1.57075      1.21731
0.0115118      15.2542     -1.57075      0.57094
0.0118069      15.2542     -1.57075      2.31492
0.0120537      15.2542     -1.57075    0.0489629
0.0122491      15.2542     -1.57075      3.78677
0.0123905      15.2542     -1.57075      3.00864
0.0124761      15.2542     -1.57075       1.9359
0.0125048      15.2542     -1.57075      4.67734
0.0124761      15.2542     -1.57075      5.27363
0.0123905      15.2542     -1.57075      1.64886
0.0122491      15.2542     -1.57075      3.23096
0.0120537      15.2542     -1.57075      2.80708
0.0118069      15.2542     -1.57075      2.14383
0.0115118      15.2542     -1.57075      5.27233
0.0111721      15.2542     -1.57075        6.173
0.010792      15.2542     -1.57075      3.93608
0.0103762      15.2542     -1.57075      1.13895
0.0099296      15.2542     -1.57075     0.772916
0.0104871           15     -1.57075      3.64394
0.0110011           15     -1.57075      2.06419
0.0114814           15     -1.57075      1.68501
0.0119219           15     -1.57075      3.45715
0.0123167           15     -1.57075      1.13419
0.0126605           15     -1.57075      4.26296
0.0129487           15     -1.57075     0.349891
0.0131771           15     -1.57075     0.213981
0.0133427           15     -1.57075       1.8002
0.013443           15     -1.57075     0.486242
0.0134765           15     -1.57075       5.6583
0.013443           15     -1.57075      5.31923
0.0133427           15     -1.57075      2.48617
0.0131771           15     -1.57075      1.06318
0.0129487           15     -1.57075      2.70453
0.0126605           15     -1.57075       2.6151
0.0123167           15     -1.57075      4.57882
0.0119219           15     -1.57075      2.55387
0.0114814           15     -1.57075      5.98021
0.0110011           15     -1.57075         5.73
0.0104871           15     -1.57075      5.97774
0.0110076      14.7541     -1.57075      2.17393
0.0115948      14.7541     -1.57075       1.8236
0.0121457      14.7541     -1.57075      5.57114
0.0126526      14.7541     -1.57075      1.31962
0.0131084      14.7541     -1.57075     0.822297
0.0135063      14.7541     -1.57075       3.2704
0.0138405      14.7541     -1.57075      5.68902
0.0141059      14.7541     -1.57075       2.5291
0.0142985      14.7541     -1.57075      1.35563
0.0144153      14.7541     -1.57075      0.49472
0.0144544      14.7541     -1.57075      5.86242
0.0144153      14.7541     -1.57075      3.78784
0.0142985      14.7541     -1.57075      2.37178
0.0141059      14.7541     -1.57075      4.17776
0.0138405      14.7541     -1.57075      4.97733
0.0135063      14.7541     -1.57075      2.09533
0.0131084      14.7541     -1.57075      4.35198
0.0126526      14.7541     -1.57075      1.28057
0.0121457      14.7541     -1.57075       6.0236
0.0115948      14.7541     -1.57075      4.47244
0.0110076      14.7541     -1.57075      1.04867
0.0115042      14.5161     -1.57075      2.78197
0.0121714      14.5161     -1.57075       3.9771
0.0127999      14.5161     -1.57075      5.84298
0.0133803      14.5161     -1.57075      3.32579
0.0139039      14.5161     -1.57075      3.93614
0.0143623      14.5161     -1.57075      4.27759
0.0147482      14.5161     -1.57075      5.80045
0.0150553      14.5161     -1.57075     0.960257
0.0152783      14.5161     -1.57075      2.54914
0.0154137      14.5161     -1.57075      1.96329
0.0154591      14.5161     -1.57075      4.35977
0.0154137      14.5161     -1.57075      5.59619
0.0152783      14.5161     -1.57075      3.08289
0.0150553      14.5161     -1.57075      5.06299
0.0147482      14.5161     -1.57075      2.05102
0.0143623      14.5161     -1.57075      3.45489
0.0139039      14.5161     -1.57075      2.44273
0.0133803      14.5161     -1.57075      5.63478
0.0127999      14.5161     -1.57075      4.24806
0.0121714      14.5161     -1.57075      5.20482
0.0115042      14.5161     -1.57075     0.691688
0.0119956      14.2857     -1.57075      1.75439
0.012751      14.2857     -1.57075      4.82306
0.0134658      14.2857     -1.57075      1.35748
0.0141286      14.2857     -1.57075     0.214012
0.0147284      14.2857     -1.57075      2.74286
0.0152552      14.2857     -1.57075      5.88631
0.0156997      14.2857     -1.57075       1.6467
0.0160541      14.2857     -1.57075      3.57971
0.0163119      14.2857     -1.57075      2.25907
0.0164685      14.2857     -1.57075     0.168627
0.0165211      14.2857     -1.57075      3.14413
0.0164685      14.2857     -1.57075      5.19613
0.0163119      14.2857     -1.57075      1.62719
0.0160541      14.2857     -1.57075     0.288295
0.0156997      14.2857     -1.57075      1.54858
0.0152552      14.2857     -1.57075      4.15138
0.0147284      14.2857     -1.57075      2.06968
0.0141286      14.2857     -1.57075      4.14361
0.0134658      14.2857     -1.57075    0.0817049
0.012751      14.2857     -1.57075      4.51162
0.0119956      14.2857     -1.57075       2.4574
0.012505      14.0625     -1.57075     0.210514
0.0133592      14.0625     -1.57075      2.55099
0.0141712      14.0625     -1.57075      4.50056
0.0149274      14.0625     -1.57075      5.78876
0.0156143      14.0625     -1.57075      6.18257
0.0162193      14.0625     -1.57075      6.17883
0.0167313      14.0625     -1.57075      5.63149
0.0171402      14.0625     -1.57075      5.43921
0.0174383      14.0625     -1.57075      5.03244
0.0176195      14.0625     -1.57075      3.48693
0.0176803      14.0625     -1.57075      2.63177
0.0176195      14.0625     -1.57075     0.798711
0.0174383      14.0625     -1.57075      4.11298
0.0171402      14.0625     -1.57075      5.42829
0.0167313      14.0625     -1.57075       1.7253
0.0162193      14.0625     -1.57075      5.27875
0.0156143      14.0625     -1.57075     0.444555
0.0149274      14.0625     -1.57075      2.37995
0.0141712      14.0625     -1.57075      1.68491
0.0133592      14.0625     -1.57075     0.960804
0.012505      14.0625     -1.57075      3.96457
0.013058      13.8462     -1.57075      1.98778
0.0140244      13.8462     -1.57075       6.0261
0.0149478      13.8462     -1.57075      3.13317
0.0158115      13.8462     -1.57075      4.64068
0.0165991      13.8462     -1.57075    0.0801439
0.0172953      13.8462     -1.57075      3.80343
0.0178859      13.8462     -1.57075      3.62184
0.0183588      13.8462     -1.57075      5.07276
0.0187041      13.8462     -1.57075      4.11516
0.0189142      13.8462     -1.57075      5.51791
0.0189848      13.8462     -1.57075      5.66961
0.0189142      13.8462     -1.57075     0.956479
0.0187041      13.8462     -1.57075      1.20998
0.0183588      13.8462     -1.57075       4.9697
0.0178859      13.8462     -1.57075      0.38141
0.0172953      13.8462     -1.57075      2.44928
0.0165991      13.8462     -1.57075      1.88469
0.0158115      13.8462     -1.57075      4.61285
0.0149478      13.8462     -1.57075     0.654747
0.0140244      13.8462     -1.57075      4.97975
0.013058      13.8462     -1.57075      4.91789
0.0136786      13.6364     -1.57075      3.34505
0.0147744      13.6364     -1.57075      1.59181
0.015827      13.6364     -1.57075     0.445808
0.0168163      13.6364     -1.57075      3.93192
0.0177222      13.6364     -1.57075     0.155074
0.0185257      13.6364     -1.57075     0.389813
0.0192094      13.6364     -1.57075     0.814352
0.0197582      13.6364     -1.57075      2.83121
0.0201595      13.6364     -1.57075      4.22429
0.0204041      13.6364     -1.57075      5.37894
0.0204862      13.6364     -1.57075      3.13173
0.0204041      13.6364     -1.57075     0.306513
0.0201595      13.6364     -1.57075      1.97181
0.0197582      13.6364     -1.57075      4.03137
0.0192094      13.6364     -1.57075      4.94087
0.0185257      13.6364     -1.57075      1.81673
0.0177222      13.6364     -1.57075       3.1281
0.0168163      13.6364     -1.57075      5.14222
0.015827      13.6364     -1.57075      3.73919
0.0147744      13.6364     -1.57075      3.37036
0.0136786      13.6364     -1.57075      2.07888
0.0143842      13.4328     -1.57075      2.58665
0.0156303      13.4328     -1.57075      4.98874
0.0168342      13.4328     -1.57075      2.15638
0.0179713      13.4328     -1.57075      2.90656
0.0190171      13.4328     -1.57075      2.31104
0.0199483      13.4328     -1.57075      4.26974
0.0207432      13.4328     -1.57075      3.56736
0.0213828      13.4328     -1.57075      4.09511
0.0218513      13.4328     -1.57075      3.08567
0.0221373      13.4328     -1.57075      2.50351
0.0222334      13.4328     -1.57075      3.00003
0.0221373      13.4328     -1.57075      0.41837
0.0218513      13.4328     -1.57075      2.58249
0.0213828      13.4328     -1.57075       6.0888
0.0207432      13.4328     -1.57075      4.90527
0.0199483      13.4328     -1.57075      4.58042
0.0190171      13.4328     -1.57075      4.81058
0.0179713      13.4328     -1.57075       4.7536
0.0168342      13.4328     -1.57075      5.29827
0.0156303      13.4328     -1.57075       4.8389
0.0143842      13.4328     -1.57075      6.14893
0.0151787      13.2353     -1.57075     0.699671
0.0165993      13.2353     -1.57075      2.48855
0.0179801      13.2353     -1.57075      3.09162
0.0192913      13.2353     -1.57075      1.62161
0.020503      13.2353     -1.57075     0.232259
0.0215862      13.2353     -1.57075      6.12204
0.0225138      13.2353     -1.57075      4.56413
0.0232622      13.2353     -1.57075     0.929663
0.0238116      13.2353     -1.57075     0.929222
0.0241473      13.2353     -1.57075      4.42841
0.0242603      13.2353     -1.57075      2.39378
0.0241473      13.2353     -1.57075     0.480093
0.0238116      13.2353     -1.57075      2.58131
0.0232622      13.2353     -1.57075      0.89841
0.0225138      13.2353     -1.57075      5.01962
0.0215862      13.2353     -1.57075      5.84475
0.020503      13.2353     -1.57075    0.0296525
0.0192913      13.2353     -1.57075       4.0842
0.0179801      13.2353     -1.57075      4.26322
0.0165993      13.2353     -1.57075      1.59351
0.0151787      13.2353     -1.57075      5.29771
0.0160439      13.0435     -1.57075      1.84694
0.0176648      13.0435     -1.57075     0.168764
0.0192504      13.0435     -1.57075     0.586249
0.0207646      13.0435     -1.57075      5.01311
0.0221708      13.0435     -1.57075      4.46974
0.0234333      13.0435     -1.57075      4.92214
0.0245183      13.0435     -1.57075      3.92011
0.0253962      13.0435     -1.57075      5.18609
0.026042      13.0435     -1.57075     0.220047
0.0264371      13.0435     -1.57075       2.5476
0.0265702      13.0435     -1.57075      1.56867
0.0264371      13.0435     -1.57075      3.02147
0.026042      13.0435     -1.57075      5.53431
0.0253962      13.0435     -1.57075      1.76354
0.0245183      13.0435     -1.57075      3.76441
0.0234333      13.0435     -1.57075     0.164779
0.0221708      13.0435     -1.57075     0.975113
0.0207646      13.0435     -1.57075      5.23946
0.0192504      13.0435     -1.57075      1.22452
0.0176648      13.0435     -1.57075      5.21356
0.0160439      13.0435     -1.57075      2.12412
0.016932      12.8571     -1.57075      4.21663
0.018777      12.8571     -1.57075     0.329018
0.020594      12.8571     -1.57075      4.61366
0.0223397      12.8571     -1.57075      3.13824
0.0239695      12.8571     -1.57075      5.92675
0.0254392      12.8571     -1.57075      1.82064
0.0267072      12.8571     -1.57075      2.36593
0.0277361      12.8571     -1.57075     0.714725
0.0284947      12.8571     -1.57075      6.06216
0.0289596      12.8571     -1.57075      2.71747
0.0291162      12.8571     -1.57075     0.531311
0.0289596      12.8571     -1.57075      4.50288
0.0284947      12.8571     -1.57075      3.18415
0.0277361      12.8571     -1.57075      2.06138
0.0267072      12.8571     -1.57075      4.73439
0.0254392      12.8571     -1.57075      5.25262
0.0239695      12.8571     -1.57075       1.5941
0.0223397      12.8571     -1.57075      3.35779
0.020594      12.8571     -1.57075      2.73414
0.018777      12.8571     -1.57075     0.990855
0.016932      12.8571     -1.57075      3.77282
0.0177612      12.6761     -1.57075         5.89
0.0198468      12.6761     -1.57075     0.677047
0.0219156      12.6761     -1.57075      5.65458
0.0239159      12.6761     -1.57075      3.45857
0.0257939      12.6761     -1.57075      2.68508
0.0274955      12.6761     -1.57075     0.957409
0.0289693      12.6761     -1.57075      1.55533
0.030169      12.6761     -1.57075      2.81082
0.0310557      12.6761     -1.57075      3.34748
0.0316      12.6761     -1.57075      2.22827
0.0317835      12.6761     -1.57075      4.85748
0.0316      12.6761     -1.57075       5.5396
0.0310557      12.6761     -1.57075       4.6123
0.030169      12.6761     -1.57075      2.55361
0.0289693      12.6761     -1.57075      3.79606
0.0274955      12.6761     -1.57075      4.02806
0.0257939      12.6761     -1.57075     0.800874
0.0239159      12.6761     -1.57075      3.11757
0.0219156      12.6761     -1.57075      1.95068
0.0198468      12.6761     -1.57075      3.63518
0.0177612      12.6761     -1.57075      5.92869
0.0184203         12.5     -1.57075      2.68246
0.0207495         12.5     -1.57075     0.208146
0.0230775         12.5     -1.57075      5.83963
0.0253438         12.5     -1.57075      5.81166
0.0274839         12.5     -1.57075      2.25124
0.0294329         12.5     -1.57075      1.63351
0.0311281         12.5     -1.57075      4.94384
0.0325127         12.5     -1.57075      3.21427
0.0335385         12.5     -1.57075      3.53436
0.0341693         12.5     -1.57075      4.30256
0.0343821         12.5     -1.57075     0.580528
0.0341693         12.5     -1.57075      5.48241
0.0335385         12.5     -1.57075      5.92448
0.0325127         12.5     -1.57075     0.606902
0.0311281         12.5     -1.57075      5.31468
0.0294329         12.5     -1.57075      5.71373
0.0274839         12.5     -1.57075    0.0712564
0.0253438         12.5     -1.57075       3.2903
0.0230775         12.5     -1.57075      4.08612
0.0207495         12.5     -1.57075      2.41987
0.0184203         12.5     -1.57075      4.07956
0.0187862      12.3288     -1.57075      4.79301
0.0213423      12.3288     -1.57075      3.61704
0.0239178      12.3288     -1.57075      3.97035
0.0264428      12.3288     -1.57075      1.74796
0.0288422      12.3288     -1.57075      5.27669
0.031039      12.3288     -1.57075       2.6818
0.0329582      12.3288     -1.57075      3.96848
0.0345313      12.3288     -1.57075      5.23667
0.0357      12.3288     -1.57075      1.69758
0.0364198      12.3288     -1.57075      2.51823
0.0366629      12.3288     -1.57075      3.48238
0.0364198      12.3288     -1.57075      2.78881
0.0357      12.3288     -1.57075     0.567883
0.0345313      12.3288     -1.57075      4.67695
0.0329582      12.3288     -1.57075     0.204923
0.031039      12.3288     -1.57075      2.70007
0.0288422      12.3288     -1.57075     0.234119
0.0264428      12.3288     -1.57075      6.13094
0.0239178      12.3288     -1.57075      3.28186
0.0213423      12.3288     -1.57075      5.71521
0.0187862      12.3288     -1.57075      2.40795
0.018753      12.1622     -1.57075      5.55701
0.0214968      12.1622     -1.57075      1.60228
0.0242848      12.1622     -1.57075      5.71156
0.027039      12.1622     -1.57075      5.62052
0.0296734      12.1622     -1.57075      2.50388
0.0320989      12.1622     -1.57075        3.927
0.0342279      12.1622     -1.57075      3.56621
0.0359795      12.1622     -1.57075      5.62022
0.0372844      12.1622     -1.57075       1.3456
0.0380897      12.1622     -1.57075    0.0242471
0.0383619      12.1622     -1.57075      5.53269
0.0380897      12.1622     -1.57075      1.47727
0.0372844      12.1622     -1.57075      1.53848
0.0359795      12.1622     -1.57075      4.02688
0.0342279      12.1622     -1.57075      1.91333
0.0320989      12.1622     -1.57075      5.18738
0.0296734      12.1622     -1.57075      5.55222
0.027039      12.1622     -1.57075      5.93978
0.0242848      12.1622     -1.57075      2.45537
0.0214968      12.1622     -1.57075      5.03469
0.018753      12.1622     -1.57075     0.987143
0.018265           12     -1.57075      3.92791
0.0211368           12     -1.57075      4.39172
0.0240812           12     -1.57075     0.539515
0.0270129           12     -1.57075       3.3374
0.0298367           12     -1.57075      5.58286
0.0324521           12     -1.57075      1.65661
0.0347592           12     -1.57075      1.47516
0.0366648           12     -1.57075      5.27557
0.0380887           12     -1.57075      3.11348
0.038969           12     -1.57075     0.957318
0.0392669           12     -1.57075      1.44992
0.038969           12     -1.57075      4.13392
0.0380887           12     -1.57075        3.537
0.0366648           12     -1.57075      1.83356
0.0347592           12     -1.57075      3.90994
0.0324521           12     -1.57075      4.49803
0.0298367           12     -1.57075      1.76383
0.0270129           12     -1.57075      2.59031
0.0240812           12     -1.57075      2.27574
0.0211368           12     -1.57075      4.90949
0.018265           12     -1.57075     0.851266
0.0184807      11.8421     -1.57075       5.6677
0.0212849      11.8421     -1.57075      1.81978
0.0241472      11.8421     -1.57075      3.13872
0.0269858      11.8421     -1.57075       4.9233
0.0297104      11.8421     -1.57075      4.25398
0.0322264      11.8421     -1.57075     0.941267
0.0344403      11.8421     -1.57075      4.37686
0.0362653      11.8421     -1.57075     0.810589
0.0376269      11.8421     -1.57075      5.94338
0.038468      11.8421     -1.57075      5.56933
0.0387524      11.8421     -1.57075      3.23577
0.038468      11.8421     -1.57075      4.26873
0.0376269      11.8421     -1.57075      6.13719
0.0362653      11.8421     -1.57075     0.788267
0.0344403      11.8421     -1.57075      4.72634
0.0322264      11.8421     -1.57075      5.19637
0.0297104      11.8421     -1.57075      4.90973
0.0269858      11.8421     -1.57075      1.19932
0.0241472      11.8421     -1.57075      2.69315
0.0212849      11.8421     -1.57075    0.0908317
0.0184807      11.8421     -1.57075      2.04377
0.0184174      11.6883     -1.57075     0.846333
0.0211159      11.6883     -1.57075       2.8306
0.0238585      11.6883     -1.57075       3.5956
0.0265681      11.6883     -1.57075      4.97628
0.0291602      11.6883     -1.57075      2.63721
0.031547      11.6883     -1.57075      3.34593
0.0336422      11.6883     -1.57075       5.8162
0.0353662      11.6883     -1.57075      5.64893
0.0366506      11.6883     -1.57075      3.42319
0.0374433      11.6883     -1.57075      5.66176
0.0377112      11.6883     -1.57075     0.325627
0.0374433      11.6883     -1.57075      5.08045
0.0366506      11.6883     -1.57075      2.10421
0.0353662      11.6883     -1.57075      1.43682
0.0336422      11.6883     -1.57075      5.16715
0.031547      11.6883     -1.57075      2.18796
0.0291602      11.6883     -1.57075      1.03965
0.0265681      11.6883     -1.57075     0.176763
0.0238585      11.6883     -1.57075      6.00259
0.0211159      11.6883     -1.57075      4.27427
0.0184174      11.6883     -1.57075      5.40691
0.0181039      11.5385     -1.57075      5.90032
0.0206666      11.5385     -1.57075      4.27366
0.0232604      11.5385     -1.57075      5.76417
0.0258138      11.5385     -1.57075      1.61279
0.0282487      11.5385     -1.57075      5.56434
0.0304847      11.5385     -1.57075      5.78063
0.0324431      11.5385     -1.57075       1.8853
0.0340515      11.5385     -1.57075     0.461115
0.0352483      11.5385     -1.57075      4.82157
0.0359861      11.5385     -1.57075     0.533755
0.0362354      11.5385     -1.57075      4.57882
0.0359861      11.5385     -1.57075      2.81409
0.0352483      11.5385     -1.57075       4.0918
0.0340515      11.5385     -1.57075      1.06498
0.0324431      11.5385     -1.57075       3.3391
0.0304847      11.5385     -1.57075      3.98217
0.0282487      11.5385     -1.57075    0.0885652
0.0258138      11.5385     -1.57075      2.95534
0.0232604      11.5385     -1.57075      5.56879
0.0206666      11.5385     -1.57075     0.716441
0.0181039      11.5385     -1.57075      2.78049
0.0175894      11.3924     -1.57075      4.14394
0.0199961      11.3924     -1.57075      1.85206
0.0224225      11.3924     -1.57075      5.97116
0.0248028      11.3924     -1.57075       4.3622
0.0270658      11.3924     -1.57075      1.29937
0.0291385      11.3924     -1.57075      3.48557
0.0309499      11.3924     -1.57075      5.52451
0.0324351      11.3924     -1.57075      3.50502
0.0335387      11.3924     -1.57075      4.72691
0.0342185      11.3924     -1.57075      5.62266
0.0344482      11.3924     -1.57075      5.28931
0.0342185      11.3924     -1.57075     0.822173
0.0335387      11.3924     -1.57075      1.18845
0.0324351      11.3924     -1.57075     0.965319
0.0309499      11.3924     -1.57075     0.181592
0.0291385      11.3924     -1.57075    0.0570804
0.0270658      11.3924     -1.57075      3.74751
0.0248028      11.3924     -1.57075      3.82666
0.0224225      11.3924     -1.57075       5.7736
0.0199961      11.3924     -1.57075      4.60905
0.0175894      11.3924     -1.57075      1.89211
0.0169344        11.25     -1.57075      3.11369
0.0191752        11.25     -1.57075      1.62204
0.021426        11.25     -1.57075      4.60452
0.0236265        11.25     -1.57075     0.733608
0.0257126        11.25     -1.57075      4.68738
0.0276185        11.25     -1.57075       5.0879
0.0292807        11.25     -1.57075       4.6823
0.0306413        11.25     -1.57075      2.11827
0.0316511        11.25     -1.57075      3.67131
0.0322726        11.25     -1.57075      2.94643
0.0324824        11.25     -1.57075     0.548286
0.0322726        11.25     -1.57075      5.20683
0.0316511        11.25     -1.57075      4.30979
0.0306413        11.25     -1.57075       1.6796
0.0292807        11.25     -1.57075      6.09127
0.0276185        11.25     -1.57075      1.15465
0.0257126        11.25     -1.57075      1.88453
0.0236265        11.25     -1.57075      2.58347
0.021426        11.25     -1.57075      1.48586
0.0191752        11.25     -1.57075      1.22553
0.0169344        11.25     -1.57075       4.4319
0.0162007      11.1111     -1.57075      1.13438
0.0182749      11.1111     -1.57075      3.28182
0.0203507      11.1111     -1.57075      1.86085
0.0223739      11.1111     -1.57075      2.90766
0.0242864      11.1111     -1.57075      5.81324
0.0260296      11.1111     -1.57075      1.35643
0.027547      11.1111     -1.57075   0.00633878
0.028787      11.1111     -1.57075      5.69621
0.0297062      11.1111     -1.57075       4.2727
0.0302715      11.1111     -1.57075      3.23544
0.0304623      11.1111     -1.57075      3.28016
0.0302715      11.1111     -1.57075     0.646637
0.0297062      11.1111     -1.57075       6.2634
0.028787      11.1111     -1.57075       2.2554
0.027547      11.1111     -1.57075       3.9284
0.0260296      11.1111     -1.57075      2.47152
0.0242864      11.1111     -1.57075    0.0481431
0.0223739      11.1111     -1.57075      3.42603
0.0203507      11.1111     -1.57075      3.19874
0.0182749      11.1111     -1.57075      1.55051
0.0162007      11.1111     -1.57075     0.285219
0.0154435      10.9756     -1.57075      5.28859
0.0173574      10.9756     -1.57075     0.303154
0.0192663      10.9756     -1.57075      1.98744
0.021121      10.9756     -1.57075      4.92222
0.0228697      10.9756     -1.57075      6.10959
0.02446      10.9756     -1.57075      3.68475
0.0258416      10.9756     -1.57075      4.88845
0.0269689      10.9756     -1.57075      4.57212
0.0278037      10.9756     -1.57075      4.09015
0.0283167      10.9756     -1.57075      4.17578
0.0284897      10.9756     -1.57075      5.89835
0.0283167      10.9756     -1.57075      3.36192
0.0278037      10.9756     -1.57075       2.5034
0.0269689      10.9756     -1.57075      4.21249
0.0258416      10.9756     -1.57075      2.76788
0.02446      10.9756     -1.57075     0.834847
0.0228697      10.9756     -1.57075      2.75952
0.021121      10.9756     -1.57075      3.44084
0.0192663      10.9756     -1.57075      2.48264
0.0173574      10.9756     -1.57075      2.50234
0.0154435      10.9756     -1.57075      4.72072
0.0147064      10.8434     -1.57075      3.28193
0.0164714      10.8434     -1.57075      3.08139
0.018226      10.8434     -1.57075      0.55717
0.0199259      10.8434     -1.57075       1.5761
0.0215245      10.8434     -1.57075      2.81201
0.0229751      10.8434     -1.57075      4.00831
0.024233      10.8434     -1.57075      4.45744
0.025258      10.8434     -1.57075      6.23663
0.0260161      10.8434     -1.57075      5.85698
0.0264816      10.8434     -1.57075     0.579478
0.0266386      10.8434     -1.57075      5.99109
0.0264816      10.8434     -1.57075      1.02285
0.0260161      10.8434     -1.57075      6.09737
0.025258      10.8434     -1.57075      3.75099
0.024233      10.8434     -1.57075      1.50935
0.0229751      10.8434     -1.57075     0.441664
0.0215245      10.8434     -1.57075      1.88516
0.0199259      10.8434     -1.57075       5.1115
0.018226      10.8434     -1.57075     0.481968
0.0164714      10.8434     -1.57075      2.22715
0.0147064      10.8434     -1.57075     0.829424
0.0140203      10.7143     -1.57075     0.993843
0.0156506      10.7143     -1.57075      0.39047
0.0172661      10.7143     -1.57075      4.40968
0.0188269      10.7143     -1.57075     0.543365
0.020291      10.7143     -1.57075      3.87527
0.0216169      10.7143     -1.57075      1.09181
0.0227646      10.7143     -1.57075      4.09275
0.0236985      10.7143     -1.57075      3.13331
0.0243885      10.7143     -1.57075      1.78758
0.0248119      10.7143     -1.57075      5.21841
0.0249547      10.7143     -1.57075      5.14176
0.0248119      10.7143     -1.57075      5.89452
0.0243885      10.7143     -1.57075   0.00204886
0.0236985      10.7143     -1.57075      4.02357
0.0227646      10.7143     -1.57075    0.0462158
0.0216169      10.7143     -1.57075     0.668644
0.020291      10.7143     -1.57075     0.670989
0.0188269      10.7143     -1.57075      2.30655
0.0172661      10.7143     -1.57075      1.50546
0.0156506      10.7143     -1.57075       2.1748
0.0140203      10.7143     -1.57075      1.56836
0.0134037      10.5882     -1.57075      2.43193
0.0149143      10.5882     -1.57075      2.64538
0.0164068      10.5882     -1.57075      4.02161
0.0178448      10.5882     -1.57075       4.9482
0.0191907      10.5882     -1.57075      1.69637
0.0204069      10.5882     -1.57075      5.30274
0.021458      10.5882     -1.57075      4.65236
0.0223121      10.5882     -1.57075       5.1904
0.0229426      10.5882     -1.57075      1.14471
0.0233292      10.5882     -1.57075     0.411136
0.0234595      10.5882     -1.57075      3.83483
0.0233292      10.5882     -1.57075      4.40786
0.0229426      10.5882     -1.57075     0.701294
0.0223121      10.5882     -1.57075     0.602061
0.021458      10.5882     -1.57075      3.75619
0.0204069      10.5882     -1.57075      5.10326
0.0191907      10.5882     -1.57075      5.11799
0.0178448      10.5882     -1.57075     0.561932
0.0164068      10.5882     -1.57075      4.59462
0.0149143      10.5882     -1.57075      5.67893
0.0134037      10.5882     -1.57075      2.84137
0.0128647      10.4651     -1.57075     0.444131
0.0142706      10.4651     -1.57075      1.51595
0.0156556      10.4651     -1.57075      4.59831
0.0169866      10.4651     -1.57075     0.254409
0.0182294      10.4651     -1.57075      2.66728
0.0193505      10.4651     -1.57075      3.39417
0.0203177      10.4651     -1.57075       5.9929
0.0211027      10.4651     -1.57075      1.31255
0.0216816      10.4651     -1.57075     0.730915
0.0220363      10.4651     -1.57075       4.0602
0.0221558      10.4651     -1.57075     0.681147
0.0220363      10.4651     -1.57075      6.17931
0.0216816      10.4651     -1.57075      1.56035
0.0211027      10.4651     -1.57075      3.80973
0.0203177      10.4651     -1.57075       5.1313
0.0193505      10.4651     -1.57075      5.21523
0.0182294      10.4651     -1.57075      3.07263
0.0169866      10.4651     -1.57075      4.77966
0.0156556      10.4651     -1.57075      5.74962
0.0142706      10.4651     -1.57075      5.66083
0.0128647      10.4651     -1.57075      1.34605
0.0124038      10.3448     -1.57075      3.43718
0.0137187      10.3448     -1.57075      4.93033
0.0150105      10.3448     -1.57075      1.22167
0.0162488      10.3448     -1.57075       4.6927
0.0174027      10.3448     -1.57075      2.98793
0.0184415      10.3448     -1.57075      3.66461
0.0193364      10.3448     -1.57075      1.63702
0.0200618      10.3448     -1.57075      0.53294
0.0205962      10.3448     -1.57075      1.87317
0.0209235      10.3448     -1.57075      5.76232
0.0210338      10.3448     -1.57075      2.95627
0.0209235      10.3448     -1.57075      1.69306
0.0205962      10.3448     -1.57075      4.79374
0.0200618      10.3448     -1.57075      4.85156
0.0193364      10.3448     -1.57075     0.133826
0.0184415      10.3448     -1.57075      5.52895
0.0174027      10.3448     -1.57075       5.0149
0.0162488      10.3448     -1.57075      2.03673
0.0150105      10.3448     -1.57075      4.20361
0.0137187      10.3448     -1.57075      1.86161
0.0124038      10.3448     -1.57075      5.84289
0.0120161      10.2273     -1.57075      1.77156
0.0132523      10.2273     -1.57075      1.06107
0.0144634      10.2273     -1.57075      4.68188
0.0156217      10.2273     -1.57075      2.99784
0.0166988      10.2273     -1.57075      4.10559
0.0176667      10.2273     -1.57075        6.073
0.0184993      10.2273     -1.57075      1.96675
0.0191734      10.2273     -1.57075     0.480269
0.0196696      10.2273     -1.57075      4.97246
0.0199733      10.2273     -1.57075      2.29571
0.0200755      10.2273     -1.57075      3.67618
0.0199733      10.2273     -1.57075       1.1519
0.0196696      10.2273     -1.57075     0.483282
0.0191734      10.2273     -1.57075     0.965463
0.0184993      10.2273     -1.57075      5.19526
0.0176667      10.2273     -1.57075      1.89091
0.0166988      10.2273     -1.57075      2.41195
0.0156217      10.2273     -1.57075      4.08866
0.0144634      10.2273     -1.57075      5.13554
0.0132523      10.2273     -1.57075      4.81445
0.0120161      10.2273     -1.57075      2.35095
0.0116936      10.1124     -1.57075      1.19291
0.0128615      10.1124     -1.57075      4.06197
0.0140028      10.1124     -1.57075    0.0226521
0.0150918      10.1124     -1.57075      1.77738
0.0161023      10.1124     -1.57075      4.01233
0.0170089      10.1124     -1.57075         3.72
0.0177877      10.1124     -1.57075      2.04379
0.0184175      10.1124     -1.57075      6.21358
0.0188807      10.1124     -1.57075     0.774291
0.0191641      10.1124     -1.57075      4.62352
0.0192594      10.1124     -1.57075     0.984025
0.0191641      10.1124     -1.57075      2.73089
0.0188807      10.1124     -1.57075      5.22898
0.0184175      10.1124     -1.57075      2.26131
0.0177877      10.1124     -1.57075     0.479004
0.0170089      10.1124     -1.57075      3.49916
0.0161023      10.1124     -1.57075       1.7211
0.0150918      10.1124     -1.57075       0.8297
0.0140028      10.1124     -1.57075      4.39593
0.0128615      10.1124     -1.57075      3.05294
0.0116936      10.1124     -1.57075      1.14801
0.0114266           10     -1.57075     0.635931
0.0125349           10     -1.57075      1.26655
0.0136153           10     -1.57075     0.846609
0.0146439           10     -1.57075      2.03437
0.0155966           10     -1.57075      5.97227
0.0164499           10     -1.57075      3.34338
0.0171819           10     -1.57075      1.55621
0.0177732           10     -1.57075      2.74741
0.0182077           10     -1.57075      4.20388
0.0184734           10     -1.57075      3.44117
0.0185628           10     -1.57075      3.82669
0.0184734           10     -1.57075      5.42308
0.0182077           10     -1.57075      2.39191
0.0177732           10     -1.57075      4.70569
0.0171819           10     -1.57075     0.984526
0.0164499           10     -1.57075     0.365192
0.0155966           10     -1.57075      2.13438
0.0146439           10     -1.57075      5.13432
0.0136153           10     -1.57075      2.37213
0.0125349           10     -1.57075      6.11088
0.0114266           10     -1.57075      3.80322
0.011205      9.8901     -1.5708      2.1251
0.012261      9.8901     -1.5708      5.8305
0.013288      9.8901     -1.5708      5.6448
0.014263      9.8901     -1.5708       5.345
0.015165      9.8901     -1.5708      1.6134
0.015972      9.8901     -1.5708      1.7938
0.016663      9.8901     -1.5708      4.9004
0.01722      9.8901     -1.5708      4.4069
0.017629      9.8901     -1.5708      3.0945
0.01788      9.8901     -1.5708      6.0799
0.017964      9.8901     -1.5708      2.9917
0.01788      9.8901     -1.5708       6.251
0.017629      9.8901     -1.5708      3.0823
0.01722      9.8901     -1.5708      3.1632
0.016663      9.8901     -1.5708      4.8302
0.015972      9.8901     -1.5708      2.4383
0.015165      9.8901     -1.5708      2.8478
0.014263      9.8901     -1.5708     0.83472
0.013288      9.8901     -1.5708      4.7657
0.012261      9.8901     -1.5708      3.5514
0.011205      9.8901     -1.5708      4.0754
0.011019      9.7826     -1.5708      5.0142
0.012028      9.7826     -1.5708      1.3851
0.013008      9.7826     -1.5708      5.3901
0.013936      9.7826     -1.5708      5.6844
0.014793      9.7826     -1.5708      1.8348
0.015558      9.7826     -1.5708      4.5606
0.016212      9.7826     -1.5708      2.1327
0.01674      9.7826     -1.5708      1.7133
0.017127      9.7826     -1.5708      1.0698
0.017363      9.7826     -1.5708       4.172
0.017443      9.7826     -1.5708      3.3668
0.017363      9.7826     -1.5708      5.2093
0.017127      9.7826     -1.5708      1.6798
0.01674      9.7826     -1.5708      1.1068
0.016212      9.7826     -1.5708      2.7091
0.015558      9.7826     -1.5708      2.9885
0.014793      9.7826     -1.5708      4.9335
0.013936      9.7826     -1.5708     0.82088
0.013008      9.7826     -1.5708     0.32267
0.012028      9.7826     -1.5708      3.9426
0.011019      9.7826     -1.5708     0.18276
0.010861      9.6774     -1.5708     0.85571
0.011828      9.6774     -1.5708      4.3639
0.012764      9.6774     -1.5708        3.24
0.01365      9.6774     -1.5708       3.409
0.014466      9.6774     -1.5708      5.0797
0.015193      9.6774     -1.5708      4.9867
0.015815      9.6774     -1.5708      3.1532
0.016316      9.6774     -1.5708      1.7381
0.016683      9.6774     -1.5708     0.75185
0.016907      9.6774     -1.5708      5.5705
0.016982      9.6774     -1.5708      6.0963
0.016907      9.6774     -1.5708      5.9219
0.016683      9.6774     -1.5708      4.0094
0.016316      9.6774     -1.5708     0.56918
0.015815      9.6774     -1.5708     0.46939
0.015193      9.6774     -1.5708      1.1463
0.014466      9.6774     -1.5708     0.19909
0.01365      9.6774     -1.5708      4.5548
0.012764      9.6774     -1.5708     0.90575
0.011828      9.6774     -1.5708      3.9955
0.010861      9.6774     -1.5708      4.9626
0.010722      9.5745     -1.5708      3.5578
0.01165      9.5745     -1.5708      2.3713
0.012547      9.5745     -1.5708       5.162
0.013394      9.5745     -1.5708      1.9156
0.014173      9.5745     -1.5708      2.0066
0.014866      9.5745     -1.5708       4.932
0.015459      9.5745     -1.5708       3.165
0.015935      9.5745     -1.5708      1.6398
0.016284      9.5745     -1.5708      4.6021
0.016497      9.5745     -1.5708      1.0238
0.016568      9.5745     -1.5708      5.7871
0.016497      9.5745     -1.5708      1.3962
0.016284      9.5745     -1.5708     0.52531
0.015935      9.5745     -1.5708     0.46307
0.015459      9.5745     -1.5708      4.8351
0.014866      9.5745     -1.5708      5.1375
0.014173      9.5745     -1.5708      4.6521
0.013394      9.5745     -1.5708      4.7641
0.012547      9.5745     -1.5708      6.0392
0.01165      9.5745     -1.5708      2.9305
0.010722      9.5745     -1.5708      4.9447
0.010596      9.4737     -1.5708       2.655
0.011489      9.4737     -1.5708      5.9295
0.012349      9.4737     -1.5708   0.0082584
0.01316      9.4737     -1.5708      6.1653
0.013905      9.4737     -1.5708      3.5825
0.014568      9.4737     -1.5708      2.1769
0.015132      9.4737     -1.5708      3.5028
0.015586      9.4737     -1.5708      1.8835
0.015919      9.4737     -1.5708     0.99945
0.016121      9.4737     -1.5708      4.1798
0.01619      9.4737     -1.5708      4.2988
0.016121      9.4737     -1.5708      4.9787
0.015919      9.4737     -1.5708      2.1904
0.015586      9.4737     -1.5708      1.5712
0.015132      9.4737     -1.5708      2.1677
0.014568      9.4737     -1.5708      2.0648
0.013905      9.4737     -1.5708      5.8274
0.01316      9.4737     -1.5708      4.7504
0.012349      9.4737     -1.5708       1.811
0.011489      9.4737     -1.5708      3.8086
0.010596      9.4737     -1.5708       4.813
0.01048       9.375     -1.5708      5.3164
0.011339       9.375     -1.5708      5.6671
0.012165       9.375     -1.5708      3.7428
0.012943       9.375     -1.5708     0.43061
0.013656       9.375     -1.5708        1.37
0.014289       9.375     -1.5708      5.4625
0.014829       9.375     -1.5708      2.6025
0.015262       9.375     -1.5708      4.1544
0.015579       9.375     -1.5708      4.9226
0.015772       9.375     -1.5708      1.5575
0.015837       9.375     -1.5708      3.4835
0.015772       9.375     -1.5708      1.4425
0.015579       9.375     -1.5708    0.043433
0.015262       9.375     -1.5708      4.8168
0.014829       9.375     -1.5708     0.13718
0.014289       9.375     -1.5708      2.4699
0.013656       9.375     -1.5708      1.5867
0.012943       9.375     -1.5708      1.2831
0.012165       9.375     -1.5708      4.1611
0.011339       9.375     -1.5708      5.7473
0.01048       9.375     -1.5708    0.043369
0.010368      9.2784     -1.5708      4.6898
0.011195      9.2784     -1.5708      5.0243
0.01199      9.2784     -1.5708      5.7037
0.012736      9.2784     -1.5708      6.1232
0.01342      9.2784     -1.5708      0.7531
0.014026      9.2784     -1.5708      3.2607
0.014541      9.2784     -1.5708      5.1645
0.014955      9.2784     -1.5708      4.0024
0.015257      9.2784     -1.5708      5.9934
0.015442      9.2784     -1.5708      5.9495
0.015504      9.2784     -1.5708      6.0732
0.015442      9.2784     -1.5708     0.42312
0.015257      9.2784     -1.5708       2.749
0.014955      9.2784     -1.5708      2.0158
0.014541      9.2784     -1.5708     0.84225
0.014026      9.2784     -1.5708      0.8456
0.01342      9.2784     -1.5708      5.0638
0.012736      9.2784     -1.5708      3.2971
0.01199      9.2784     -1.5708      5.9328
0.011195      9.2784     -1.5708      6.2097
0.010368      9.2784     -1.5708      2.5754
0.010259      9.1837     -1.5708      2.3322
0.011056      9.1837     -1.5708      1.4253
0.01182      9.1837     -1.5708      2.8024
0.012537      9.1837     -1.5708      1.6727
0.013192      9.1837     -1.5708      2.8845
0.013772      9.1837     -1.5708      2.7199
0.014266      9.1837     -1.5708      1.6312
0.014661      9.1837     -1.5708     0.84013
0.01495      9.1837     -1.5708       2.634
0.015126      9.1837     -1.5708      3.1846
0.015185      9.1837     -1.5708      2.0377
0.015126      9.1837     -1.5708      4.3019
0.01495      9.1837     -1.5708       2.784
0.014661      9.1837     -1.5708      2.7373
0.014266      9.1837     -1.5708      4.9826
0.013772      9.1837     -1.5708      5.1241
0.013192      9.1837     -1.5708      4.7255
0.012537      9.1837     -1.5708      4.9589
0.01182      9.1837     -1.5708      3.1495
0.011056      9.1837     -1.5708      3.4882
0.010259      9.1837     -1.5708       3.963
0.010151      9.0909     -1.5708     0.61567
0.010919      9.0909     -1.5708      1.5436
0.011654      9.0909     -1.5708      3.8686
0.012342      9.0909     -1.5708      1.9161
0.012971      9.0909     -1.5708      4.8189
0.013527      9.0909     -1.5708       1.679
0.013999      9.0909     -1.5708     0.24822
0.014377      9.0909     -1.5708      1.8633
0.014654      9.0909     -1.5708      3.4956
0.014822      9.0909     -1.5708      6.0887
0.014878      9.0909     -1.5708      4.3298
0.014822      9.0909     -1.5708      4.5104
0.014654      9.0909     -1.5708      3.5124
0.014377      9.0909     -1.5708      3.3511
0.013999      9.0909     -1.5708      5.5022
0.013527      9.0909     -1.5708      2.4698
0.012971      9.0909     -1.5708       2.878
0.012342      9.0909     -1.5708      1.3084
0.011654      9.0909     -1.5708      4.7579
0.010919      9.0909     -1.5708      3.4349
0.010151      9.0909     -1.5708      2.2455
0.010042           9     -1.5708      4.4044
0.010783           9     -1.5708     0.68624
0.01149           9     -1.5708    0.041535
0.012151           9     -1.5708      3.7528
0.012755           9     -1.5708      4.1416
0.013287           9     -1.5708      3.6442
0.013739           9     -1.5708      5.7172
0.014101           9     -1.5708       3.996
0.014366           9     -1.5708      3.3021
0.014526           9     -1.5708      1.6312
0.01458           9     -1.5708     0.32151
0.014526           9     -1.5708      4.5988
0.014366           9     -1.5708      1.0322
0.014101           9     -1.5708      1.7617
0.013739           9     -1.5708        1.63
0.013287           9     -1.5708      3.4374
0.012755           9     -1.5708      3.4008
0.012151           9     -1.5708      4.9517
0.01149           9     -1.5708      5.4637
0.010783           9     -1.5708      4.9481
0.010042           9     -1.5708      6.0909
0.009933      8.9109     -1.5708      1.1339
0.010647      8.9109     -1.5708       5.847
0.011327      8.9109     -1.5708     0.28369
0.011963      8.9109     -1.5708       1.512
0.012542      8.9109     -1.5708    0.055636
0.013052      8.9109     -1.5708      4.2196
0.013485      8.9109     -1.5708      5.6849
0.013832      8.9109     -1.5708      3.5965
0.014085      8.9109     -1.5708     0.97676
0.014238      8.9109     -1.5708      3.1564
0.01429      8.9109     -1.5708      3.5671
0.014238      8.9109     -1.5708      1.1829
0.014085      8.9109     -1.5708      2.0369
0.013832      8.9109     -1.5708      4.4989
0.013485      8.9109     -1.5708      3.4741
0.013052      8.9109     -1.5708     0.89396
0.012542      8.9109     -1.5708      2.3898
0.011963      8.9109     -1.5708      2.4916
0.011327      8.9109     -1.5708      3.6237
0.010647      8.9109     -1.5708      0.1219
0.009933      8.9109     -1.5708      3.6289
0.0098222      8.8235     -1.5708       5.857
0.01051      8.8235     -1.5708     0.67148
0.011165      8.8235     -1.5708      4.6001
0.011776      8.8235     -1.5708      6.0978
0.012332      8.8235     -1.5708      3.8256
0.012821      8.8235     -1.5708      4.5217
0.013236      8.8235     -1.5708      1.9022
0.013568      8.8235     -1.5708       2.884
0.01381      8.8235     -1.5708     0.30176
0.013957      8.8235     -1.5708      2.4212
0.014006      8.8235     -1.5708      2.2727
0.013957      8.8235     -1.5708      1.8069
0.01381      8.8235     -1.5708      5.1314
0.013568      8.8235     -1.5708      2.8307
0.013236      8.8235     -1.5708      5.0681
0.012821      8.8235     -1.5708      4.9647
0.012332      8.8235     -1.5708      1.7778
0.011776      8.8235     -1.5708     0.42919
0.011165      8.8235     -1.5708     0.34513
0.01051      8.8235     -1.5708      4.0056
0.0098222      8.8235     -1.5708      2.6658
0.0097101      8.7379     -1.5708      5.6895
0.010373      8.7379     -1.5708       2.622
0.011004      8.7379     -1.5708     0.96795
0.011591      8.7379     -1.5708      3.3928
0.012124      8.7379     -1.5708      5.8877
0.012594      8.7379     -1.5708      4.1528
0.012992      8.7379     -1.5708      2.4796
0.013309      8.7379     -1.5708      1.6272
0.01354      8.7379     -1.5708      5.3274
0.013681      8.7379     -1.5708      5.9378
0.013728      8.7379     -1.5708      2.3687
0.013681      8.7379     -1.5708     0.42272
0.01354      8.7379     -1.5708      1.1409
0.013309      8.7379     -1.5708      3.6174
0.012992      8.7379     -1.5708      1.1679
0.012594      8.7379     -1.5708      1.8312
0.012124      8.7379     -1.5708      2.9006
0.011591      8.7379     -1.5708      2.1801
0.011004      8.7379     -1.5708       1.999
0.010373      8.7379     -1.5708      2.8896
0.0097101      8.7379     -1.5708      1.4821
0.0095967      8.6538     -1.5708     0.17437
0.010236      8.6538     -1.5708      4.1371
0.010843      8.6538     -1.5708     0.99776
0.011407      8.6538     -1.5708      5.0431
0.011919      8.6538     -1.5708      2.5671
0.01237      8.6538     -1.5708       2.057
0.012751      8.6538     -1.5708      4.6872
0.013055      8.6538     -1.5708      4.6893
0.013277      8.6538     -1.5708       1.093
0.013411      8.6538     -1.5708     0.73853
0.013456      8.6538     -1.5708      1.0935
0.013411      8.6538     -1.5708       3.942
0.013277      8.6538     -1.5708      5.2896
0.013055      8.6538     -1.5708      3.2049
0.012751      8.6538     -1.5708      1.0415
0.01237      8.6538     -1.5708       4.488
0.011919      8.6538     -1.5708      5.6989
0.011407      8.6538     -1.5708      1.3731
0.010843      8.6538     -1.5708      5.4723
0.010236      8.6538     -1.5708       1.331
0.0095967      8.6538     -1.5708      5.2568
0.0094822      8.5714     -1.5708       5.399
0.010098      8.5714     -1.5708      3.2884
0.010683      8.5714     -1.5708      2.9993
0.011225      8.5714     -1.5708      5.5911
0.011717      8.5714     -1.5708     0.40887
0.012149      8.5714     -1.5708      3.2009
0.012514      8.5714     -1.5708      3.9005
0.012806      8.5714     -1.5708       4.609
0.013018      8.5714     -1.5708      1.4451
0.013147      8.5714     -1.5708     0.13742
0.01319      8.5714     -1.5708     0.87327
0.013147      8.5714     -1.5708      4.8348
0.013018      8.5714     -1.5708       6.093
0.012806      8.5714     -1.5708      2.4302
0.012514      8.5714     -1.5708      6.2417
0.012149      8.5714     -1.5708      2.0507
0.011717      8.5714     -1.5708     0.86178
0.011225      8.5714     -1.5708      2.4174
0.010683      8.5714     -1.5708       3.535
0.010098      8.5714     -1.5708      3.9824
0.0094822      8.5714     -1.5708      3.4029
0.0093667      8.4906     -1.5708      1.9791
0.0099607      8.4906     -1.5708       1.001
0.010523      8.4906     -1.5708     0.95889
0.011045      8.4906     -1.5708     0.86046
0.011517      8.4906     -1.5708      4.4597
0.011932      8.4906     -1.5708      2.9207
0.012282      8.4906     -1.5708     0.71168
0.012561      8.4906     -1.5708      4.4036
0.012764      8.4906     -1.5708      1.1309
0.012888      8.4906     -1.5708      5.0494
0.012929      8.4906     -1.5708      3.2292
0.012888      8.4906     -1.5708      3.4458
0.012764      8.4906     -1.5708      1.3059
0.012561      8.4906     -1.5708      4.9296
0.012282      8.4906     -1.5708      3.3079
0.011932      8.4906     -1.5708      3.5877
0.011517      8.4906     -1.5708      2.6517
0.011045      8.4906     -1.5708       4.531
0.010523      8.4906     -1.5708     0.45953
0.0099607      8.4906     -1.5708      3.7375
0.0093667      8.4906     -1.5708      5.4158
0.0092504      8.4112     -1.5708      2.8198
0.009823      8.4112     -1.5708      4.1001
0.010364      8.4112     -1.5708      1.9067
0.010866      8.4112     -1.5708      3.8165
0.011319      8.4112     -1.5708      1.7523
0.011718      8.4112     -1.5708      5.0237
0.012053      8.4112     -1.5708      5.0023
0.012321      8.4112     -1.5708      5.9945
0.012515      8.4112     -1.5708      2.7918
0.012634      8.4112     -1.5708      2.8706
0.012673      8.4112     -1.5708      3.7687
0.012634      8.4112     -1.5708      5.2942
0.012515      8.4112     -1.5708     0.19603
0.012321      8.4112     -1.5708      1.1766
0.012053      8.4112     -1.5708      5.9286
0.011718      8.4112     -1.5708      5.9558
0.011319      8.4112     -1.5708      2.8461
0.010866      8.4112     -1.5708      5.0945
0.010364      8.4112     -1.5708      5.8361
0.009823      8.4112     -1.5708      4.2267
0.0092504      8.4112     -1.5708      2.3394
0.0091335      8.3333     -1.5708       2.549
0.0096855      8.3333     -1.5708      2.7571
0.010207      8.3333     -1.5708       4.264
0.010689      8.3333     -1.5708       2.922
0.011125      8.3333     -1.5708      5.9894
0.011507      8.3333     -1.5708      2.2286
0.011829      8.3333     -1.5708      2.1301
0.012085      8.3333     -1.5708      5.6287
0.012272      8.3333     -1.5708       3.427
0.012385      8.3333     -1.5708      4.7077
0.012423      8.3333     -1.5708      0.7846
0.012385      8.3333     -1.5708      2.8477
0.012272      8.3333     -1.5708     0.46965
0.012085      8.3333     -1.5708      4.1678
0.011829      8.3333     -1.5708       4.421
0.011507      8.3333     -1.5708      5.7738
0.011125      8.3333     -1.5708      4.1472
0.010689      8.3333     -1.5708      4.3359
0.010207      8.3333     -1.5708      5.3639
0.0096855      8.3333     -1.5708      2.9398
0.0091335      8.3333     -1.5708      2.8806
0.0090163      8.2569     -1.5708      5.0648
0.0095485      8.2569     -1.5708       5.182
0.01005      8.2569     -1.5708      1.1965
0.010514      8.2569     -1.5708      0.1613
0.010933      8.2569     -1.5708     0.35697
0.0113      8.2569     -1.5708     0.89806
0.011608      8.2569     -1.5708       1.077
0.011854      8.2569     -1.5708      3.9322
0.012033      8.2569     -1.5708     0.18544
0.012142      8.2569     -1.5708      2.9677
0.012178      8.2569     -1.5708      4.2627
0.012142      8.2569     -1.5708     0.72122
0.012033      8.2569     -1.5708      1.4832
0.011854      8.2569     -1.5708      1.8163
0.011608      8.2569     -1.5708      1.0854
0.0113      8.2569     -1.5708      2.0338
0.010933      8.2569     -1.5708      5.0334
0.010514      8.2569     -1.5708      1.8826
0.01005      8.2569     -1.5708      4.8733
0.0095485      8.2569     -1.5708      3.4731
0.0090163      8.2569     -1.5708      3.4851
0.0088989      8.1818     -1.5708      4.5907
0.009412      8.1818     -1.5708      4.8607
0.0098952      8.1818     -1.5708        5.66
0.010341      8.1818     -1.5708      0.8681
0.010744      8.1818     -1.5708      4.9892
0.011096      8.1818     -1.5708      1.1901
0.011392      8.1818     -1.5708     0.18205
0.011628      8.1818     -1.5708     0.80037
0.011799      8.1818     -1.5708     0.84026
0.011903      8.1818     -1.5708     0.80618
0.011938      8.1818     -1.5708      5.8762
0.011903      8.1818     -1.5708      1.7167
0.011799      8.1818     -1.5708      5.9229
0.011628      8.1818     -1.5708      4.0095
0.011392      8.1818     -1.5708      5.4821
0.011096      8.1818     -1.5708      2.3063
0.010744      8.1818     -1.5708      1.4841
0.010341      8.1818     -1.5708      1.1769
0.0098952      8.1818     -1.5708      3.4283
0.009412      8.1818     -1.5708      1.6029
0.0088989      8.1818     -1.5708      1.9215
0.0087816      8.1081     -1.5708    0.097692
0.0092762      8.1081     -1.5708      3.6912
0.0097415      8.1081     -1.5708      6.0478
0.010171      8.1081     -1.5708      5.3396
0.010557      8.1081     -1.5708    0.049889
0.010896      8.1081     -1.5708      3.9836
0.01118      8.1081     -1.5708      2.2574
0.011406      8.1081     -1.5708     0.71664
0.01157      8.1081     -1.5708       3.398
0.01167      8.1081     -1.5708      2.6164
0.011703      8.1081     -1.5708      3.2489
0.01167      8.1081     -1.5708      5.5675
0.01157      8.1081     -1.5708     0.93865
0.011406      8.1081     -1.5708      2.7311
0.01118      8.1081     -1.5708     0.37094
0.010896      8.1081     -1.5708       2.394
0.010557      8.1081     -1.5708      4.5386
0.010171      8.1081     -1.5708     0.59763
0.0097415      8.1081     -1.5708       4.192
0.0092762      8.1081     -1.5708      1.8623
0.0087816      8.1081     -1.5708      3.7608
0.0086644      8.0357     -1.5708     0.95409
0.0091414      8.0357     -1.5708      2.7418
0.0095895      8.0357     -1.5708    0.079683
0.010002      8.0357     -1.5708       1.439
0.010374      8.0357     -1.5708      1.6567
0.010699      8.0357     -1.5708       3.213
0.010972      8.0357     -1.5708      1.3514
0.011189      8.0357     -1.5708      2.1746
0.011346      8.0357     -1.5708      4.6985
0.011442      8.0357     -1.5708      2.5988
0.011474      8.0357     -1.5708     0.35029
0.011442      8.0357     -1.5708      2.4505
0.011346      8.0357     -1.5708      2.9812
0.011189      8.0357     -1.5708      5.1855
0.010972      8.0357     -1.5708      1.9078
0.010699      8.0357     -1.5708      5.1633
0.010374      8.0357     -1.5708      3.5542
0.010002      8.0357     -1.5708     0.34168
0.0095895      8.0357     -1.5708      1.6337
0.0091414      8.0357     -1.5708      3.7013
0.0086644      8.0357     -1.5708      3.0142
0.0085476      7.9646     -1.5708      1.2481
0.0090075      7.9646     -1.5708      1.5017
0.0094391      7.9646     -1.5708       4.902
0.0098364      7.9646     -1.5708      3.8786
0.010194      7.9646     -1.5708     0.90556
0.010506      7.9646     -1.5708      4.4995
0.010768      7.9646     -1.5708      2.5227
0.010976      7.9646     -1.5708      2.9052
0.011127      7.9646     -1.5708      4.4439
0.011219      7.9646     -1.5708      2.5208
0.01125      7.9646     -1.5708    0.090383
0.011219      7.9646     -1.5708     0.46897
0.011127      7.9646     -1.5708      3.7137
0.010976      7.9646     -1.5708      2.8022
0.010768      7.9646     -1.5708       5.822
0.010506      7.9646     -1.5708     0.59621
0.010194      7.9646     -1.5708      2.3588
0.0098364      7.9646     -1.5708      3.4305
0.0094391      7.9646     -1.5708     0.70168
0.0090075      7.9646     -1.5708      5.6827
0.0085476      7.9646     -1.5708      3.9789
0.0084312      7.8947     -1.5708      5.6887
0.0088747      7.8947     -1.5708      3.9618
0.0092905      7.8947     -1.5708    0.089396
0.0096729      7.8947     -1.5708      1.9884
0.010016      7.8947     -1.5708     0.70288
0.010316      7.8947     -1.5708      3.9549
0.010568      7.8947     -1.5708     0.38144
0.010768      7.8947     -1.5708      4.2347
0.010913      7.8947     -1.5708      2.9997
0.011001      7.8947     -1.5708      1.9197
0.01103      7.8947     -1.5708      3.2441
0.011001      7.8947     -1.5708      4.4423
0.010913      7.8947     -1.5708      5.1119
0.010768      7.8947     -1.5708      1.9842
0.010568      7.8947     -1.5708      1.9559
0.010316      7.8947     -1.5708      2.1675
0.010016      7.8947     -1.5708      4.1864
0.0096729      7.8947     -1.5708      5.4101
0.0092905      7.8947     -1.5708      4.7863
0.0088747      7.8947     -1.5708      5.5029
0.0084312      7.8947     -1.5708       5.474
0.0083155      7.8261     -1.5708      1.0856
0.0087432      7.8261     -1.5708       5.342
0.0091438      7.8261     -1.5708      6.0291
0.0095118      7.8261     -1.5708      4.8392
0.0098422      7.8261     -1.5708      5.4977
0.01013      7.8261     -1.5708     0.42356
0.010372      7.8261     -1.5708      4.0638
0.010564      7.8261     -1.5708      2.0363
0.010703      7.8261     -1.5708      4.0233
0.010788      7.8261     -1.5708      5.5275
0.010816      7.8261     -1.5708      2.3476
0.010788      7.8261     -1.5708      4.8174
0.010703      7.8261     -1.5708      1.0561
0.010564      7.8261     -1.5708      3.2654
0.010372      7.8261     -1.5708      3.9423
0.01013      7.8261     -1.5708      4.4855
0.0098422      7.8261     -1.5708      1.9251
0.0095118      7.8261     -1.5708      1.6567
0.0091438      7.8261     -1.5708      5.7553
0.0087432      7.8261     -1.5708      3.8643
0.0083155      7.8261     -1.5708     0.58542
0.0082004      7.7586     -1.5708      3.9438
0.008613      7.7586     -1.5708      1.2065
0.0089989      7.7586     -1.5708      4.8817
0.0093532      7.7586     -1.5708      5.4317
0.0096711      7.7586     -1.5708      2.0959
0.0099481      7.7586     -1.5708     0.85081
0.01018      7.7586     -1.5708      4.8094
0.010365      7.7586     -1.5708      2.0019
0.010498      7.7586     -1.5708      1.5857
0.010579      7.7586     -1.5708      1.2571
0.010606      7.7586     -1.5708     0.43359
0.010579      7.7586     -1.5708      3.4677
0.010498      7.7586     -1.5708      2.5371
0.010365      7.7586     -1.5708       4.713
0.01018      7.7586     -1.5708       3.061
0.0099481      7.7586     -1.5708      2.4176
0.0096711      7.7586     -1.5708     0.38583
0.0093532      7.7586     -1.5708      1.3426
0.0089989      7.7586     -1.5708      3.4172
0.008613      7.7586     -1.5708      2.5801
0.0082004      7.7586     -1.5708      5.6608
0.0080862      7.6923     -1.5708     0.35367
0.0084841      7.6923     -1.5708      2.7866
0.0088561      7.6923     -1.5708      3.3791
0.0091972      7.6923     -1.5708      0.8423
0.009503      7.6923     -1.5708      3.3988
0.0097694      7.6923     -1.5708      5.3868
0.0099926      7.6923     -1.5708      1.2441
0.01017      7.6923     -1.5708     0.97769
0.010298      7.6923     -1.5708     0.38564
0.010376      7.6923     -1.5708      4.1535
0.010402      7.6923     -1.5708     0.11688
0.010376      7.6923     -1.5708       1.829
0.010298      7.6923     -1.5708      6.1185
0.01017      7.6923     -1.5708      4.8042
0.0099926      7.6923     -1.5708      1.5311
0.0097694      7.6923     -1.5708      4.2857
0.009503      7.6923     -1.5708     0.86614
0.0091972      7.6923     -1.5708      3.9571
0.0088561      7.6923     -1.5708      5.3846
0.0084841      7.6923     -1.5708      5.6534
0.0080862      7.6923     -1.5708      2.1888
0.0079728      7.6271     -1.5708      3.0555
0.0083567      7.6271     -1.5708      4.2694
0.0087152      7.6271     -1.5708       4.424
0.0090437      7.6271     -1.5708      2.8957
0.009338      7.6271     -1.5708      2.2887
0.0095942      7.6271     -1.5708      1.7609
0.0098087      7.6271     -1.5708     0.47879
0.0099788      7.6271     -1.5708      2.7936
0.010102      7.6271     -1.5708      1.0411
0.010177      7.6271     -1.5708      2.5053
0.010202      7.6271     -1.5708       5.784
0.010177      7.6271     -1.5708      3.2127
0.010102      7.6271     -1.5708      5.7436
0.0099788      7.6271     -1.5708     0.57762
0.0098087      7.6271     -1.5708      6.2393
0.0095942      7.6271     -1.5708     0.60589
0.009338      7.6271     -1.5708      1.9675
0.0090437      7.6271     -1.5708      4.9345
0.0087152      7.6271     -1.5708      3.7849
0.0083567      7.6271     -1.5708      2.9273
0.0079728      7.6271     -1.5708      1.8732
0.0078604       7.563     -1.5708     0.83672
0.0082309       7.563     -1.5708      1.8535
0.0085764       7.563     -1.5708      1.0469
0.0088928       7.563     -1.5708      1.9924
0.0091761       7.563     -1.5708     0.69012
0.0094225       7.563     -1.5708       5.228
0.0096287       7.563     -1.5708      6.1045
0.0097922       7.563     -1.5708      1.3714
0.0099105       7.563     -1.5708      4.4363
0.0099822       7.563     -1.5708     0.24512
0.010006       7.563     -1.5708      3.8722
0.0099822       7.563     -1.5708      4.2056
0.0099105       7.563     -1.5708     0.23374
0.0097922       7.563     -1.5708    0.020951
0.0096287       7.563     -1.5708      0.8951
0.0094225       7.563     -1.5708      5.4185
0.0091761       7.563     -1.5708      1.7343
0.0088928       7.563     -1.5708      3.3406
0.0085764       7.563     -1.5708      3.2811
0.0082309       7.563     -1.5708      3.5663
0.0078604       7.563     -1.5708      2.0924
0.0077491         7.5     -1.5708      2.5975
0.0081066         7.5     -1.5708      2.6033
0.0084397         7.5     -1.5708       6.182
0.0087445         7.5     -1.5708     0.36278
0.0090172         7.5     -1.5708      2.4915
0.0092542         7.5     -1.5708      4.9719
0.0094526         7.5     -1.5708      3.7333
0.0096097         7.5     -1.5708       1.945
0.0097234         7.5     -1.5708       5.666
0.0097923         7.5     -1.5708     0.58512
0.0098153         7.5     -1.5708      2.0044
0.0097923         7.5     -1.5708      5.5728
0.0097234         7.5     -1.5708      4.1306
0.0096097         7.5     -1.5708      4.3008
0.0094526         7.5     -1.5708      2.9778
0.0092542         7.5     -1.5708     0.88744
0.0090172         7.5     -1.5708      5.9747
0.0087445         7.5     -1.5708      5.5455
0.0084397         7.5     -1.5708      2.7484
0.0081066         7.5     -1.5708       5.246
0.0077491         7.5     -1.5708      2.0429
0.0076389       7.438     -1.5708      2.3099
0.0079839       7.438     -1.5708       4.994
0.0083051       7.438     -1.5708     0.62396
0.0085988       7.438     -1.5708        5.98
0.0088613       7.438     -1.5708   0.0092607
0.0090894       7.438     -1.5708       1.856
0.0092802       7.438     -1.5708     0.30444
0.0094312       7.438     -1.5708      2.7817
0.0095405       7.438     -1.5708      4.9626
0.0096067       7.438     -1.5708      5.7397
0.0096289       7.438     -1.5708      3.3504
0.0096067       7.438     -1.5708       5.052
0.0095405       7.438     -1.5708      3.5352
0.0094312       7.438     -1.5708      4.7178
0.0092802       7.438     -1.5708    0.057994
0.0090894       7.438     -1.5708      2.9956
0.0088613       7.438     -1.5708      1.5728
0.0085988       7.438     -1.5708      1.9347
0.0083051       7.438     -1.5708      6.0753
0.0079839       7.438     -1.5708      1.3119
0.0076389       7.438     -1.5708      3.2702
0.0075298       7.377     -1.5708      1.4171
0.0078628       7.377     -1.5708      3.5637
0.0081726       7.377     -1.5708      6.2715
0.0084556       7.377     -1.5708     0.82851
0.0087084       7.377     -1.5708      5.9982
0.0089279       7.377     -1.5708     0.77832
0.0091115       7.377     -1.5708      1.1701
0.0092567       7.377     -1.5708       4.062
0.0093618       7.377     -1.5708     0.80529
0.0094254       7.377     -1.5708     0.51094
0.0094467       7.377     -1.5708      4.1419
0.0094254       7.377     -1.5708     0.17215
0.0093618       7.377     -1.5708      6.1899
0.0092567       7.377     -1.5708      3.3886
0.0091115       7.377     -1.5708      2.3488
0.0089279       7.377     -1.5708      4.4404
0.0087084       7.377     -1.5708      5.9526
0.0084556       7.377     -1.5708      2.4018
0.0081726       7.377     -1.5708      4.3535
0.0078628       7.377     -1.5708      3.7828
0.0075298       7.377     -1.5708      4.8709
0.007422      7.3171     -1.5708      3.7185
0.0077434      7.3171     -1.5708      2.3635
0.0080422      7.3171     -1.5708      5.3446
0.008315      7.3171     -1.5708      1.4183
0.0085585      7.3171     -1.5708      5.0073
0.0087698      7.3171     -1.5708      6.2634
0.0089465      7.3171     -1.5708      1.7675
0.0090862      7.3171     -1.5708      4.4633
0.0091872      7.3171     -1.5708      4.1759
0.0092484      7.3171     -1.5708      2.6064
0.0092689      7.3171     -1.5708      3.1306
0.0092484      7.3171     -1.5708      5.9633
0.0091872      7.3171     -1.5708      5.9888
0.0090862      7.3171     -1.5708       4.605
0.0089465      7.3171     -1.5708      2.4169
0.0087698      7.3171     -1.5708     0.25184
0.0085585      7.3171     -1.5708      3.6626
0.008315      7.3171     -1.5708      3.5481
0.0080422      7.3171     -1.5708      2.2316
0.0077434      7.3171     -1.5708      5.5303
0.007422      7.3171     -1.5708      3.9239
0.0073154      7.2581     -1.5708      3.9207
0.0076257      7.2581     -1.5708      1.8581
0.007914      7.2581     -1.5708     0.46921
0.0081769      7.2581     -1.5708      1.8454
0.0084115      7.2581     -1.5708      1.4749
0.008615      7.2581     -1.5708      2.1733
0.008785      7.2581     -1.5708      5.3311
0.0089194      7.2581     -1.5708      1.0076
0.0090166      7.2581     -1.5708     0.99186
0.0090755      7.2581     -1.5708      3.1959
0.0090951      7.2581     -1.5708      3.7905
0.0090755      7.2581     -1.5708      1.0141
0.0090166      7.2581     -1.5708      3.9926
0.0089194      7.2581     -1.5708      5.3025
0.008785      7.2581     -1.5708       4.915
0.008615      7.2581     -1.5708      1.6623
0.0084115      7.2581     -1.5708      1.9773
0.0081769      7.2581     -1.5708       1.151
0.007914      7.2581     -1.5708      2.8115
0.0076257      7.2581     -1.5708      2.0525
0.0073154      7.2581     -1.5708      1.7581
0.00721         7.2     -1.5708      5.8543
0.0075097         7.2     -1.5708      2.5113
0.0077878         7.2     -1.5708      2.3839
0.0080414         7.2     -1.5708      3.7249
0.0082674         7.2     -1.5708     0.43043
0.0084634         7.2     -1.5708      1.2895
0.0086271         7.2     -1.5708      4.5465
0.0087564         7.2     -1.5708      3.6137
0.00885         7.2     -1.5708      1.2581
0.0089065         7.2     -1.5708      5.2996
0.0089255         7.2     -1.5708      2.6623
0.0089065         7.2     -1.5708      3.4227
0.00885         7.2     -1.5708      3.3172
0.0087564         7.2     -1.5708       1.163
0.0086271         7.2     -1.5708     0.51326
0.0084634         7.2     -1.5708      2.9159
0.0082674         7.2     -1.5708     0.19198
0.0080414         7.2     -1.5708       2.733
0.0077878         7.2     -1.5708      3.5051
0.0075097         7.2     -1.5708      4.0135
0.00721         7.2     -1.5708     0.21499
0.007106      7.1429     -1.5708      4.4603
0.0073954      7.1429     -1.5708      1.0639
0.0076638      7.1429     -1.5708      3.7282
0.0079083      7.1429     -1.5708      3.8205
0.0081262      7.1429     -1.5708      4.8527
0.008315      7.1429     -1.5708     0.35357
0.0084726      7.1429     -1.5708      5.3702
0.0085971      7.1429     -1.5708      2.4145
0.0086871      7.1429     -1.5708      2.5108
0.0087416      7.1429     -1.5708      2.0446
0.0087598      7.1429     -1.5708      3.4895
0.0087416      7.1429     -1.5708      1.8561
0.0086871      7.1429     -1.5708      2.3003
0.0085971      7.1429     -1.5708      2.1931
0.0084726      7.1429     -1.5708      3.9597
0.008315      7.1429     -1.5708      4.1747
0.0081262      7.1429     -1.5708      6.2333
0.0079083      7.1429     -1.5708      5.9334
0.0076638      7.1429     -1.5708      2.2012
0.0073954      7.1429     -1.5708      1.2126
0.007106      7.1429     -1.5708      5.7777
0.0070034      7.0866     -1.5708      1.8139
0.0072829      7.0866     -1.5708       3.461
0.007542      7.0866     -1.5708      5.7761
0.0077778      7.0866     -1.5708     0.56577
0.0079878      7.0866     -1.5708      1.6191
0.0081698      7.0866     -1.5708      2.6831
0.0083215      7.0866     -1.5708      3.6298
0.0084414      7.0866     -1.5708      5.6517
0.008528      7.0866     -1.5708      1.3711
0.0085804      7.0866     -1.5708      6.0759
0.008598      7.0866     -1.5708      2.7267
0.0085804      7.0866     -1.5708       4.931
0.008528      7.0866     -1.5708         3.3
0.0084414      7.0866     -1.5708      2.0814
0.0083215      7.0866     -1.5708      2.7117
0.0081698      7.0866     -1.5708      4.5106
0.0079878      7.0866     -1.5708      5.7566
0.0077778      7.0866     -1.5708       5.592
0.007542      7.0866     -1.5708     0.84636
0.0072829      7.0866     -1.5708     0.75341
0.0070034      7.0866     -1.5708      5.6136
0.0069021      7.0312     -1.5708      4.1033
0.0071721      7.0312     -1.5708     0.25307
0.0074222      7.0312     -1.5708      3.1711
0.0076497      7.0312     -1.5708      5.6199
0.0078522      7.0312     -1.5708      2.4235
0.0080275      7.0312     -1.5708       1.835
0.0081737      7.0312     -1.5708      1.4705
0.0082892      7.0312     -1.5708      1.2626
0.0083726      7.0312     -1.5708      2.3895
0.008423      7.0312     -1.5708      3.7371
0.0084399      7.0312     -1.5708      1.6863
0.008423      7.0312     -1.5708      3.9108
0.0083726      7.0312     -1.5708      5.0551
0.0082892      7.0312     -1.5708     0.65325
0.0081737      7.0312     -1.5708      4.5818
0.0080275      7.0312     -1.5708      4.0751
0.0078522      7.0312     -1.5708      2.9823
0.0076497      7.0312     -1.5708      5.8615
0.0074222      7.0312     -1.5708     0.60596
0.0071721      7.0312     -1.5708      3.7642
0.0069021      7.0312     -1.5708      1.4675
0.0068022      6.9767     -1.5708     0.20312
0.0070631      6.9767     -1.5708      3.6433
0.0073045      6.9767     -1.5708      5.2915
0.007524      6.9767     -1.5708       3.499
0.0077193      6.9767     -1.5708       5.277
0.0078883      6.9767     -1.5708      1.2877
0.0080292      6.9767     -1.5708      3.9033
0.0081404      6.9767     -1.5708      1.0934
0.0082208      6.9767     -1.5708      1.8192
0.0082693      6.9767     -1.5708     0.11625
0.0082856      6.9767     -1.5708      4.4075
0.0082693      6.9767     -1.5708       5.982
0.0082208      6.9767     -1.5708       4.706
0.0081404      6.9767     -1.5708      4.7545
0.0080292      6.9767     -1.5708      3.4059
0.0078883      6.9767     -1.5708      1.7722
0.0077193      6.9767     -1.5708      1.5385
0.007524      6.9767     -1.5708      1.7989
0.0073045      6.9767     -1.5708      6.0514
0.0070631      6.9767     -1.5708      1.4495
0.0068022      6.9767     -1.5708       3.376
0.0067036      6.9231     -1.5708      1.2881
0.0069557      6.9231     -1.5708      2.7271
0.0071889      6.9231     -1.5708     0.89352
0.0074008      6.9231     -1.5708      2.3598
0.0075891      6.9231     -1.5708      4.9859
0.0077521      6.9231     -1.5708      5.1069
0.0078878      6.9231     -1.5708      5.6785
0.007995      6.9231     -1.5708      3.3952
0.0080724      6.9231     -1.5708      5.1386
0.0081192      6.9231     -1.5708       4.451
0.0081348      6.9231     -1.5708     0.27148
0.0081192      6.9231     -1.5708     0.91698
0.0080724      6.9231     -1.5708       1.466
0.007995      6.9231     -1.5708        1.55
0.0078878      6.9231     -1.5708      1.0699
0.0077521      6.9231     -1.5708      1.4769
0.0075891      6.9231     -1.5708      1.7307
0.0074008      6.9231     -1.5708      5.9789
0.0071889      6.9231     -1.5708      2.1781
0.0069557      6.9231     -1.5708      1.8681
0.0067036      6.9231     -1.5708       2.541
0.0066065      6.8702     -1.5708       1.899
0.0068502      6.8702     -1.5708      4.7582
0.0070754      6.8702     -1.5708      2.2603
0.0072799      6.8702     -1.5708     0.78474
0.0074616      6.8702     -1.5708      3.8778
0.0076187      6.8702     -1.5708      2.2337
0.0077496      6.8702     -1.5708      2.2803
0.0078529      6.8702     -1.5708     0.43031
0.0079274      6.8702     -1.5708      5.4484
0.0079725      6.8702     -1.5708       2.877
0.0079875      6.8702     -1.5708     0.48766
0.0079725      6.8702     -1.5708      5.6856
0.0079274      6.8702     -1.5708      1.7699
0.0078529      6.8702     -1.5708       3.857
0.0077496      6.8702     -1.5708      4.1585
0.0076187      6.8702     -1.5708      1.2568
0.0074616      6.8702     -1.5708      6.0316
0.0072799      6.8702     -1.5708      4.1789
0.0070754      6.8702     -1.5708       3.401
0.0068502      6.8702     -1.5708      5.4597
0.0066065      6.8702     -1.5708      3.4999
0.0065108      6.8182     -1.5708     0.13444
0.0067463      6.8182     -1.5708      3.0327
0.0069638      6.8182     -1.5708      5.0766
0.0071613      6.8182     -1.5708      4.6243
0.0073366      6.8182     -1.5708      3.5958
0.0074882      6.8182     -1.5708    0.056452
0.0076144      6.8182     -1.5708       4.513
0.0077139      6.8182     -1.5708      2.8237
0.0077858      6.8182     -1.5708      4.1444
0.0078292      6.8182     -1.5708      4.7324
0.0078437      6.8182     -1.5708      5.0562
0.0078292      6.8182     -1.5708     0.18318
0.0077858      6.8182     -1.5708      4.8996
0.0077139      6.8182     -1.5708      3.5647
0.0076144      6.8182     -1.5708     0.47824
0.0074882      6.8182     -1.5708      1.5809
0.0073366      6.8182     -1.5708     0.83849
0.0071613      6.8182     -1.5708      3.5466
0.0069638      6.8182     -1.5708       3.399
0.0067463      6.8182     -1.5708     0.43303
0.0065108      6.8182     -1.5708      6.2103
0.0064165      6.7669     -1.5708      1.5776
0.0066442      6.7669     -1.5708      1.9821
0.0068543      6.7669     -1.5708       1.889
0.007045      6.7669     -1.5708     0.26413
0.0072142      6.7669     -1.5708      3.3168
0.0073605      6.7669     -1.5708      1.6086
0.0074822      6.7669     -1.5708      2.5679
0.0075781      6.7669     -1.5708      5.9532
0.0076474      6.7669     -1.5708      5.7758
0.0076892      6.7669     -1.5708     0.76177
0.0077032      6.7669     -1.5708      3.7192
0.0076892      6.7669     -1.5708      2.2597
0.0076474      6.7669     -1.5708      4.5194
0.0075781      6.7669     -1.5708      3.2895
0.0074822      6.7669     -1.5708      1.6389
0.0073605      6.7669     -1.5708       3.098
0.0072142      6.7669     -1.5708      5.3772
0.007045      6.7669     -1.5708      4.5514
0.0068543      6.7669     -1.5708       1.251
0.0066442      6.7669     -1.5708     0.98823
0.0064165      6.7669     -1.5708      2.3277
0.0063236      6.7164     -1.5708      5.4177
0.0065437      6.7164     -1.5708      4.3024
0.0067468      6.7164     -1.5708      3.9847
0.0069309      6.7164     -1.5708     0.88793
0.0070943      6.7164     -1.5708     0.49826
0.0072354      6.7164     -1.5708      5.5048
0.0073528      6.7164     -1.5708      2.6416
0.0074454      6.7164     -1.5708       3.064
0.0075122      6.7164     -1.5708      2.8922
0.0075525      6.7164     -1.5708        3.24
0.007566      6.7164     -1.5708      1.7089
0.0075525      6.7164     -1.5708       1.455
0.0075122      6.7164     -1.5708      5.6518
0.0074454      6.7164     -1.5708      5.7093
0.0073528      6.7164     -1.5708      3.7927
0.0072354      6.7164     -1.5708      2.2948
0.0070943      6.7164     -1.5708      3.7609
0.0069309      6.7164     -1.5708      4.2001
0.0067468      6.7164     -1.5708      5.6205
0.0065437      6.7164     -1.5708     0.54873
0.0063236      6.7164     -1.5708      3.3866
0.0062321      6.6667     -1.5708       2.692
0.006445      6.6667     -1.5708      3.8776
0.0066413      6.6667     -1.5708      3.5114
0.0068191      6.6667     -1.5708       1.419
0.0069769      6.6667     -1.5708      0.6567
0.0071131      6.6667     -1.5708     0.06269
0.0072263      6.6667     -1.5708     0.37166
0.0073156      6.6667     -1.5708      2.0272
0.00738      6.6667     -1.5708      4.8975
0.0074189      6.6667     -1.5708      2.1078
0.0074319      6.6667     -1.5708      3.8927
0.0074189      6.6667     -1.5708      6.2383
0.00738      6.6667     -1.5708      4.0714
0.0073156      6.6667     -1.5708      3.3914
0.0072263      6.6667     -1.5708      1.4593
0.0071131      6.6667     -1.5708      4.6484
0.0069769      6.6667     -1.5708      5.5855
0.0068191      6.6667     -1.5708      5.4022
0.0066413      6.6667     -1.5708      3.7513
0.006445      6.6667     -1.5708      4.1138
0.0062321      6.6667     -1.5708       5.749
0.006142      6.6176     -1.5708      2.7217
0.0063479      6.6176     -1.5708      1.8206
0.0065377      6.6176     -1.5708      3.9701
0.0067095      6.6176     -1.5708      1.8561
0.0068619      6.6176     -1.5708      3.9082
0.0069933      6.6176     -1.5708     0.29866
0.0071026      6.6176     -1.5708      6.2491
0.0071888      6.6176     -1.5708      1.2991
0.0072509      6.6176     -1.5708      3.8161
0.0072884      6.6176     -1.5708      2.1842
0.0073009      6.6176     -1.5708      4.5095
0.0072884      6.6176     -1.5708     0.17588
0.0072509      6.6176     -1.5708     0.41997
0.0071888      6.6176     -1.5708      5.8247
0.0071026      6.6176     -1.5708     0.55147
0.0069933      6.6176     -1.5708      2.0885
0.0068619      6.6176     -1.5708       3.306
0.0067095      6.6176     -1.5708      1.5497
0.0065377      6.6176     -1.5708       3.411
0.0063479      6.6176     -1.5708      4.9062
0.006142      6.6176     -1.5708       3.279
0.0060533      6.5693     -1.5708      5.8554
0.0062525      6.5693     -1.5708      0.9243
0.0064359      6.5693     -1.5708      2.6185
0.006602      6.5693     -1.5708      1.7611
0.0067492      6.5693     -1.5708      3.7579
0.0068761      6.5693     -1.5708     0.22917
0.0069816      6.5693     -1.5708     0.40014
0.0070647      6.5693     -1.5708      2.0287
0.0071247      6.5693     -1.5708     0.61811
0.0071609      6.5693     -1.5708      1.0684
0.007173      6.5693     -1.5708       2.332
0.0071609      6.5693     -1.5708     0.24982
0.0071247      6.5693     -1.5708      4.4562
0.0070647      6.5693     -1.5708      4.0295
0.0069816      6.5693     -1.5708      1.0936
0.0068761      6.5693     -1.5708      0.3905
0.0067492      6.5693     -1.5708       2.555
0.006602      6.5693     -1.5708      2.9094
0.0064359      6.5693     -1.5708      1.2734
0.0062525      6.5693     -1.5708      5.4634
0.0060533      6.5693     -1.5708      3.7569
0.005966      6.5217     -1.5708     0.14459
0.0061587      6.5217     -1.5708      5.6511
0.0063361      6.5217     -1.5708      2.8459
0.0064966      6.5217     -1.5708     0.36458
0.0066388      6.5217     -1.5708     0.66769
0.0067614      6.5217     -1.5708      6.2731
0.0068633      6.5217     -1.5708      5.4431
0.0069435      6.5217     -1.5708      3.8653
0.0070013      6.5217     -1.5708     0.16929
0.0070363      6.5217     -1.5708      2.0264
0.0070479      6.5217     -1.5708      2.9139
0.0070363      6.5217     -1.5708     0.62213
0.0070013      6.5217     -1.5708      3.5875
0.0069435      6.5217     -1.5708      2.0475
0.0068633      6.5217     -1.5708      2.8304
0.0067614      6.5217     -1.5708      3.6306
0.0066388      6.5217     -1.5708     0.47025
0.0064966      6.5217     -1.5708     0.36028
0.0063361      6.5217     -1.5708      1.8909
0.0061587      6.5217     -1.5708       3.278
0.005966      6.5217     -1.5708      3.5303
0.00588      6.4748     -1.5708      1.5177
0.0060666      6.4748     -1.5708      5.7346
0.0062381      6.4748     -1.5708      5.1881
0.0063933      6.4748     -1.5708      2.7931
0.0065307      6.4748     -1.5708      6.1703
0.0066491      6.4748     -1.5708      3.6333
0.0067475      6.4748     -1.5708      1.4729
0.0068249      6.4748     -1.5708      5.0929
0.0068808      6.4748     -1.5708      2.8354
0.0069145      6.4748     -1.5708      1.5706
0.0069258      6.4748     -1.5708       6.003
0.0069145      6.4748     -1.5708     0.89627
0.0068808      6.4748     -1.5708      3.2204
0.0068249      6.4748     -1.5708      6.1066
0.0067475      6.4748     -1.5708      4.0734
0.0066491      6.4748     -1.5708       3.862
0.0065307      6.4748     -1.5708      2.9508
0.0063933      6.4748     -1.5708      3.6302
0.0062381      6.4748     -1.5708      5.7258
0.0060666      6.4748     -1.5708      2.3638
0.00588      6.4748     -1.5708      1.4373
0.0057955      6.4286     -1.5708       2.661
0.005976      6.4286     -1.5708       1.719
0.006142      6.4286     -1.5708      2.7932
0.006292      6.4286     -1.5708      3.9427
0.0064248      6.4286     -1.5708      3.3592
0.0065392      6.4286     -1.5708      2.4217
0.0066342      6.4286     -1.5708      5.4879
0.006709      6.4286     -1.5708      1.8871
0.0067629      6.4286     -1.5708      2.5134
0.0067955      6.4286     -1.5708      3.2529
0.0068063      6.4286     -1.5708     0.38844
0.0067955      6.4286     -1.5708      1.4537
0.0067629      6.4286     -1.5708     0.74445
0.006709      6.4286     -1.5708     0.62063
0.0066342      6.4286     -1.5708      5.5936
0.0065392      6.4286     -1.5708     0.20978
0.0064248      6.4286     -1.5708      5.2717
0.006292      6.4286     -1.5708      3.1872
0.006142      6.4286     -1.5708     0.71448
0.005976      6.4286     -1.5708      3.0815
0.0057955      6.4286     -1.5708      3.7663
0.0057123       6.383     -1.5708     0.56683
0.0058871       6.383     -1.5708      6.1462
0.0060476       6.383     -1.5708      4.1029
0.0061927       6.383     -1.5708      2.8973
0.0063211       6.383     -1.5708       5.427
0.0064316       6.383     -1.5708      1.6514
0.0065234       6.383     -1.5708       5.177
0.0065957       6.383     -1.5708       2.067
0.0066477       6.383     -1.5708      5.9142
0.0066792       6.383     -1.5708      1.5337
0.0066897       6.383     -1.5708      6.0135
0.0066792       6.383     -1.5708      3.2095
0.0066477       6.383     -1.5708      3.5473
0.0065957       6.383     -1.5708      6.2435
0.0065234       6.383     -1.5708      4.8441
0.0064316       6.383     -1.5708      1.9716
0.0063211       6.383     -1.5708     0.36361
0.0061927       6.383     -1.5708     0.27692
0.0060476       6.383     -1.5708      5.1077
0.0058871       6.383     -1.5708      2.5891
0.0057123       6.383     -1.5708      2.4137
0.0056305       6.338     -1.5708      3.2868
0.0057996       6.338     -1.5708      5.6054
0.005955       6.338     -1.5708      2.5504
0.0060954       6.338     -1.5708      3.7974
0.0062195       6.338     -1.5708     0.59565
0.0063263       6.338     -1.5708       2.111
0.006415       6.338     -1.5708     0.91004
0.0064848       6.338     -1.5708      1.5386
0.0065351       6.338     -1.5708      2.3811
0.0065655       6.338     -1.5708      1.6984
0.0065756       6.338     -1.5708      1.3546
0.0065655       6.338     -1.5708      3.9817
0.0065351       6.338     -1.5708      5.0246
0.0064848       6.338     -1.5708      1.3101
0.006415       6.338     -1.5708      5.6312
0.0063263       6.338     -1.5708      4.6853
0.0062195       6.338     -1.5708      3.3701
0.0060954       6.338     -1.5708      6.0943
0.005955       6.338     -1.5708      3.5492
0.0057996       6.338     -1.5708      1.3677
0.0056305       6.338     -1.5708      5.3893
0.00555      6.2937     -1.5708      5.4159
0.0057138      6.2937     -1.5708      1.9685
0.0058642      6.2937     -1.5708      2.0544
0.0059999      6.2937     -1.5708      5.2778
0.00612      6.2937     -1.5708      3.0946
0.0062233      6.2937     -1.5708      0.3261
0.006309      6.2937     -1.5708      4.8883
0.0063764      6.2937     -1.5708      2.6808
0.006425      6.2937     -1.5708       1.759
0.0064543      6.2937     -1.5708      2.0954
0.0064641      6.2937     -1.5708      2.3055
0.0064543      6.2937     -1.5708      4.9937
0.006425      6.2937     -1.5708     0.24309
0.0063764      6.2937     -1.5708      4.5657
0.006309      6.2937     -1.5708      5.4831
0.0062233      6.2937     -1.5708      1.7958
0.00612      6.2937     -1.5708       4.127
0.0059999      6.2937     -1.5708      1.4569
0.0058642      6.2937     -1.5708      3.9077
0.0057138      6.2937     -1.5708       0.472
0.00555      6.2937     -1.5708      6.0741
0.0054708        6.25     -1.5708      3.8324
0.0056294        6.25     -1.5708      2.4109
0.005775        6.25     -1.5708     0.19207
0.0059064        6.25     -1.5708      5.3881
0.0060225        6.25     -1.5708      3.7921
0.0061223        6.25     -1.5708       5.327
0.0062052        6.25     -1.5708      3.1705
0.0062704        6.25     -1.5708    0.049704
0.0063173        6.25     -1.5708      5.7745
0.0063457        6.25     -1.5708      2.5805
0.0063551        6.25     -1.5708      4.6015
0.0063457        6.25     -1.5708     0.94939
0.0063173        6.25     -1.5708      5.1221
0.0062704        6.25     -1.5708       5.715
0.0062052        6.25     -1.5708      4.8878
0.0061223        6.25     -1.5708       4.757
0.0060225        6.25     -1.5708      2.5459
0.0059064        6.25     -1.5708        4.41
0.005775        6.25     -1.5708      3.5528
0.0056294        6.25     -1.5708      3.6739
0.0054708        6.25     -1.5708      2.1671
0.0053929      6.2069     -1.5708      4.4247
0.0055466      6.2069     -1.5708      1.0107
0.0056875      6.2069     -1.5708    0.009512
0.0058147      6.2069     -1.5708      3.5311
0.005927      6.2069     -1.5708      3.4336
0.0060236      6.2069     -1.5708      3.4609
0.0061037      6.2069     -1.5708      4.3638
0.0061667      6.2069     -1.5708      5.8274
0.0062121      6.2069     -1.5708      5.9325
0.0062394      6.2069     -1.5708      5.6752
0.0062486      6.2069     -1.5708      3.7956
0.0062394      6.2069     -1.5708      5.8194
0.0062121      6.2069     -1.5708     0.73477
0.0061667      6.2069     -1.5708      2.1413
0.0061037      6.2069     -1.5708     0.23078
0.0060236      6.2069     -1.5708      3.3826
0.005927      6.2069     -1.5708       4.632
0.0058147      6.2069     -1.5708      1.1386
0.0056875      6.2069     -1.5708      2.6781
0.0055466      6.2069     -1.5708     0.61679
0.0053929      6.2069     -1.5708      1.9051
0.0053163      6.1644     -1.5708      4.9015
0.0054652      6.1644     -1.5708      3.3737
0.0056017      6.1644     -1.5708      4.8321
0.0057247      6.1644     -1.5708      4.0145
0.0058334      6.1644     -1.5708      5.6117
0.0059268      6.1644     -1.5708     0.38132
0.0060043      6.1644     -1.5708      1.1044
0.0060652      6.1644     -1.5708      2.6158
0.0061091      6.1644     -1.5708      4.6481
0.0061356      6.1644     -1.5708      5.6104
0.0061444      6.1644     -1.5708     0.16244
0.0061356      6.1644     -1.5708     0.86431
0.0061091      6.1644     -1.5708      2.6645
0.0060652      6.1644     -1.5708      4.8038
0.0060043      6.1644     -1.5708       3.295
0.0059268      6.1644     -1.5708      4.7404
0.0058334      6.1644     -1.5708      1.0668
0.0057247      6.1644     -1.5708      4.2267
0.0056017      6.1644     -1.5708       3.887
0.0054652      6.1644     -1.5708    0.043014
0.0053163      6.1644     -1.5708      4.6508
0.005241      6.1224     -1.5708      6.2311
0.0053853      6.1224     -1.5708     0.80536
0.0055174      6.1224     -1.5708      2.2655
0.0056366      6.1224     -1.5708      1.2005
0.0057417      6.1224     -1.5708      4.4886
0.0058321      6.1224     -1.5708      1.1175
0.0059071      6.1224     -1.5708      6.2004
0.005966      6.1224     -1.5708     0.10681
0.0060084      6.1224     -1.5708     0.25004
0.006034      6.1224     -1.5708      5.0536
0.0060426      6.1224     -1.5708      5.4021
0.006034      6.1224     -1.5708      3.5578
0.0060084      6.1224     -1.5708      4.7381
0.005966      6.1224     -1.5708      3.2641
0.0059071      6.1224     -1.5708      3.6812
0.0058321      6.1224     -1.5708      1.1984
0.0057417      6.1224     -1.5708      3.1631
0.0056366      6.1224     -1.5708      0.3199
0.0055174      6.1224     -1.5708     0.35245
0.0053853      6.1224     -1.5708       2.106
0.005241      6.1224     -1.5708       3.964
0.005167      6.0811     -1.5708      5.6043
0.0053068      6.0811     -1.5708       4.231
0.0054348      6.0811     -1.5708      4.3055
0.0055501      6.0811     -1.5708      4.3714
0.0056519      6.0811     -1.5708      5.0253
0.0057394      6.0811     -1.5708      4.1506
0.0058119      6.0811     -1.5708      3.2668
0.0058689      6.0811     -1.5708      2.0843
0.0059099      6.0811     -1.5708      5.8694
0.0059347      6.0811     -1.5708      1.5486
0.005943      6.0811     -1.5708      3.2119
0.0059347      6.0811     -1.5708      4.6514
0.0059099      6.0811     -1.5708      1.5969
0.0058689      6.0811     -1.5708      5.3128
0.0058119      6.0811     -1.5708      3.3812
0.0057394      6.0811     -1.5708      5.7184
0.0056519      6.0811     -1.5708      2.2035
0.0055501      6.0811     -1.5708      5.8766
0.0054348      6.0811     -1.5708      5.8289
0.0053068      6.0811     -1.5708      3.6925
0.005167      6.0811     -1.5708     0.63937
0.0050941      6.0403     -1.5708      2.3051
0.0052296      6.0403     -1.5708      1.7331
0.0053537      6.0403     -1.5708      1.6719
0.0054654      6.0403     -1.5708      1.4233
0.005564      6.0403     -1.5708   0.0082985
0.0056486      6.0403     -1.5708      5.6108
0.0057188      6.0403     -1.5708      2.8493
0.0057739      6.0403     -1.5708      3.6342
0.0058136      6.0403     -1.5708      1.9829
0.0058375      6.0403     -1.5708      6.2454
0.0058455      6.0403     -1.5708      6.1818
0.0058375      6.0403     -1.5708      6.0603
0.0058136      6.0403     -1.5708      4.1861
0.0057739      6.0403     -1.5708      4.5625
0.0057188      6.0403     -1.5708      2.0988
0.0056486      6.0403     -1.5708      3.2846
0.005564      6.0403     -1.5708      1.7175
0.0054654      6.0403     -1.5708      4.5136
0.0053537      6.0403     -1.5708      4.8883
0.0052296      6.0403     -1.5708     0.50933
0.0050941      6.0403     -1.5708      1.3922
0.0050226           6     -1.5708      1.2815
0.0051539           6     -1.5708      3.9212
0.0052741           6     -1.5708      4.5565
0.0053823           6     -1.5708      5.2423
0.0054777           6     -1.5708     0.11872
0.0055597           6     -1.5708      1.2699
0.0056276           6     -1.5708      2.9473
0.005681           6     -1.5708      2.3775
0.0057194           6     -1.5708      2.1387
0.0057425           6     -1.5708     0.40118
0.0057503           6     -1.5708      4.7835
0.0057425           6     -1.5708      2.5299
0.0057194           6     -1.5708      4.2366
0.005681           6     -1.5708      3.4624
0.0056276           6     -1.5708     0.32331
0.0055597           6     -1.5708       1.932
0.0054777           6     -1.5708      6.0659
0.0053823           6     -1.5708      5.8525
0.0052741           6     -1.5708      2.3751
0.0051539           6     -1.5708      3.8808
0.0050226           6     -1.5708      3.5344
0.0049522      5.9603     -1.5708      5.2184
0.0050795      5.9603     -1.5708      6.0172
0.005196      5.9603     -1.5708      0.4744
0.0053008      5.9603     -1.5708      5.5795
0.0053933      5.9603     -1.5708      3.5339
0.0054726      5.9603     -1.5708      1.2211
0.0055384      5.9603     -1.5708      1.3914
0.00559      5.9603     -1.5708      4.4343
0.0056272      5.9603     -1.5708      3.7495
0.0056496      5.9603     -1.5708      3.6837
0.0056571      5.9603     -1.5708       6.085
0.0056496      5.9603     -1.5708      3.6551
0.0056272      5.9603     -1.5708     0.62705
0.00559      5.9603     -1.5708      1.0468
0.0055384      5.9603     -1.5708     0.64146
0.0054726      5.9603     -1.5708     0.91887
0.0053933      5.9603     -1.5708      4.2194
0.0053008      5.9603     -1.5708      4.0202
0.005196      5.9603     -1.5708        2.34
0.0050795      5.9603     -1.5708      1.0233
0.0049522      5.9603     -1.5708      2.4473
0.004883      5.9211     -1.5708      5.0263
0.0050065      5.9211     -1.5708      2.5119
0.0051194      5.9211     -1.5708      4.7444
0.005221      5.9211     -1.5708      1.8548
0.0053105      5.9211     -1.5708      4.0212
0.0053874      5.9211     -1.5708      5.5612
0.005451      5.9211     -1.5708      1.3172
0.005501      5.9211     -1.5708      3.0181
0.005537      5.9211     -1.5708      0.7099
0.0055586      5.9211     -1.5708     0.83168
0.0055659      5.9211     -1.5708     0.40213
0.0055586      5.9211     -1.5708     0.49823
0.005537      5.9211     -1.5708      3.9392
0.005501      5.9211     -1.5708      2.5844
0.005451      5.9211     -1.5708      4.0123
0.0053874      5.9211     -1.5708      5.3817
0.0053105      5.9211     -1.5708      4.7975
0.005221      5.9211     -1.5708      6.1332
0.0051194      5.9211     -1.5708      4.9104
0.0050065      5.9211     -1.5708      5.8783
0.004883      5.9211     -1.5708      4.6441
