
[NumberOfWaves] 675
=================================
0.0214253      32.2581    -0.349056      3.65965
0.0225136      32.2581    -0.261792      3.52342
0.0233215      32.2581    -0.174528   0.00683987
0.0238188      32.2581   -0.0872639     0.797075
0.0239867      32.2581            0      1.34859
0.0238188      32.2581    0.0872639      5.19491
0.0233215      32.2581     0.174528      2.43538
0.0225136      32.2581     0.261792      1.99847
0.0214253      32.2581     0.349056      1.64475
0.0276006        31.25    -0.349056      1.86306
0.0292509        31.25    -0.261792      2.69024
0.0304849        31.25    -0.174528      1.20889
0.0312482        31.25   -0.0872639      3.56547
0.0315065        31.25            0      4.13211
0.0312482        31.25    0.0872639       4.3075
0.0304849        31.25     0.174528      2.22255
0.0292509        31.25     0.261792      6.01151
0.0276006        31.25     0.349056      1.53141
0.0338559       30.303    -0.349056      4.70139
0.0362285       30.303    -0.261792       2.4518
0.0380173       30.303    -0.174528      5.30761
0.0391298       30.303   -0.0872639      2.33718
0.0395073       30.303            0      4.44589
0.0391298       30.303    0.0872639      2.17175
0.0380173       30.303     0.174528      5.51118
0.0362285       30.303     0.261792      4.71557
0.0338559       30.303     0.349056      2.72949
0.0398755      29.4118    -0.349056      2.51735
0.0431377      29.4118    -0.261792      2.34317
0.0456202      29.4118    -0.174528      2.78494
0.0471738      29.4118   -0.0872639      2.38947
0.0477026      29.4118            0     0.456852
0.0471738      29.4118    0.0872639      2.76628
0.0456202      29.4118     0.174528      3.81081
0.0431377      29.4118     0.261792      1.91496
0.0398755      29.4118     0.349056      2.55494
0.04542      28.5714    -0.349056     0.634657
0.0497422      28.5714    -0.261792      2.99624
0.0530659      28.5714    -0.174528      1.83721
0.0551603      28.5714   -0.0872639     0.102303
0.0558757      28.5714            0      5.55678
0.0551603      28.5714    0.0872639      1.32138
0.0530659      28.5714     0.174528      4.29534
0.0497422      28.5714     0.261792     0.970034
0.04542      28.5714     0.349056      6.12163
0.0503722      27.7778    -0.349056      3.15823
0.0559294      27.7778    -0.261792      5.60072
0.0602531      27.7778    -0.174528      4.56454
0.0629989      27.7778   -0.0872639      3.12378
0.0639405      27.7778            0      3.81513
0.0629989      27.7778    0.0872639      2.19458
0.0602531      27.7778     0.174528      3.30621
0.0559294      27.7778     0.261792      5.00702
0.0503722      27.7778     0.349056      1.71951
0.0547835       27.027    -0.349056      1.83893
0.0617691       27.027    -0.261792      2.18744
0.0672757       27.027    -0.174528      5.50374
0.0708034       27.027   -0.0872639     0.586324
0.0720184       27.027            0      1.29857
0.0708034       27.027    0.0872639      1.90224
0.0672757       27.027     0.174528      2.20862
0.0617691       27.027     0.261792      4.56615
0.0547835       27.027     0.349056      5.56878
0.0589093      26.3158    -0.349056     0.326252
0.0675678      26.3158    -0.261792     0.493587
0.0744933      26.3158    -0.174528    0.0910159
0.078973      26.3158   -0.0872639      1.21476
0.0805233      26.3158            0     0.165176
0.078973      26.3158    0.0872639      2.94526
0.0744933      26.3158     0.174528      1.52917
0.0675678      26.3158     0.261792      5.77984
0.0589093      26.3158     0.349056      4.49758
0.063202       25.641    -0.349056      3.07016
0.0738834       25.641    -0.261792     0.490541
0.082566       25.641    -0.174528      3.33041
0.088243       25.641   -0.0872639      4.18479
0.0902182       25.641            0      3.81826
0.088243       25.641    0.0872639      2.63604
0.082566       25.641     0.174528     0.696142
0.0738834       25.641     0.261792      5.13079
0.063202       25.641     0.349056      1.56638
0.068216           25    -0.349056      3.19917
0.0814431           25    -0.261792      5.05237
0.0923891           25    -0.174528      3.20326
0.0996316           25   -0.0872639      1.90186
0.102166           25            0      5.41548
0.0996316           25    0.0872639     0.360609
0.0923891           25     0.174528      4.59135
0.0814431           25     0.261792      5.66023
0.068216           25     0.349056      2.91558
0.0743788      24.3902    -0.349056      2.94901
0.0908932      24.3902    -0.261792     0.966414
0.104832      24.3902    -0.174528      6.04296
0.114177      24.3902   -0.0872639      5.50551
0.117469      24.3902            0      3.07006
0.114177      24.3902    0.0872639      2.55766
0.104832      24.3902     0.174528     0.795279
0.0908932      24.3902     0.261792      5.81445
0.0743788      24.3902     0.349056    0.0350662
0.0816005      23.8095    -0.349056      1.17108
0.102312      23.8095    -0.261792      2.03608
0.120177      23.8095    -0.174528     0.315322
0.132329      23.8095   -0.0872639     0.908125
0.136641      23.8095            0      4.58263
0.132329      23.8095    0.0872639      3.03016
0.120177      23.8095     0.174528      2.12406
0.102312      23.8095     0.261792      1.48761
0.0816005      23.8095     0.349056      2.83277
0.0888047      23.2558    -0.349056      1.16519
0.114534      23.2558    -0.261792      2.03729
0.137264      23.2558    -0.174528      1.65853
0.152972      23.2558   -0.0872639      5.21537
0.15859      23.2558            0      4.37523
0.152972      23.2558    0.0872639      2.09562
0.137264      23.2558     0.174528       3.6456
0.114534      23.2558     0.261792      1.80849
0.0888047      23.2558     0.349056      1.65853
0.0937625      22.7273    -0.349056      1.63296
0.124735      22.7273    -0.261792      4.25409
0.152823      22.7273    -0.174528      3.26607
0.172574      22.7273   -0.0872639     0.482244
0.1797      22.7273            0     0.350876
0.172574      22.7273    0.0872639      1.62559
0.152823      22.7273     0.174528      2.76406
0.124735      22.7273     0.261792      1.78619
0.0937625      22.7273     0.349056       4.2647
0.0938661      22.2222    -0.349056      5.96621
0.129184      22.2222    -0.261792      4.86276
0.162143      22.2222    -0.174528      3.99686
0.185764      22.2222   -0.0872639      4.73475
0.194368      22.2222            0      4.69225
0.185764      22.2222    0.0872639      3.68203
0.162143      22.2222     0.174528      4.85711
0.129184      22.2222     0.261792        2.466
0.0938661      22.2222     0.349056      3.80304
0.0928749      21.7391    -0.349056      1.55462
0.128665      21.7391    -0.261792      1.82334
0.162251      21.7391    -0.174528     0.121467
0.186411      21.7391   -0.0872639      2.18215
0.195227      21.7391            0     0.890903
0.186411      21.7391    0.0872639      2.58567
0.162251      21.7391     0.174528     0.961728
0.128665      21.7391     0.261792      5.20866
0.0928749      21.7391     0.349056      4.64439
0.0918079      21.2766    -0.349056     0.621202
0.125035      21.2766    -0.261792      5.15604
0.155771      21.2766    -0.174528      1.42694
0.17767      21.2766   -0.0872639     0.671912
0.185623      21.2766            0      4.16422
0.17767      21.2766    0.0872639       5.9976
0.155771      21.2766     0.174528      5.11791
0.125035      21.2766     0.261792       3.9159
0.0918079      21.2766     0.349056      2.06251
0.087697      20.8333    -0.349056       1.7427
0.11756      20.8333    -0.261792      2.72919
0.144817      20.8333    -0.174528      2.20091
0.164065      20.8333   -0.0872639      5.51496
0.171025      20.8333            0    0.0386687
0.164065      20.8333    0.0872639      4.37579
0.144817      20.8333     0.174528      2.12405
0.11756      20.8333     0.261792      1.91621
0.087697      20.8333     0.349056      4.07202
0.0818445      20.4082    -0.349056      5.78756
0.108111      20.4082    -0.261792      5.61118
0.131789      20.4082    -0.174528      6.26528
0.148373      20.4082   -0.0872639     0.457929
0.154344      20.4082            0     0.814394
0.148373      20.4082    0.0872639      6.16719
0.131789      20.4082     0.174528     0.566992
0.108111      20.4082     0.261792      4.31113
0.0818445      20.4082     0.349056      5.83669
0.0755539           20    -0.349056     0.891032
0.0984424           20    -0.261792      5.55678
0.118838           20    -0.174528     0.124164
0.133014           20   -0.0872639       2.1531
0.138099           20            0      1.49728
0.133014           20    0.0872639      6.18602
0.118838           20     0.174528      5.31917
0.0984424           20     0.261792      4.99192
0.0755539           20     0.349056      5.65645
0.0697556      19.6078    -0.349056       4.9014
0.0897331      19.6078    -0.261792       5.2558
0.107344      19.6078    -0.174528      2.01743
0.119496      19.6078   -0.0872639      4.66667
0.12384      19.6078            0      4.17502
0.119496      19.6078    0.0872639      1.81694
0.107344      19.6078     0.174528      2.11971
0.0897331      19.6078     0.261792      5.70897
0.0697556      19.6078     0.349056     0.202633
0.0649183      19.2308    -0.349056      4.37522
0.0825198      19.2308    -0.261792       1.3117
0.0978803      19.2308    -0.174528      5.17813
0.108409      19.2308   -0.0872639      1.37115
0.112159      19.2308            0     0.626053
0.108409      19.2308    0.0872639      3.89236
0.0978803      19.2308     0.174528     0.652268
0.0825198      19.2308     0.261792      5.02051
0.0649183      19.2308     0.349056      5.67308
0.0611466      18.8679    -0.349056      1.96352
0.0768632      18.8679    -0.261792      1.76922
0.0904498      18.8679    -0.174528    0.0426109
0.0997042      18.8679   -0.0872639      3.11556
0.102991      18.8679            0      6.21063
0.0997042      18.8679    0.0872639      4.63648
0.0904498      18.8679     0.174528      1.95225
0.0768632      18.8679     0.261792      3.77236
0.0611466      18.8679     0.349056      4.91129
0.0583278      18.5185    -0.349056     0.700763
0.0725581      18.5185    -0.261792      3.63993
0.0847516      18.5185    -0.174528      5.46854
0.0930084      18.5185   -0.0872639      4.33386
0.0959319      18.5185            0      1.52658
0.0930084      18.5185    0.0872639      2.15332
0.0847516      18.5185     0.174528        3.427
0.0725581      18.5185     0.261792     0.424559
0.0583278      18.5185     0.349056      2.57885
0.0562544      18.1818    -0.349056      1.49228
0.0692972      18.1818    -0.261792      3.07222
0.080381      18.1818    -0.174528      5.06452
0.087845      18.1818   -0.0872639      2.37402
0.0904806      18.1818            0      3.25446
0.087845      18.1818    0.0872639     0.594359
0.080381      18.1818     0.174528      5.71185
0.0692972      18.1818     0.261792      1.30454
0.0562544      18.1818     0.349056      2.40051
0.0547048      17.8571    -0.349056      4.14854
0.0667722      17.8571    -0.261792      4.76486
0.0769475      17.8571    -0.174528       1.0874
0.0837645      17.8571   -0.0872639       3.2507
0.0861654      17.8571            0      6.25371
0.0837645      17.8571    0.0872639      4.44591
0.0769475      17.8571     0.174528     0.506204
0.0667722      17.8571     0.261792     0.272105
0.0547048      17.8571     0.349056      3.08593
0.0534863      17.5439    -0.349056      2.80597
0.064724      17.5439    -0.261792      3.05856
0.0741307      17.5439    -0.174528      1.04229
0.0804022      17.5439   -0.0872639        2.266
0.0826056      17.5439            0      5.53358
0.0804022      17.5439    0.0872639      4.67676
0.0741307      17.5439     0.174528      2.61857
0.064724      17.5439     0.261792      5.70091
0.0534863      17.5439     0.349056      0.59253
0.0524531      17.2414    -0.349056      1.13927
0.0629608      17.2414    -0.261792      5.94741
0.0716961      17.2414    -0.174528     0.633635
0.0774934      17.2414   -0.0872639      2.43804
0.0795255      17.2414            0       1.8172
0.0774934      17.2414    0.0872639     0.459205
0.0716961      17.2414     0.174528      1.22272
0.0629608      17.2414     0.261792      2.62306
0.0524531      17.2414     0.349056      1.84046
0.0515071      16.9492    -0.349056      4.41154
0.0613548      16.9492    -0.261792      1.50612
0.0694886      16.9492    -0.174528      6.02843
0.0748634      16.9492   -0.0872639      1.91922
0.0767435      16.9492            0     0.973334
0.0748634      16.9492    0.0872639      3.49026
0.0694886      16.9492     0.174528      4.96699
0.0613548      16.9492     0.261792      2.78885
0.0515071      16.9492     0.349056      6.25673
0.0505897      16.6667    -0.349056      2.74307
0.0598298      16.6667    -0.261792       1.9128
0.0674152      16.6667    -0.174528      1.54882
0.0724074      16.6667   -0.0872639      6.03687
0.07415      16.6667            0      1.40036
0.0724074      16.6667    0.0872639      2.48561
0.0674152      16.6667     0.174528      1.41069
0.0598298      16.6667     0.261792      1.69656
0.0505897      16.6667     0.349056      2.62907
0.0496708      16.3934    -0.349056      6.26878
0.0583455      16.3934    -0.261792        5.724
0.0654257      16.3934    -0.174528      3.45833
0.0700677      16.3934   -0.0872639      3.74678
0.071685      16.3934            0      0.49727
0.0700677      16.3934    0.0872639        3.623
0.0654257      16.3934     0.174528      5.64322
0.0583455      16.3934     0.261792      2.91098
0.0496708      16.3934     0.349056      2.50312
0.0487378       16.129    -0.349056     0.656329
0.0568837       16.129    -0.261792        4.098
0.0634962       16.129    -0.174528      6.23085
0.0678158       16.129   -0.0872639      4.26033
0.069318       16.129            0      2.69212
0.0678158       16.129    0.0872639      4.11412
0.0634962       16.129     0.174528      3.69909
0.0568837       16.129     0.261792      4.68118
0.0487378       16.129     0.349056      4.02659
0.0477885       15.873    -0.349056       3.1646
0.0554386       15.873    -0.261792      5.89371
0.0616169       15.873    -0.174528      3.80337
0.065639       15.873   -0.0872639      4.01436
0.0670354       15.873            0       4.4148
0.065639       15.873    0.0872639      5.40934
0.0616169       15.873     0.174528      2.38542
0.0554386       15.873     0.261792      4.47427
0.0477885       15.873     0.349056      3.28928
0.0468249       15.625    -0.349056       2.2838
0.0540104       15.625    -0.261792      2.73107
0.0597851       15.625    -0.174528      4.32018
0.0635323       15.625   -0.0872639      1.42531
0.0648312       15.625            0      6.15108
0.0635323       15.625    0.0872639      6.13014
0.0597851       15.625     0.174528      1.81902
0.0540104       15.625     0.261792      2.12638
0.0468249       15.625     0.349056      6.26066
0.0458515      15.3846    -0.349056       4.9571
0.0526013      15.3846    -0.261792      4.99449
0.0580009      15.3846    -0.174528      3.97317
0.0614941      15.3846   -0.0872639      5.09835
0.062703      15.3846            0      2.81537
0.0614941      15.3846    0.0872639      5.21874
0.0580009      15.3846     0.174528     0.795826
0.0526013      15.3846     0.261792      3.22486
0.0458515      15.3846     0.349056       4.4982
0.0448728      15.1515    -0.349056       1.5591
0.0512144      15.1515    -0.261792      3.34193
0.0562654      15.1515    -0.174528      2.40142
0.0595235      15.1515   -0.0872639      5.03747
0.0606495      15.1515            0      4.21502
0.0595235      15.1515    0.0872639       6.1753
0.0562654      15.1515     0.174528      5.88605
0.0512144      15.1515     0.261792      3.62072
0.0448728      15.1515     0.349056      0.50381
0.0438931      14.9254    -0.349056      2.60006
0.0498525      14.9254    -0.261792      1.13625
0.0545794      14.9254    -0.174528      6.25555
0.0576201      14.9254   -0.0872639      3.26959
0.0586695      14.9254            0      5.56223
0.0576201      14.9254    0.0872639      4.07296
0.0545794      14.9254     0.174528      2.92947
0.0498525      14.9254     0.261792      0.59865
0.0438931      14.9254     0.349056      6.08082
0.0429162      14.7059    -0.349056      3.89616
0.0485179      14.7059    -0.261792     0.980168
0.0529436      14.7059    -0.174528      2.50294
0.0557831      14.7059   -0.0872639      5.54478
0.0567618      14.7059            0      3.38662
0.0557831      14.7059    0.0872639      3.41592
0.0529436      14.7059     0.174528      2.77993
0.0485179      14.7059     0.261792      1.15447
0.0429162      14.7059     0.349056      1.56592
0.0419456      14.4928    -0.349056      1.79136
0.0472126      14.4928    -0.261792      3.32691
0.0513583      14.4928    -0.174528      3.51746
0.0540115      14.4928   -0.0872639      2.60836
0.0549249      14.4928            0      5.69039
0.0540115      14.4928    0.0872639      1.91721
0.0513583      14.4928     0.174528       4.0825
0.0472126      14.4928     0.261792      1.81442
0.0419456      14.4928     0.349056      1.60374
0.0409841      14.2857    -0.349056      2.25046
0.0459379      14.2857    -0.261792      5.06358
0.0498232      14.2857    -0.174528      3.38608
0.052304      14.2857   -0.0872639      3.70737
0.053157      14.2857            0      1.45226
0.052304      14.2857    0.0872639     0.640528
0.0498232      14.2857     0.174528       4.0503
0.0459379      14.2857     0.261792      6.15821
0.0409841      14.2857     0.349056     0.639122
0.0400339      14.0845    -0.349056      1.18036
0.0446948      14.0845    -0.261792    0.0589682
0.0483381      14.0845    -0.174528      5.26706
0.0506591      14.0845   -0.0872639      3.02427
0.0514562      14.0845            0      2.94378
0.0506591      14.0845    0.0872639      5.70842
0.0483381      14.0845     0.174528      2.62094
0.0446948      14.0845     0.261792      3.41882
0.0400339      14.0845     0.349056      4.39187
0.0390971      13.8889    -0.349056     0.496673
0.0434841      13.8889    -0.261792      3.20066
0.0469022      13.8889    -0.174528      3.05918
0.0490751      13.8889   -0.0872639       5.3775
0.0498206      13.8889            0      3.86031
0.0490751      13.8889    0.0872639      0.73772
0.0469022      13.8889     0.174528      3.81298
0.0434841      13.8889     0.261792      1.03154
0.0390971      13.8889     0.349056      2.50708
0.0381752      13.6986    -0.349056       3.3448
0.042306      13.6986    -0.261792      5.49895
0.0455147      13.6986    -0.174528      4.14074
0.0475502      13.6986   -0.0872639      4.94865
0.0482479      13.6986            0     0.791815
0.0475502      13.6986    0.0872639      3.29841
0.0455147      13.6986     0.174528      5.65143
0.042306      13.6986     0.261792     0.685377
0.0381752      13.6986     0.349056      3.98701
0.0372697      13.5135    -0.349056     0.507955
0.0411608      13.5135    -0.261792      2.58377
0.0441745      13.5135    -0.174528      4.47748
0.0460826      13.5135   -0.0872639     0.630954
0.046736      13.5135            0       5.0889
0.0460826      13.5135    0.0872639      4.00736
0.0441745      13.5135     0.174528      5.64257
0.0411608      13.5135     0.261792       3.9069
0.0372697      13.5135     0.349056      2.60498
0.0363814      13.3333    -0.349056      4.06861
0.0400483      13.3333    -0.261792      3.07408
0.0428805      13.3333    -0.174528     0.589065
0.0446703      13.3333   -0.0872639       4.0043
0.0452826      13.3333            0      5.97049
0.0446703      13.3333    0.0872639      2.99307
0.0428805      13.3333     0.174528      3.78742
0.0400483      13.3333     0.261792      3.71629
0.0363814      13.3333     0.349056      1.41532
0.0355113      13.1579    -0.349056      4.19976
0.0389684      13.1579    -0.261792     0.983614
0.0416314      13.1579    -0.174528      4.86462
0.0433114      13.1579   -0.0872639      1.33861
0.0438856      13.1579            0       1.0626
0.0433114      13.1579    0.0872639       4.5599
0.0416314      13.1579     0.174528      1.60964
0.0389684      13.1579     0.261792      1.02266
0.0355113      13.1579     0.349056      3.93176
0.0346598       12.987    -0.349056      1.57545
0.0379207       12.987    -0.261792      1.65229
0.040426       12.987    -0.174528       5.3024
0.0420039       12.987   -0.0872639        2.497
0.0425428       12.987            0     0.657068
0.0420039       12.987    0.0872639      1.21799
0.040426       12.987     0.174528      2.28117
0.0379207       12.987     0.261792       5.4947
0.0346598       12.987     0.349056      3.76836
0.0338275      12.8205    -0.349056      1.62173
0.0369046      12.8205    -0.261792        2.252
0.039263      12.8205    -0.174528      5.57641
0.0407459      12.8205   -0.0872639      5.65803
0.041252      12.8205            0      2.81448
0.0407459      12.8205    0.0872639      1.68919
0.039263      12.8205     0.174528      3.47962
0.0369046      12.8205     0.261792       1.1237
0.0338275      12.8205     0.349056      5.40151
0.0330147      12.6582    -0.349056      1.45751
0.0359196      12.6582    -0.261792      1.05621
0.0381409      12.6582    -0.174528       0.1679
0.0395355      12.6582   -0.0872639      2.02583
0.040011      12.6582            0       3.4881
0.0395355      12.6582    0.0872639      5.18051
0.0381409      12.6582     0.174528      5.05309
0.0359196      12.6582     0.261792     0.153357
0.0330147      12.6582     0.349056      2.33417
0.0322213         12.5    -0.349056      3.09042
0.0349651         12.5    -0.261792      2.92821
0.0370585         12.5    -0.174528     0.262088
0.0383708         12.5   -0.0872639      3.87662
0.0388179         12.5            0      3.63178
0.0383708         12.5    0.0872639      1.87742
0.0370585         12.5     0.174528      2.73729
0.0349651         12.5     0.261792     0.858465
0.0322213         12.5     0.349056      1.88315
0.0314477      12.3457    -0.349056      4.78372
0.0340403      12.3457    -0.261792     0.221806
0.0360143      12.3457    -0.174528      1.69327
0.03725      12.3457   -0.0872639      6.25956
0.0376707      12.3457            0      2.80816
0.03725      12.3457    0.0872639     0.959947
0.0360143      12.3457     0.174528      5.56817
0.0340403      12.3457     0.261792     0.197163
0.0314477      12.3457     0.349056     0.729048
0.0306935      12.1951    -0.349056      1.57612
0.0331446      12.1951    -0.261792      4.77304
0.035007      12.1951    -0.174528      5.64408
0.0361712      12.1951   -0.0872639      1.40375
0.0365674      12.1951            0      4.23034
0.0361712      12.1951    0.0872639      5.14443
0.035007      12.1951     0.174528      5.96213
0.0331446      12.1951     0.261792      5.49332
0.0306935      12.1951     0.349056      2.47385
0.0299589      12.0482    -0.349056      5.88693
0.0322772      12.0482    -0.261792      2.74502
0.0340352      12.0482    -0.174528      1.02113
0.0351328      12.0482   -0.0872639       1.9466
0.035506      12.0482            0      4.27941
0.0351328      12.0482    0.0872639      5.86867
0.0340352      12.0482     0.174528      5.95245
0.0322772      12.0482     0.261792      3.76404
0.0299589      12.0482     0.349056      5.96178
0.0292435      11.9048    -0.349056      2.53845
0.0314373      11.9048    -0.261792     0.257807
0.0330977      11.9048    -0.174528      1.84611
0.0341331      11.9048   -0.0872639     0.200676
0.034485      11.9048            0      5.43173
0.0341331      11.9048    0.0872639      2.71769
0.0330977      11.9048     0.174528     0.583116
0.0314373      11.9048     0.261792     0.865745
0.0292435      11.9048     0.349056      1.52031
0.0285471      11.7647    -0.349056      1.40117
0.030624      11.7647    -0.261792      5.45201
0.0321932      11.7647    -0.174528      4.80132
0.0331705      11.7647   -0.0872639      2.16584
0.0335024      11.7647            0      2.41757
0.0331705      11.7647    0.0872639      3.73754
0.0321932      11.7647     0.174528      3.36216
0.030624      11.7647     0.261792      2.09573
0.0285471      11.7647     0.349056      5.36997
0.0278695      11.6279    -0.349056      1.66904
0.0298367      11.6279    -0.261792      5.86795
0.0313204      11.6279    -0.174528      2.44933
0.0322434      11.6279   -0.0872639       4.2917
0.0325566      11.6279            0      1.72789
0.0322434      11.6279    0.0872639     0.175658
0.0313204      11.6279     0.174528      5.90987
0.0298367      11.6279     0.261792      3.35494
0.0278695      11.6279     0.349056      4.21698
0.0272104      11.4943    -0.349056      3.81714
0.0290744      11.4943    -0.261792      4.71774
0.030478      11.4943    -0.174528      6.16565
0.0313503      11.4943   -0.0872639      4.57195
0.0316462      11.4943            0      5.38655
0.0313503      11.4943    0.0872639      6.23175
0.030478      11.4943     0.174528      4.77169
0.0290744      11.4943     0.261792     0.917576
0.0272104      11.4943     0.349056      2.05018
0.0265693      11.3636    -0.349056     0.180863
0.0283365      11.3636    -0.261792      4.36386
0.029665      11.3636    -0.174528      6.02387
0.0304898      11.3636   -0.0872639       4.5806
0.0307694      11.3636            0      4.62903
0.0304898      11.3636    0.0872639      1.09708
0.029665      11.3636     0.174528      2.23304
0.0283365      11.3636     0.261792      3.61052
0.0265693      11.3636     0.349056      2.88984
0.0259459       11.236    -0.349056      5.23829
0.027622       11.236    -0.261792      5.12343
0.0288802       11.236    -0.174528      2.03539
0.0296605       11.236   -0.0872639      2.90076
0.0299249       11.236            0      4.23449
0.0296605       11.236    0.0872639      3.73981
0.0288802       11.236     0.174528     0.844355
0.027622       11.236     0.261792     0.122467
0.0259459       11.236     0.349056     0.786056
0.0253398      11.1111    -0.349056      1.40284
0.0269303      11.1111    -0.261792      2.82193
0.0281225      11.1111    -0.174528      3.35846
0.028861      11.1111   -0.0872639      6.22262
0.0291112      11.1111            0      4.50709
0.028861      11.1111    0.0872639       6.1577
0.0281225      11.1111     0.174528     0.337635
0.0269303      11.1111     0.261792      4.00148
0.0253398      11.1111     0.349056      6.03408
0.0247506       10.989    -0.349056      1.69593
0.0262606       10.989    -0.261792      5.96513
0.0273908       10.989    -0.174528      5.66874
0.0280903       10.989   -0.0872639      1.22298
0.0283271       10.989            0      4.61142
0.0280903       10.989    0.0872639      1.09865
0.0273908       10.989     0.174528     0.660601
0.0262606       10.989     0.261792      1.97357
0.0247506       10.989     0.349056      2.19129
0.024178      10.8696    -0.349056      2.50668
0.0256121      10.8696    -0.261792      1.78385
0.026684      10.8696    -0.174528      1.97231
0.0273469      10.8696   -0.0872639      4.51295
0.0275712      10.8696            0      5.93522
0.0273469      10.8696    0.0872639     0.551577
0.026684      10.8696     0.174528      1.75631
0.0256121      10.8696     0.261792      3.74567
0.024178      10.8696     0.349056      5.20505
0.0236214      10.7527    -0.349056      4.91426
0.0249841      10.7527    -0.261792      3.50113
0.0260013      10.7527    -0.174528     0.227925
0.0266298      10.7527   -0.0872639      4.20566
0.0268424      10.7527            0      5.33419
0.0266298      10.7527    0.0872639     0.411314
0.0260013      10.7527     0.174528      2.26669
0.0249841      10.7527     0.261792      1.62134
0.0236214      10.7527     0.349056        2.718
0.0230806      10.6383    -0.349056      1.92304
0.0243759      10.6383    -0.261792      6.07308
0.0253417      10.6383    -0.174528     0.816369
0.0259379      10.6383   -0.0872639      1.36615
0.0261394      10.6383            0      5.61319
0.0259379      10.6383    0.0872639      3.90618
0.0253417      10.6383     0.174528      2.50165
0.0243759      10.6383     0.261792      2.23731
0.0230806      10.6383     0.349056      4.06242
0.0225549      10.5263    -0.349056      4.60601
0.0237868      10.5263    -0.261792      4.59728
0.0247042      10.5263    -0.174528      6.02022
0.02527      10.5263   -0.0872639     0.288732
0.0254612      10.5263            0      2.66626
0.02527      10.5263    0.0872639    0.0566567
0.0247042      10.5263     0.174528      4.42201
0.0237868      10.5263     0.261792      4.90635
0.0225549      10.5263     0.349056      3.54889
0.0220441      10.4167    -0.349056     0.146364
0.0232162      10.4167    -0.261792    0.0475241
0.024088      10.4167    -0.174528      6.21369
0.0246253      10.4167   -0.0872639      1.26695
0.0248068      10.4167            0      5.17303
0.0246253      10.4167    0.0872639      2.26785
0.024088      10.4167     0.174528      2.89805
0.0232162      10.4167     0.261792     0.691413
0.0220441      10.4167     0.349056      4.90867
0.0215477      10.3093    -0.349056      2.84899
0.0226633      10.3093    -0.261792      1.86669
0.0234922      10.3093    -0.174528      2.25183
0.0240027      10.3093   -0.0872639      3.03115
0.0241751      10.3093            0      2.70939
0.0240027      10.3093    0.0872639       4.3907
0.0234922      10.3093     0.174528      4.24144
0.0226633      10.3093     0.261792    0.0431704
0.0215477      10.3093     0.349056     0.496292
0.0210653      10.2041    -0.349056      2.89412
0.0221277      10.2041    -0.261792      4.88526
0.0229161      10.2041    -0.174528      5.13173
0.0234013      10.2041   -0.0872639      3.96701
0.0235651      10.2041            0      2.29252
0.0234013      10.2041    0.0872639      5.57615
0.0229161      10.2041     0.174528      1.57657
0.0221277      10.2041     0.261792     0.415426
0.0210653      10.2041     0.349056      4.56869
0.0205964       10.101    -0.349056      4.81779
0.0216085       10.101    -0.261792      5.64418
0.0223588       10.101    -0.174528      4.81796
0.0228202       10.101   -0.0872639      5.94927
0.022976       10.101            0      3.36601
0.0228202       10.101    0.0872639       6.0303
0.0223588       10.101     0.174528      6.14596
0.0216085       10.101     0.261792      3.28036
0.0205964       10.101     0.349056       5.3114
0.0201408           10    -0.349056       5.6423
0.0211053           10    -0.261792      5.85091
0.0218197           10    -0.174528      2.87535
0.0222587           10   -0.0872639      4.76981
0.0224068           10            0      5.89845
0.0222587           10    0.0872639      5.09363
0.0218197           10     0.174528      5.84565
0.0211053           10     0.261792      2.80823
0.0201408           10     0.349056      5.23931
0.019698       9.901    -0.34906      6.2062
0.020618       9.901    -0.26179      2.3224
0.021298       9.901    -0.17453      1.0729
0.021716       9.901   -0.087264      5.1719
0.021857       9.901           0      3.6885
0.021716       9.901    0.087264      6.0418
0.021298       9.901     0.17453      3.0732
0.020618       9.901     0.26179      1.5929
0.019698       9.901     0.34906      4.2613
0.019267      9.8039    -0.34906      5.7458
0.020145      9.8039    -0.26179      3.8771
0.020793      9.8039    -0.17453      2.0263
0.021191      9.8039   -0.087264      3.0819
0.021325      9.8039           0        2.56
0.021191      9.8039    0.087264     0.52739
0.020793      9.8039     0.17453      3.7193
0.020145      9.8039     0.26179      5.5229
0.019267      9.8039     0.34906      3.4764
0.018849      9.7087    -0.34906      1.8816
0.019686      9.7087    -0.26179      5.6359
0.020304      9.7087    -0.17453      4.9906
0.020683      9.7087   -0.087264      4.8744
0.020811      9.7087           0      3.7633
0.020683      9.7087    0.087264       3.501
0.020304      9.7087     0.17453      1.8831
0.019686      9.7087     0.26179      3.4409
0.018849      9.7087     0.34906      6.2317
0.018442      9.6154    -0.34906      3.0373
0.019241      9.6154    -0.26179      4.3024
0.019831      9.6154    -0.17453      3.0159
0.020192      9.6154   -0.087264      4.6904
0.020314      9.6154           0      1.3284
0.020192      9.6154    0.087264      1.5612
0.019831      9.6154     0.17453     0.61472
0.019241      9.6154     0.26179      4.4526
0.018442      9.6154     0.34906      5.3767
0.018047      9.5238    -0.34906      4.9575
0.01881      9.5238    -0.26179      4.6673
0.019372      9.5238    -0.17453     0.65671
0.019717      9.5238   -0.087264      3.2727
0.019833      9.5238           0      5.3194
0.019717      9.5238    0.087264      5.3004
0.019372      9.5238     0.17453      2.3734
0.01881      9.5238     0.26179      1.7096
0.018047      9.5238     0.34906     0.78728
